0.000010 0.997010 0.002970 0.000010
0.000010 0.984973 0.015007 0.000010
0.000010 0.996157 0.003823 0.000010
0.000010 0.999970 0.000010 0.000010
0.000010 0.999970 0.000010 0.000010
0.000010 0.999970 0.000010 0.000010
0.000010 0.999970 0.000010 0.000010
0.000010 0.999970 0.000010 0.000010
0.000010 0.982689 0.017291 0.000010
0.000010 0.993348 0.006632 0.000010
0.000010 0.996343 0.003637 0.000010
0.000010 0.999970 0.000010 0.000010
0.000010 0.987172 0.012808 0.000010
0.000010 0.984754 0.015226 0.000010
0.000010 0.990910 0.009070 0.000010
0.000010 0.999970 0.000010 0.000010
0.000010 0.991989 0.007991 0.000010
0.000010 0.999970 0.000010 0.000010
0.000010 0.999970 0.000010 0.000010
0.000010 0.999442 0.000538 0.000010
0.000010 0.995898 0.004082 0.000010
0.000010 0.999970 0.000010 0.000010
0.000010 0.991901 0.008079 0.000010
0.000010 0.999970 0.000010 0.000010
0.000010 0.991245 0.008735 0.000010
0.000010 0.996104 0.003876 0.000010
0.000010 0.999970 0.000010 0.000010
0.000010 0.999970 0.000010 0.000010
0.000010 0.986041 0.013939 0.000010
0.000010 0.988451 0.011529 0.000010
0.000010 0.980260 0.019720 0.000010
0.000010 0.999970 0.000010 0.000010
0.000010 0.999970 0.000010 0.000010
0.000010 0.996123 0.003857 0.000010
0.000010 0.999970 0.000010 0.000010
0.000010 0.999457 0.000523 0.000010
0.000010 0.999970 0.000010 0.000010
0.000010 0.999970 0.000010 0.000010
0.000010 0.986529 0.013451 0.000010
0.000010 0.989217 0.010763 0.000010
0.000010 0.996387 0.003593 0.000010
0.000010 0.993935 0.006045 0.000010
0.000010 0.992623 0.007357 0.000010
0.000010 0.991909 0.008071 0.000010
0.000010 0.999970 0.000010 0.000010
0.000010 0.990721 0.009259 0.000010
0.000010 0.988501 0.011479 0.000010
0.000010 0.999970 0.000010 0.000010
0.000010 0.999970 0.000010 0.000010
0.000010 0.997947 0.002033 0.000010
0.000010 0.999970 0.000010 0.000010
0.000010 0.999970 0.000010 0.000010
0.000010 0.934552 0.000010 0.065428
0.000010 0.946816 0.000010 0.053164
0.000010 0.958546 0.000010 0.041434
0.000010 0.935731 0.000010 0.064249
0.000010 0.926020 0.002557 0.071412
0.000010 0.936105 0.005194 0.058692
0.000010 0.938572 0.000010 0.061408
0.000010 0.936912 0.000010 0.063068
0.000010 0.925086 0.038044 0.036860
0.000010 0.935167 0.002894 0.061929
0.000010 0.941639 0.008635 0.049716
0.000010 0.930132 0.004234 0.065623
0.000010 0.945344 0.000010 0.054636
0.000010 0.927041 0.000010 0.072939
0.000010 0.949092 0.000010 0.050888
0.000010 0.947557 0.000010 0.052423
0.000010 0.934713 0.020762 0.044515
0.000010 0.999970 0.000010 0.000010
0.000010 0.999970 0.000010 0.000010
0.000010 0.993293 0.006687 0.000010
0.000010 0.995447 0.004533 0.000010
0.000010 0.999970 0.000010 0.000010
0.000010 0.999970 0.000010 0.000010
0.000010 0.996075 0.003905 0.000010
0.000010 0.994450 0.005530 0.000010
0.000010 0.999970 0.000010 0.000010
0.000010 0.992449 0.007531 0.000010
0.000010 0.993910 0.006070 0.000010
0.000010 0.994160 0.005820 0.000010
0.000010 0.998551 0.001429 0.000010
0.000010 0.993772 0.006208 0.000010
0.000010 0.995068 0.004912 0.000010
0.000010 0.994923 0.005057 0.000010
0.000010 0.999271 0.000709 0.000010
0.000010 0.999970 0.000010 0.000010
0.000010 0.999970 0.000010 0.000010
0.000010 0.992477 0.007503 0.000010
0.000010 0.994773 0.005207 0.000010
0.000010 0.999970 0.000010 0.000010
0.000010 0.999970 0.000010 0.000010
0.000010 0.999970 0.000010 0.000010
0.000010 0.999970 0.000010 0.000010
0.000010 0.999970 0.000010 0.000010
0.000010 0.999970 0.000010 0.000010
0.000010 0.999686 0.000294 0.000010
0.000010 0.991436 0.008544 0.000010
0.000010 0.999970 0.000010 0.000010
0.000010 0.999970 0.000010 0.000010
0.000010 0.938276 0.010281 0.051433
0.000010 0.927142 0.009633 0.063214
0.000010 0.962179 0.000010 0.037801
0.000010 0.931277 0.012002 0.056711
0.000010 0.916643 0.013138 0.070209
0.000010 0.906126 0.013140 0.080723
0.000010 0.951412 0.000010 0.048568
0.000010 0.960057 0.001384 0.038549
0.000010 0.958199 0.002066 0.039725
0.000010 0.943306 0.000010 0.056674
0.000010 0.969941 0.000010 0.030039
0.000010 0.937842 0.006808 0.055340
0.000010 0.945139 0.000010 0.054841
0.000010 0.936255 0.004295 0.059439
0.000010 0.934305 0.003060 0.062625
0.000010 0.944424 0.000010 0.055556
0.000010 0.931947 0.000010 0.068033
0.000010 0.924800 0.030541 0.044649
0.000010 0.919654 0.023241 0.057094
0.000010 0.931135 0.023004 0.045850
0.000010 0.959060 0.006314 0.034616
0.000010 0.929849 0.000010 0.070131
0.000010 0.947508 0.000010 0.052472
0.000010 0.959679 0.000010 0.040301
0.000010 0.970056 0.000010 0.029924
0.000010 0.940300 0.000010 0.059680
0.000010 0.941951 0.000010 0.058029
0.000010 0.957614 0.000010 0.042366
0.000010 0.940289 0.007302 0.052399
0.000010 0.947134 0.000010 0.052846
0.000010 0.933910 0.000010 0.066070
0.000010 0.925325 0.003216 0.071449
0.000010 0.943234 0.000010 0.056746
0.000010 0.936786 0.000010 0.063194
0.000010 0.941326 0.000010 0.058654
0.000010 0.940622 0.000010 0.059358
0.000010 0.957412 0.000010 0.042568
0.000010 0.953297 0.002300 0.044393
0.000010 0.949144 0.000010 0.050836
0.000010 0.944613 0.000010 0.055367
0.000010 0.936310 0.010436 0.053244
0.000010 0.964767 0.000010 0.035213
0.000010 0.952689 0.000010 0.047291
0.000010 0.930987 0.000010 0.068993
0.000010 0.964025 0.000010 0.035955
0.000010 0.943491 0.013584 0.042914
0.000010 0.942527 0.008878 0.048586
0.000010 0.913311 0.057151 0.029528
0.000010 0.934154 0.000010 0.065826
0.000010 0.934878 0.000010 0.065102
0.000010 0.980605 0.000010 0.019375
0.000010 0.941852 0.000010 0.058128
0.000010 0.953244 0.000010 0.046736
0.000010 0.940422 0.007215 0.052353
0.000010 0.958734 0.018412 0.022844
0.000010 0.942895 0.000010 0.057085
0.000010 0.940951 0.000010 0.059029
0.000010 0.958025 0.000010 0.041955
0.000010 0.944612 0.000010 0.055368
0.000010 0.956007 0.000010 0.043973
0.000010 0.924775 0.000010 0.075205
0.000010 0.960555 0.003414 0.036021
0.000010 0.931443 0.000010 0.068537
0.000010 0.939601 0.010670 0.049718
0.000010 0.954309 0.000010 0.045671
0.000010 0.933247 0.000010 0.066733
0.000010 0.938929 0.015898 0.045163
0.000010 0.942140 0.000010 0.057840
0.000010 0.935722 0.000010 0.064258
0.000010 0.936828 0.000010 0.063152
0.000010 0.940226 0.000010 0.059754
0.000010 0.953059 0.000010 0.046921
0.000010 0.928350 0.000010 0.071630
0.000010 0.940941 0.000010 0.059039
0.000010 0.967853 0.000010 0.032127
0.000010 0.944313 0.000010 0.055667
0.000010 0.959972 0.001876 0.038142
0.000010 0.973024 0.000010 0.026956
0.000010 0.953685 0.000010 0.046295
0.000010 0.939172 0.000010 0.060808
0.000010 0.933858 0.000010 0.066122
0.000010 0.946107 0.000010 0.053873
0.000010 0.000010 0.000010 0.999970
0.000010 0.000010 0.000010 0.999970
0.000010 0.000010 0.000010 0.999970
0.000012 0.000010 0.000010 0.999968
0.000010 0.000010 0.000010 0.999970
0.000010 0.000010 0.000010 0.999970
0.000010 0.000010 0.000010 0.999970
0.000010 0.000010 0.000010 0.999970
0.000010 0.000010 0.000010 0.999970
0.000010 0.000010 0.000010 0.999970
0.000010 0.000010 0.000010 0.999970
0.000010 0.000010 0.000010 0.999970
0.000010 0.000010 0.000010 0.999970
0.000010 0.000010 0.000010 0.999970
0.000010 0.000010 0.000010 0.999970
0.000011 0.000010 0.000010 0.999969
0.000010 0.000010 0.000010 0.999970
0.000010 0.000010 0.000010 0.999970
0.000010 0.000010 0.000010 0.999970
0.000010 0.000010 0.000010 0.999970
0.000010 0.000010 0.000010 0.999970
0.000010 0.000018 0.000010 0.999962
0.000010 0.000013 0.000010 0.999967
0.000010 0.000010 0.000010 0.999970
0.000010 0.000010 0.000010 0.999970
0.000010 0.000010 0.000010 0.999970
0.000010 0.000010 0.000010 0.999970
0.000015 0.000010 0.000010 0.999965
0.000010 0.000010 0.000010 0.999970
0.000010 0.000010 0.000010 0.999970
0.000010 0.000010 0.000010 0.999970
0.000010 0.000010 0.000010 0.999970
0.000010 0.000018 0.000010 0.999962
0.000010 0.000010 0.000010 0.999970
0.000010 0.000010 0.000010 0.999970
0.000010 0.000010 0.000010 0.999970
0.000010 0.000010 0.000010 0.999970
0.000010 0.000010 0.000010 0.999970
0.000010 0.000010 0.000010 0.999970
0.000010 0.000010 0.000010 0.999970
0.000010 0.000010 0.000010 0.999970
0.081275 0.819056 0.000010 0.099659
0.176978 0.699431 0.000010 0.123581
0.078083 0.845904 0.022519 0.053494
0.000010 0.000010 0.000010 0.999970
0.000010 0.000010 0.000010 0.999970
0.000010 0.000010 0.000010 0.999970
0.000010 0.000011 0.000010 0.999969
0.000010 0.000010 0.000010 0.999970
0.000010 0.000010 0.000010 0.999970
0.000010 0.000010 0.000010 0.999970
0.000010 0.000010 0.000010 0.999970
0.000016 0.000010 0.000010 0.999964
0.000010 0.000010 0.000010 0.999970
0.000010 0.011290 0.000648 0.988052
0.000010 0.000010 0.000010 0.999970
0.000010 0.000010 0.000010 0.999970
0.000010 0.000010 0.000010 0.999970
0.000010 0.000010 0.000010 0.999970
0.000010 0.000010 0.000010 0.999970
0.000010 0.000010 0.000010 0.999970
0.000019 0.000010 0.000010 0.999961
0.000017 0.000010 0.000010 0.999963
0.000010 0.000010 0.000010 0.999970
0.000010 0.000010 0.000010 0.999970
0.000010 0.000010 0.000010 0.999970
0.000010 0.000010 0.000010 0.999970
0.000010 0.000010 0.000010 0.999970
0.031520 0.020558 0.000010 0.947911
0.000010 0.000010 0.000010 0.999970
0.000010 0.000010 0.000010 0.999970
0.000010 0.000015 0.000010 0.999965
0.000010 0.000010 0.000010 0.999970
0.000010 0.000010 0.000010 0.999970
0.000010 0.000010 0.000010 0.999970
0.000010 0.000010 0.000010 0.999970
0.000010 0.000010 0.000010 0.999970
0.154241 0.770825 0.002375 0.072559
0.167967 0.737863 0.004956 0.089214
0.071622 0.844553 0.010864 0.072960
0.080522 0.813250 0.010721 0.095508
0.000010 0.000010 0.000010 0.999970
0.000010 0.000010 0.000010 0.999970
0.000010 0.000010 0.000010 0.999970
0.000010 0.000010 0.000010 0.999970
0.000010 0.000010 0.000010 0.999970
0.000010 0.000010 0.000010 0.999970
0.000010 0.000010 0.000010 0.999970
0.000019 0.000010 0.000010 0.999961
0.000010 0.000010 0.000010 0.999970
0.000010 0.000010 0.000010 0.999970
0.000010 0.000010 0.000010 0.999970
0.000010 0.000010 0.000010 0.999970
0.000010 0.000010 0.000010 0.999970
0.000010 0.000010 0.000010 0.999970
0.000010 0.000010 0.000010 0.999970
0.000010 0.000010 0.000010 0.999970
0.000010 0.000010 0.000010 0.999970
0.000010 0.000010 0.000010 0.999970
0.000010 0.000010 0.000010 0.999970
0.000010 0.000010 0.000010 0.999970
0.000014 0.000010 0.000010 0.999966
0.000010 0.000010 0.000010 0.999970
0.000010 0.000010 0.000010 0.999970
0.000010 0.000010 0.000010 0.999970
0.000010 0.000010 0.000010 0.999970
0.000010 0.000010 0.000010 0.999970
0.020115 0.928427 0.007073 0.044385
0.050603 0.856389 0.008440 0.084569
0.105774 0.767027 0.000010 0.127189
0.057517 0.880699 0.000010 0.061774
0.077057 0.861028 0.000010 0.061904
0.051256 0.914891 0.014547 0.019305
0.119962 0.791091 0.000010 0.088937
0.054092 0.900427 0.025493 0.019988
0.091719 0.766773 0.000010 0.141497
0.000010 0.000010 0.000010 0.999970
0.000010 0.000010 0.000010 0.999970
0.000010 0.000010 0.000010 0.999970
0.000010 0.000010 0.000010 0.999970
0.000010 0.000010 0.013350 0.986630
0.000010 0.000010 0.000010 0.999970
0.000010 0.000010 0.000010 0.999970
0.000010 0.000010 0.000010 0.999970
0.000010 0.000010 0.000300 0.999680
0.000010 0.000010 0.000010 0.999970
0.000010 0.000010 0.000010 0.999970
0.000010 0.000010 0.000010 0.999970
0.000010 0.000010 0.000010 0.999970
0.000010 0.000010 0.000010 0.999970
0.084336 0.864298 0.000010 0.051356
0.116708 0.808714 0.000010 0.074568
0.231655 0.698534 0.000010 0.069801
0.210021 0.669153 0.000010 0.120816
0.220087 0.662053 0.000010 0.117850
0.059475 0.846920 0.000010 0.093594
0.125533 0.809072 0.000010 0.065385
0.132015 0.769032 0.009689 0.089264
0.092015 0.833479 0.000010 0.074496
0.070371 0.844076 0.000010 0.085544
0.347606 0.557638 0.017666 0.077091
0.176624 0.754988 0.000010 0.068378
0.067584 0.853336 0.000010 0.079071
0.081508 0.825163 0.006621 0.086707
0.080933 0.818169 0.000010 0.100888
0.050606 0.859116 0.000010 0.090268
0.079144 0.842906 0.000010 0.077940
0.076824 0.831527 0.000010 0.091640
0.090327 0.869887 0.021341 0.018445
0.196880 0.691514 0.000010 0.111596
0.160817 0.755948 0.005572 0.077663
0.087962 0.786583 0.000010 0.125444
0.202451 0.694189 0.000010 0.103350
0.093765 0.810497 0.000010 0.095728
0.126244 0.791084 0.004891 0.077781
0.128987 0.754717 0.000010 0.116286
0.177013 0.749489 0.005862 0.067635
0.147131 0.760056 0.009504 0.083309
0.256398 0.661384 0.003699 0.078519
0.133734 0.792490 0.000555 0.073222
0.113269 0.807771 0.000010 0.078950
0.090585 0.816876 0.000010 0.092528
0.095428 0.827093 0.000010 0.077468
0.148410 0.754331 0.000010 0.097249
0.168339 0.756350 0.000010 0.075301
0.077957 0.828630 0.008342 0.085071
0.077472 0.859702 0.015847 0.046979
0.229298 0.704032 0.000010 0.066660
0.646522 0.316633 0.000010 0.036835
0.130416 0.781429 0.002588 0.085567
0.114167 0.791621 0.000010 0.094201
0.011022 0.949087 0.003981 0.035909
0.010318 0.800505 0.000010 0.189168
0.056165 0.867618 0.000010 0.076207
0.042631 0.760167 0.000010 0.197192
0.069439 0.805044 0.004716 0.120801
0.134487 0.679457 0.000010 0.186047
0.092500 0.726040 0.007918 0.173542
0.057980 0.796175 0.000010 0.145834
0.055744 0.782408 0.000010 0.161839
0.020392 0.875571 0.006385 0.097652
0.117045 0.738117 0.000010 0.144827
0.091045 0.734114 0.000010 0.174832
0.022839 0.748850 0.000010 0.228301
0.171671 0.640514 0.000010 0.187804
0.038643 0.786164 0.000010 0.175183
0.183173 0.580421 0.000010 0.236395
0.054592 0.798255 0.000010 0.147143
0.096850 0.611671 0.000010 0.291470
0.182320 0.709328 0.000010 0.108343
0.097133 0.792749 0.013443 0.096675
0.093176 0.835401 0.007263 0.064160
0.226571 0.685542 0.000010 0.087877
0.028522 0.884579 0.055647 0.031252
0.119029 0.785724 0.000010 0.095237
0.182919 0.732746 0.000010 0.084325
0.062143 0.897474 0.012704 0.027679
0.059732 0.872542 0.000010 0.067716
0.087349 0.818767 0.000010 0.093874
0.070038 0.796166 0.000010 0.133786
0.135748 0.774113 0.000010 0.090130
0.119020 0.790245 0.000010 0.090725
0.178436 0.664347 0.000010 0.157207
0.201518 0.659465 0.000010 0.139007
0.150424 0.708725 0.000010 0.140841
0.089477 0.783408 0.000010 0.127106
0.064768 0.856541 0.000010 0.078681
0.183524 0.728110 0.000010 0.088356
0.043631 0.886636 0.022091 0.047642
0.096711 0.797239 0.021637 0.084413
0.117290 0.817868 0.000010 0.064832
0.683600 0.269172 0.000010 0.047218
0.496454 0.437842 0.031428 0.034276
0.193396 0.695376 0.000010 0.111218
0.116732 0.807747 0.021066 0.054455
0.076440 0.722002 0.000010 0.201548
0.019333 0.809965 0.000010 0.170692
0.048426 0.815157 0.000010 0.136407
0.168125 0.648240 0.000010 0.183625
0.002289 0.885508 0.000010 0.112194
0.014180 0.809126 0.000010 0.176684
0.024877 0.887982 0.000010 0.087130
0.138731 0.664732 0.000010 0.196527
0.073583 0.769393 0.000010 0.157014
0.073126 0.770511 0.000010 0.156353
0.175049 0.618737 0.000010 0.206205
0.006093 0.967321 0.015600 0.010986
0.009275 0.757866 0.000010 0.232849
0.018024 0.824386 0.000010 0.157580
0.026394 0.815117 0.000010 0.158479
0.063224 0.801058 0.000010 0.135708
0.244984 0.676696 0.000010 0.078311
0.108815 0.771486 0.007469 0.112230
0.105985 0.764455 0.006920 0.122641
0.151238 0.735936 0.002770 0.110055
0.232107 0.676622 0.000010 0.091261
0.088821 0.845400 0.010950 0.054828
0.130417 0.795042 0.005190 0.069351
0.114311 0.784492 0.011519 0.089677
0.127900 0.815789 0.014603 0.041709
0.104368 0.773908 0.000010 0.121714
0.000010 0.999970 0.000010 0.000010
0.012436 0.597257 0.000010 0.390296
0.349183 0.506946 0.000010 0.143861
0.028644 0.712094 0.000010 0.259251
0.055878 0.801736 0.000010 0.142376
0.040247 0.702582 0.000010 0.257161
0.074229 0.673472 0.000010 0.252289
0.012521 0.813345 0.000010 0.174123
0.028123 0.853955 0.000010 0.117912
0.017029 0.880247 0.000010 0.102714
0.057104 0.759342 0.000010 0.183544
0.016354 0.795583 0.000010 0.188054
0.044078 0.800450 0.000010 0.155461
0.057388 0.788612 0.000010 0.153990
0.125276 0.723704 0.000010 0.151011
0.173940 0.617153 0.000010 0.208897
0.145901 0.679182 0.000010 0.174907
0.109929 0.721632 0.000010 0.168429
0.122100 0.539549 0.000010 0.338341
0.038266 0.767685 0.000010 0.194040
0.011696 0.828757 0.000010 0.159537
0.135741 0.669509 0.000010 0.194740
0.100660 0.703005 0.000010 0.196325
0.036045 0.718408 0.000010 0.245537
0.030209 0.832619 0.000010 0.137161
0.062590 0.799143 0.000010 0.138258
0.049100 0.856273 0.017094 0.077534
0.280321 0.535446 0.000010 0.184223
0.165179 0.723943 0.000010 0.110867
0.213246 0.695301 0.000010 0.091444
0.079350 0.842148 0.000010 0.078492
0.172519 0.707214 0.001361 0.118907
0.166228 0.739978 0.001741 0.092053
0.169688 0.711572 0.000010 0.118730
0.174132 0.715811 0.013585 0.096472
0.093918 0.820342 0.021132 0.064608
0.085585 0.785085 0.000010 0.129321
0.137281 0.730904 0.009784 0.122031
0.138538 0.748637 0.007616 0.105209
0.114802 0.720579 0.000010 0.164609
0.028328 0.812950 0.000010 0.158712
0.044282 0.623050 0.000010 0.332658
0.008727 0.924316 0.000010 0.066947
0.011137 0.952141 0.025618 0.011104
0.014928 0.709915 0.000010 0.275147
0.051447 0.583008 0.000010 0.365534
0.088112 0.716861 0.000010 0.195017
0.063023 0.768674 0.000010 0.168293
0.032345 0.716779 0.000010 0.250866
0.045124 0.700218 0.000010 0.254648
0.035706 0.713278 0.000010 0.251005
0.177293 0.578610 0.000010 0.244086
0.285872 0.505611 0.000010 0.208507
0.184071 0.614471 0.000010 0.201448
0.012836 0.867866 0.000010 0.119288
0.019513 0.869563 0.000010 0.110914
0.037385 0.878592 0.004000 0.080024
0.027959 0.900245 0.000010 0.071785
0.356522 0.482898 0.000010 0.160571
0.033755 0.734288 0.000010 0.231947
0.149189 0.761887 0.000010 0.088914
0.016664 0.897133 0.022079 0.064124
0.010090 0.896806 0.000010 0.093094
0.024080 0.849865 0.000010 0.126044
0.094643 0.638135 0.000010 0.267212
0.114207 0.633813 0.000010 0.251970
0.040108 0.736282 0.000010 0.223600
0.043404 0.736530 0.000010 0.220057
0.020404 0.948870 0.030716 0.000010
0.021510 0.965253 0.013228 0.000010
0.008329 0.976556 0.015105 0.000010
0.010863 0.984021 0.005106 0.000010
0.011604 0.975511 0.012874 0.000010
0.010194 0.979495 0.010302 0.000010
0.011796 0.988184 0.000010 0.000010
0.005324 0.981146 0.013520 0.000010
0.000957 0.994091 0.004943 0.000010
0.006049 0.993931 0.000010 0.000010
0.000010 0.999970 0.000010 0.000010
0.000010 0.999970 0.000010 0.000010
0.000010 0.999970 0.000010 0.000010
0.000010 0.999970 0.000010 0.000010
0.000010 0.999970 0.000010 0.000010
0.000010 0.999970 0.000010 0.000010
0.009602 0.983157 0.007232 0.000010
0.014983 0.981743 0.003264 0.000010
0.028400 0.953180 0.018410 0.000010
0.018321 0.981659 0.000010 0.000010
0.019642 0.967832 0.012516 0.000010
0.014087 0.974138 0.011764 0.000010
0.005916 0.994064 0.000010 0.000010
0.000010 0.996833 0.003147 0.000010
0.062931 0.797390 0.000010 0.139669
0.381840 0.466389 0.000010 0.151761
0.234278 0.542500 0.000010 0.223212
0.001654 0.541280 0.000010 0.457056
0.012016 0.676036 0.000010 0.311938
0.000010 0.563135 0.000010 0.436845
0.000010 0.368475 0.000010 0.631505
0.060406 0.662310 0.000010 0.277275
0.008802 0.596601 0.000010 0.394587
0.000010 0.194492 0.805488 0.000010
0.000010 0.215384 0.784596 0.000010
0.000010 0.224086 0.775894 0.000010
0.000010 0.271575 0.728405 0.000010
0.000010 0.000010 0.015326 0.984654
0.000010 0.000010 0.037854 0.962126
0.000010 0.000010 0.019872 0.980108
0.000010 0.000010 0.026452 0.973528
0.000010 0.000010 0.028998 0.970982
0.000010 0.000010 0.013420 0.986560
0.012966 0.972345 0.014679 0.000010
0.015308 0.972456 0.012226 0.000010
0.004204 0.980576 0.015210 0.000010
0.010173 0.989807 0.000010 0.000010
0.006362 0.973522 0.020107 0.000010
0.014186 0.985524 0.000280 0.000010
0.011595 0.988385 0.000010 0.000010
0.018519 0.975972 0.005499 0.000010
0.001175 0.974764 0.024051 0.000010
0.000996 0.974837 0.024157 0.000010
0.008213 0.975522 0.016256 0.000010
0.007509 0.968980 0.023502 0.000010
0.006426 0.972539 0.021025 0.000010
0.018418 0.981562 0.000010 0.000010
0.011181 0.983293 0.005516 0.000010
0.020372 0.962187 0.017431 0.000010
0.002002 0.978866 0.019122 0.000010
0.013672 0.947219 0.039099 0.000010
0.051866 0.917255 0.030870 0.000010
0.032675 0.937295 0.030020 0.000010
0.000010 0.999794 0.000186 0.000010
0.000010 0.986470 0.013510 0.000010
0.022310 0.950982 0.026698 0.000010
0.040101 0.949371 0.010518 0.000010
0.004127 0.973239 0.022624 0.000010
0.000010 0.993104 0.006876 0.000010
0.000010 0.999970 0.000010 0.000010
0.000010 0.997715 0.002265 0.000010
0.000010 0.999970 0.000010 0.000010
0.000010 0.999970 0.000010 0.000010
0.005402 0.994578 0.000010 0.000010
0.006183 0.989972 0.003834 0.000010
0.000010 0.999970 0.000010 0.000010
0.000010 0.995813 0.004167 0.000010
0.017958 0.972089 0.009943 0.000010
0.011569 0.973950 0.014471 0.000010
0.045598 0.949795 0.004597 0.000010
0.045107 0.938506 0.016377 0.000010
0.025370 0.952766 0.021855 0.000010
0.017385 0.964316 0.018290 0.000010
0.000010 0.999970 0.000010 0.000010
0.000010 0.999970 0.000010 0.000010
0.021044 0.950900 0.028046 0.000010
0.018010 0.965800 0.016180 0.000010
0.006934 0.973938 0.019119 0.000010
0.014308 0.966576 0.019106 0.000010
0.021006 0.978974 0.000010 0.000010
0.015948 0.952950 0.031092 0.000010
0.006164 0.993816 0.000010 0.000010
0.006196 0.993784 0.000010 0.000010
0.010911 0.967062 0.022017 0.000010
0.019955 0.969629 0.010406 0.000010
0.000012 0.981195 0.018782 0.000010
0.001977 0.983397 0.014616 0.000010
0.015537 0.967961 0.016493 0.000010
0.034620 0.930400 0.034970 0.000010
0.015233 0.961508 0.023250 0.000010
0.019177 0.959876 0.020938 0.000010
0.013040 0.986940 0.000010 0.000010
0.000010 0.999970 0.000010 0.000010
0.000010 0.977773 0.022207 0.000010
0.000010 0.992524 0.007456 0.000010
0.000010 0.987967 0.012013 0.000010
0.000010 0.982302 0.017678 0.000010
0.000010 0.995193 0.004787 0.000010
0.001234 0.983629 0.015127 0.000010
0.014985 0.970197 0.014808 0.000010
0.012268 0.984197 0.003525 0.000010
0.000010 0.979490 0.020490 0.000010
0.000010 0.989818 0.010162 0.000010
0.000010 0.999970 0.000010 0.000010
0.000010 0.985093 0.014887 0.000010
0.000010 0.989293 0.010687 0.000010
0.000010 0.000010 0.000010 0.999970
0.000010 0.000010 0.000810 0.999170
0.000010 0.000010 0.000010 0.999970
0.000010 0.000010 0.000010 0.999970
0.000010 0.000010 0.000010 0.999970
0.000010 0.000010 0.000010 0.999970
0.000010 0.000010 0.000010 0.999970
0.000010 0.000010 0.000010 0.999970
0.000010 0.000010 0.000010 0.999970
0.000010 0.000010 0.000010 0.999970
0.000010 0.000010 0.000010 0.999970
0.000010 0.000010 0.000010 0.999970
0.000010 0.000010 0.006288 0.993692
0.000010 0.000010 0.000010 0.999970
0.000010 0.000010 0.000010 0.999970
0.000010 0.000010 0.000010 0.999970
0.000010 0.000010 0.000010 0.999970
0.000011 0.000010 0.000010 0.999969
0.000010 0.000010 0.000010 0.999970
0.000010 0.000010 0.008987 0.990993
0.000010 0.000010 0.000010 0.999970
0.000010 0.000010 0.000010 0.999970
0.000010 0.000010 0.019745 0.980235
0.000010 0.000010 0.019543 0.980437
0.000010 0.000010 0.022418 0.977562
0.000010 0.000010 0.012274 0.987706
0.000010 0.000010 0.027529 0.972451
0.000010 0.000010 0.028482 0.971498
0.000010 0.000010 0.040336 0.959644
0.000010 0.000010 0.030439 0.969541
0.000010 0.000010 0.025458 0.974522
0.000010 0.000010 0.037388 0.962592
0.000010 0.000010 0.021001 0.978979
0.000010 0.000010 0.013923 0.986057
0.000015 0.000010 0.023300 0.976675
0.000010 0.000010 0.023231 0.976749
0.000010 0.000010 0.030531 0.969449
0.000010 0.000010 0.021392 0.978588
0.000010 0.000010 0.010508 0.989472
0.000010 0.000010 0.009211 0.990769
0.000010 0.000010 0.011857 0.988123
0.000010 0.000010 0.025527 0.974453
0.000010 0.000010 0.020445 0.979535
0.000010 0.000010 0.010066 0.989914
0.000010 0.000010 0.020848 0.979132
0.000010 0.000010 0.005214 0.994766
0.000010 0.000010 0.034231 0.965749
0.000010 0.000010 0.028659 0.971321
0.000010 0.000010 0.024476 0.975504
0.000010 0.000010 0.013835 0.986145
0.000010 0.000010 0.016236 0.983744
0.000010 0.000010 0.033968 0.966012
0.000010 0.000010 0.023841 0.976139
0.000010 0.000010 0.022376 0.977604
0.000010 0.000010 0.025139 0.974841
0.000010 0.000010 0.031281 0.968699
0.840093 0.155416 0.003481 0.001009
0.544107 0.057897 0.343680 0.054316
0.961201 0.038779 0.000010 0.000010
0.854017 0.137665 0.008307 0.000010
0.946889 0.053091 0.000010 0.000010
0.887829 0.106455 0.005705 0.000010
0.973583 0.026397 0.000010 0.000010
0.878481 0.113568 0.007941 0.000010
0.051943 0.462933 0.000010 0.485114
0.121677 0.506096 0.000010 0.372217
0.914599 0.082592 0.002798 0.000010
0.976292 0.018660 0.005038 0.000010
0.906418 0.087658 0.005914 0.000010
0.853087 0.146893 0.000010 0.000010
0.927958 0.055445 0.016587 0.000010
0.008257 0.426134 0.000010 0.565600
0.003239 0.494792 0.000010 0.501959
0.000010 0.345386 0.000010 0.654594
0.000010 0.479416 0.000010 0.520564
0.000010 0.367375 0.000010 0.632605
0.105525 0.380418 0.000010 0.514048
0.000010 0.329019 0.000010 0.670961
0.000010 0.369825 0.000010 0.630155
0.000010 0.476241 0.000010 0.523739
0.093706 0.432280 0.000010 0.474004
0.000011 0.513715 0.000010 0.486264
0.000010 0.322226 0.000010 0.677754
0.009263 0.485473 0.000010 0.505253
0.057495 0.388952 0.000010 0.553543
0.005145 0.435498 0.000010 0.559348
0.006642 0.262298 0.000010 0.731050
0.005934 0.472517 0.000010 0.521539
0.027083 0.553638 0.000010 0.419269
0.158765 0.336748 0.000010 0.504477
0.047061 0.378562 0.000010 0.574367
0.016735 0.337267 0.000010 0.645989
0.011915 0.392521 0.000010 0.595555
0.000010 0.387361 0.000010 0.612619
0.931893 0.068087 0.000010 0.000010
0.861037 0.135200 0.003753 0.000010
0.000010 0.324794 0.000010 0.675186
0.082297 0.520599 0.000010 0.397094
0.007323 0.571414 0.000010 0.421253
0.003897 0.346923 0.000010 0.649171
0.000010 0.561834 0.000010 0.438146
0.147040 0.468509 0.000010 0.384441
0.026103 0.434303 0.000010 0.539584
0.000010 0.351408 0.000010 0.648572
0.008736 0.538397 0.000010 0.452857
0.001619 0.472911 0.000010 0.525460
0.007618 0.526636 0.000010 0.465735
0.021768 0.487480 0.000010 0.490742
0.003928 0.469855 0.000010 0.526207
0.924524 0.071673 0.003792 0.000010
0.872403 0.127577 0.000010 0.000010
0.557818 0.440696 0.001476 0.000010
0.855339 0.135660 0.008992 0.000010
0.922575 0.071944 0.000010 0.005471
0.014782 0.488951 0.000010 0.496257
0.000010 0.385339 0.000010 0.614641
0.000010 0.414778 0.000010 0.585202
0.002426 0.476491 0.000010 0.521073
0.003108 0.448921 0.000010 0.547961
0.007496 0.428142 0.000010 0.564352
0.844822 0.155158 0.000010 0.000010
0.835598 0.164382 0.000010 0.000010
0.921754 0.078226 0.000010 0.000010
0.966942 0.026572 0.006477 0.000010
0.867878 0.132102 0.000010 0.000010
0.000010 0.000010 0.107498 0.892482
0.000010 0.000010 0.038584 0.961396
0.000010 0.000010 0.022395 0.977585
0.000010 0.000010 0.029622 0.970358
0.000010 0.000010 0.012247 0.987733
0.000010 0.000010 0.013874 0.986106
0.000010 0.000010 0.000010 0.999970
0.000010 0.000010 0.022592 0.977388
0.000010 0.000010 0.000010 0.999970
0.000010 0.000010 0.000010 0.999970
0.000010 0.000010 0.009007 0.990973
0.000010 0.000010 0.027646 0.972334
0.000010 0.000010 0.028492 0.971488
0.000010 0.000010 0.024307 0.975673
0.000010 0.000010 0.029082 0.970898
0.000010 0.000010 0.028057 0.971923
0.000010 0.000010 0.013510 0.986470
0.975353 0.022946 0.001691 0.000010
0.972220 0.027760 0.000010 0.000010
0.936855 0.058595 0.004540 0.000010
0.870681 0.129299 0.000010 0.000010
0.000010 0.000010 0.022926 0.977054
0.000010 0.000010 0.055864 0.944116
0.000010 0.000010 0.013850 0.986130
0.000010 0.000010 0.025953 0.974027
0.000010 0.000010 0.016203 0.983777
0.000010 0.000010 0.045546 0.954434
0.000010 0.000010 0.023503 0.976477
0.000010 0.000010 0.038204 0.961776
0.000010 0.000010 0.015422 0.984558
0.000010 0.000010 0.036877 0.963103
0.000010 0.000010 0.013056 0.986924
0.000010 0.000010 0.007164 0.992816
0.000010 0.000010 0.022186 0.977794
0.000010 0.000010 0.023725 0.976255
0.000010 0.000010 0.011890 0.988090
0.000010 0.000010 0.024597 0.975383
0.000010 0.000010 0.021176 0.978804
0.000010 0.000010 0.034082 0.965898
0.000010 0.000010 0.026422 0.973558
0.000010 0.000010 0.012915 0.987065
0.010901 0.544436 0.000010 0.444653
0.114330 0.516343 0.000010 0.369317
0.935620 0.056654 0.007716 0.000010
0.000010 0.392359 0.000010 0.607621
0.000010 0.361945 0.000010 0.638035
0.964195 0.035785 0.000010 0.000010
0.832070 0.154946 0.009846 0.003139
0.926506 0.073474 0.000010 0.000010
0.000010 0.000010 0.024524 0.975456
0.000010 0.000010 0.032553 0.967427
0.000010 0.000010 0.024377 0.975603
0.000010 0.000010 0.008856 0.991124
0.000010 0.000010 0.006841 0.993139
0.000010 0.000010 0.030282 0.969698
0.000010 0.000010 0.026644 0.973336
0.000010 0.000010 0.097355 0.902625
0.000010 0.000010 0.025305 0.974675
0.000010 0.000010 0.014215 0.985765
0.000014 0.000010 0.034548 0.965429
0.000019 0.000010 0.014579 0.985392
0.000010 0.000010 0.025628 0.974352
0.000010 0.000010 0.018215 0.981765
0.000010 0.000010 0.024889 0.975091
0.000010 0.000010 0.021779 0.978201
0.000010 0.072561 0.036932 0.890497
0.817684 0.174993 0.007313 0.000010
0.933248 0.064159 0.002583 0.000010
0.000010 0.413887 0.000010 0.586093
0.000010 0.381379 0.000010 0.618601
0.000010 0.000010 0.001967 0.998013
0.000010 0.000010 0.002369 0.997611
0.000010 0.000010 0.004610 0.995370
0.000010 0.000010 0.000010 0.999970
0.000010 0.000010 0.000010 0.999970
0.000010 0.000010 0.000464 0.999516
0.000017 0.000010 0.004780 0.995193
0.000010 0.000010 0.015657 0.984323
0.000010 0.000010 0.000010 0.999970
0.000010 0.000010 0.000010 0.999970
0.000010 0.000010 0.000094 0.999886
0.000010 0.000010 0.000010 0.999970
0.000010 0.000010 0.000010 0.999970
0.000010 0.000010 0.000010 0.999970
0.000010 0.000010 0.000010 0.999970
0.000010 0.000010 0.000010 0.999970
0.000010 0.000010 0.000010 0.999970
0.000010 0.000010 0.006176 0.993804
0.000010 0.000010 0.000010 0.999970
0.000010 0.000010 0.000010 0.999970
0.000010 0.999970 0.000010 0.000010
0.000010 0.999844 0.000136 0.000010
0.000010 0.967063 0.032917 0.000010
0.002166 0.981447 0.016377 0.000010
0.000010 0.970896 0.029084 0.000010
0.000010 0.986132 0.013848 0.000010
0.000010 0.984554 0.015426 0.000010
0.000010 0.981466 0.018514 0.000010
0.014568 0.985412 0.000010 0.000010
0.016537 0.980202 0.003252 0.000010
0.007249 0.974611 0.018130 0.000010
0.011999 0.973627 0.014364 0.000010
0.015706 0.972617 0.011667 0.000010
0.009389 0.912407 0.078193 0.000010
0.015078 0.544891 0.000010 0.440021
0.008040 0.633872 0.000010 0.358078
0.929037 0.063303 0.007650 0.000010
0.773979 0.215942 0.000010 0.010069
0.000010 0.337395 0.000010 0.662585
0.004095 0.437296 0.000010 0.558598
0.000010 0.375255 0.000010 0.624725
0.004628 0.357163 0.000010 0.638198
0.004705 0.332879 0.000010 0.662406
0.000010 0.313879 0.000010 0.686101
0.251697 0.348444 0.000010 0.399849
0.000010 0.355593 0.000010 0.644387
0.000010 0.540005 0.000010 0.459975
0.007181 0.382184 0.000010 0.610624
0.961916 0.038064 0.000010 0.000010
0.788121 0.206351 0.005519 0.000010
0.792592 0.199172 0.008226 0.000010
0.844142 0.150117 0.005732 0.000010
0.012747 0.454395 0.000010 0.532848
0.007564 0.496099 0.000010 0.496327
0.000019 0.347515 0.000010 0.652456
0.000010 0.420652 0.000010 0.579328
0.000010 0.417263 0.000010 0.582717
0.004432 0.456553 0.000010 0.539006
0.940117 0.047982 0.011891 0.000010
0.887667 0.112313 0.000010 0.000010
0.904375 0.088283 0.007333 0.000010
0.933865 0.063550 0.000010 0.002574
0.879185 0.120795 0.000010 0.000010
0.949734 0.049434 0.000821 0.000010
0.943237 0.039695 0.017058 0.000010
0.879993 0.108286 0.011710 0.000010
0.929940 0.069151 0.000899 0.000010
0.974371 0.012050 0.007858 0.005722
0.893074 0.095666 0.011251 0.000010
0.912068 0.087912 0.000010 0.000010
0.762348 0.224449 0.013193 0.000010
0.875774 0.120126 0.004090 0.000010
0.980301 0.019679 0.000010 0.000010
0.779839 0.219462 0.000689 0.000010
0.071046 0.530086 0.000010 0.398858
0.005543 0.437464 0.000010 0.556983
0.000010 0.000010 0.010878 0.989102
0.000010 0.000010 0.000010 0.999970
0.000010 0.000010 0.004668 0.995312
0.000010 0.000010 0.000010 0.999970
0.000010 0.000010 0.000010 0.999970
0.000010 0.000010 0.000010 0.999970
0.000010 0.000010 0.000010 0.999970
0.000010 0.000010 0.001196 0.998784
0.000010 0.000010 0.000010 0.999970
0.000010 0.000010 0.000010 0.999970
0.000010 0.000010 0.000010 0.999970
0.000010 0.000010 0.000010 0.999970
0.000010 0.000010 0.000010 0.999970
0.000010 0.000010 0.000010 0.999970
0.000010 0.000010 0.000010 0.999970
0.000010 0.000010 0.009964 0.990016
0.000010 0.000010 0.000440 0.999540
0.000010 0.000010 0.000010 0.999970
0.000010 0.000010 0.000010 0.999970
0.000010 0.000010 0.000010 0.999970
0.000010 0.000010 0.000010 0.999970
0.000010 0.000010 0.000010 0.999970
0.000010 0.000010 0.005606 0.994374
0.000010 0.000010 0.001764 0.998216
0.000010 0.000010 0.000010 0.999970
0.000010 0.000010 0.000010 0.999970
0.000010 0.000010 0.000010 0.999970
0.000010 0.000010 0.004283 0.995697
0.000010 0.000010 0.000010 0.999970
0.000010 0.000010 0.000010 0.999970
0.000010 0.000010 0.000010 0.999970
0.924603 0.057062 0.018191 0.000144
0.583408 0.415649 0.000933 0.000010
0.059869 0.554098 0.000010 0.386023
0.915945 0.077797 0.006248 0.000010
0.909354 0.089677 0.000959 0.000010
0.879223 0.103464 0.017302 0.000010
0.948069 0.043234 0.008686 0.000010
0.983389 0.004898 0.009153 0.002560
0.833802 0.160287 0.005902 0.000010
0.945408 0.054572 0.000010 0.000010
0.926995 0.072985 0.000010 0.000010
0.851808 0.125668 0.022514 0.000010
0.991041 0.000010 0.008939 0.000010
0.952649 0.030656 0.016685 0.000010
0.999970 0.000010 0.000010 0.000010
0.999970 0.000010 0.000010 0.000010
0.932680 0.054398 0.012911 0.000010
0.930004 0.069976 0.000010 0.000010
0.846582 0.143676 0.009732 0.000010
0.871100 0.128880 0.000010 0.000010
0.906211 0.093769 0.000010 0.000010
0.906473 0.077524 0.007762 0.008241
0.899839 0.100141 0.000010 0.000010
0.741040 0.258940 0.000010 0.000010
0.881316 0.118664 0.000010 0.000010
0.000010 0.248836 0.751144 0.000010
0.000010 0.178532 0.821448 0.000010
0.000010 0.219436 0.780544 0.000010
0.000010 0.284982 0.707080 0.007928
0.926466 0.073514 0.000010 0.000010
0.948864 0.045651 0.005474 0.000010
0.782714 0.216070 0.001205 0.000010
0.823477 0.166607 0.009906 0.000010
0.900678 0.094998 0.004314 0.000010
0.922692 0.068890 0.008408 0.000010
0.938473 0.061507 0.000010 0.000010
0.000010 0.000010 0.023193 0.976787
0.000010 0.000010 0.000010 0.999970
0.000010 0.000010 0.029583 0.970397
0.000010 0.000010 0.034780 0.965200
0.822880 0.173845 0.003265 0.000010
0.960849 0.032934 0.006207 0.000010
0.813266 0.166156 0.020568 0.000010
0.910117 0.087064 0.002810 0.000010
0.925467 0.064608 0.009915 0.000010
0.968634 0.028901 0.002455 0.000010
0.888866 0.111114 0.000010 0.000010
0.889247 0.095548 0.015195 0.000010
0.936808 0.042623 0.020558 0.000010
0.900797 0.081064 0.018128 0.000010
0.967466 0.010343 0.022180 0.000010
0.994493 0.000010 0.005487 0.000010
0.971471 0.026466 0.002053 0.000010
0.987318 0.000010 0.012662 0.000010
0.990860 0.000010 0.009120 0.000010
0.979577 0.018068 0.002345 0.000010
0.958762 0.037164 0.004064 0.000010
0.804687 0.195293 0.000010 0.000010
0.858396 0.141584 0.000010 0.000010
0.984848 0.004214 0.010928 0.000010
0.989897 0.000010 0.010083 0.000010
0.990125 0.004792 0.005073 0.000010
0.983722 0.000010 0.016258 0.000010
0.984568 0.010225 0.005198 0.000010
0.980519 0.000010 0.019461 0.000010
0.966295 0.019121 0.006869 0.007715
0.984013 0.003977 0.012000 0.000010
0.000010 0.246026 0.753954 0.000010
0.000010 0.107823 0.880598 0.011568
0.000010 0.124804 0.875176 0.000010
0.000010 0.185253 0.814727 0.000010
0.000010 0.238239 0.761741 0.000010
0.982641 0.000010 0.017339 0.000010
0.991415 0.000010 0.008565 0.000010
0.957241 0.042739 0.000010 0.000010
0.952749 0.047231 0.000010 0.000010
0.976443 0.023537 0.000010 0.000010
0.990534 0.000010 0.009446 0.000010
0.999970 0.000010 0.000010 0.000010
0.992914 0.000010 0.007066 0.000010
0.996827 0.000010 0.003153 0.000010
0.988024 0.001621 0.010345 0.000010
0.979110 0.020870 0.000010 0.000010
0.986119 0.013861 0.000010 0.000010
0.984467 0.013980 0.001543 0.000010
0.984405 0.008502 0.007083 0.000010
0.985766 0.000010 0.014214 0.000010
0.992157 0.000010 0.007823 0.000010
0.014351 0.281877 0.687473 0.016299
0.000010 0.303635 0.696345 0.000010
0.000010 0.197720 0.802260 0.000010
0.000010 0.220138 0.779842 0.000010
0.000010 0.287074 0.712906 0.000010
0.000010 0.286466 0.713514 0.000010
0.000010 0.170404 0.829576 0.000010
0.000010 0.164118 0.829002 0.006870
0.000010 0.199119 0.800861 0.000010
0.000010 0.201190 0.798790 0.000010
0.984997 0.007692 0.007301 0.000010
0.978962 0.016382 0.000010 0.004646
0.993229 0.006751 0.000010 0.000010
0.967773 0.032207 0.000010 0.000010
0.975771 0.019358 0.004860 0.000010
0.989736 0.000010 0.010244 0.000010
0.000010 0.249233 0.750747 0.000010
0.000010 0.272231 0.727749 0.000010
0.000010 0.066884 0.933096 0.000010
0.000010 0.052401 0.947579 0.000010
0.000010 0.008590 0.991390 0.000010
0.000010 0.036937 0.952142 0.010911
0.000010 0.285713 0.714267 0.000010
0.000010 0.274012 0.725968 0.000010
0.007630 0.274651 0.717710 0.000010
0.000010 0.172489 0.825168 0.002333
0.000010 0.235838 0.764142 0.000010
0.000010 0.251913 0.748067 0.000010
0.000010 0.241670 0.758310 0.000010
0.962313 0.019909 0.017767 0.000010
0.992141 0.000010 0.007471 0.000378
0.990786 0.003030 0.005688 0.000496
0.999968 0.000010 0.000012 0.000010
0.980375 0.010661 0.008953 0.000010
0.991974 0.007668 0.000348 0.000010
0.000010 0.044977 0.944000 0.011013
0.000010 0.038031 0.959091 0.002868
0.000010 0.027437 0.972543 0.000010
0.000010 0.011048 0.970857 0.018085
0.000010 0.149326 0.850654 0.000010
0.000010 0.205009 0.794971 0.000010
0.000010 0.254922 0.745029 0.000039
0.000010 0.240944 0.758273 0.000773
0.000010 0.256804 0.743176 0.000010
0.996775 0.000010 0.003205 0.000010
0.987418 0.001246 0.011326 0.000010
0.982718 0.000010 0.017262 0.000010
0.978166 0.021814 0.000010 0.000010
0.987066 0.012914 0.000010 0.000010
0.995833 0.000010 0.004147 0.000010
0.984974 0.003068 0.011948 0.000010
0.996725 0.000010 0.003255 0.000010
0.997991 0.000010 0.001989 0.000010
0.000010 0.111592 0.888388 0.000010
0.000010 0.044433 0.949257 0.006300
0.000010 0.038622 0.959275 0.002092
0.000010 0.056249 0.943731 0.000010
0.000010 0.026599 0.972786 0.000605
0.000010 0.038430 0.961550 0.000010
0.000010 0.000015 0.999965 0.000010
0.000010 0.032128 0.962636 0.005226
0.000010 0.038531 0.951912 0.009547
0.000010 0.031378 0.962802 0.005811
0.000010 0.000017 0.999963 0.000010
0.000010 0.000015 0.999965 0.000010
0.991409 0.000010 0.008571 0.000010
0.986630 0.000544 0.012816 0.000010
0.999970 0.000010 0.000010 0.000010
0.999970 0.000010 0.000010 0.000010
0.973689 0.026291 0.000010 0.000010
0.979846 0.015492 0.004652 0.000010
0.924459 0.075521 0.000010 0.000010
0.985090 0.011558 0.000010 0.003342
0.987375 0.000010 0.012605 0.000010
0.991819 0.004916 0.003255 0.000010
0.979306 0.018537 0.002147 0.000010
0.974574 0.007803 0.017613 0.000010
0.999970 0.000010 0.000010 0.000010
0.994230 0.000010 0.002529 0.003230
0.982186 0.002503 0.015302 0.000010
0.988276 0.000517 0.011197 0.000010
0.983705 0.008906 0.007379 0.000010
0.957517 0.031858 0.000010 0.010615
0.980586 0.019394 0.000010 0.000010
0.976966 0.016976 0.006048 0.000010
0.994943 0.000010 0.005037 0.000010
0.985628 0.006441 0.007921 0.000010
0.983008 0.000010 0.016972 0.000010
0.986527 0.000010 0.013453 0.000010
0.986645 0.001081 0.012264 0.000010
0.987634 0.000010 0.012346 0.000010
0.989181 0.005801 0.005008 0.000010
0.997057 0.000010 0.002923 0.000010
0.984156 0.012236 0.003598 0.000010
0.979616 0.000424 0.019951 0.000010
0.978791 0.000010 0.021189 0.000010
0.992757 0.000010 0.007223 0.000010
0.982034 0.005831 0.012125 0.000010
0.984887 0.000200 0.014903 0.000010
0.980877 0.013536 0.005577 0.000010
0.988700 0.000010 0.011280 0.000010
0.990225 0.000010 0.009755 0.000010
0.999970 0.000010 0.000010 0.000010
0.999970 0.000010 0.000010 0.000010
0.999970 0.000010 0.000010 0.000010
0.999970 0.000010 0.000010 0.000010
0.999970 0.000010 0.000010 0.000010
0.999970 0.000010 0.000010 0.000010
0.999970 0.000010 0.000010 0.000010
0.999970 0.000010 0.000010 0.000010
0.999970 0.000010 0.000010 0.000010
0.999970 0.000010 0.000010 0.000010
0.999970 0.000010 0.000010 0.000010
0.999970 0.000010 0.000010 0.000010
