0.000010 0.000010 0.000010 0.617196 0.000010 0.382764
0.000010 0.000010 0.000010 0.636645 0.000010 0.363315
0.000010 0.000010 0.000010 0.577241 0.000010 0.422719
0.000010 0.000010 0.000010 0.627652 0.000010 0.372308
0.000010 0.000010 0.000010 0.579760 0.000010 0.420200
0.000010 0.000010 0.000010 0.586193 0.000010 0.413767
0.000010 0.000010 0.000010 0.640635 0.000010 0.359325
0.000010 0.000010 0.000010 0.622601 0.000010 0.377359
0.000010 0.000010 0.000010 0.639530 0.000010 0.360430
0.000010 0.000010 0.000010 0.588719 0.000010 0.411241
0.000010 0.000010 0.000010 0.607698 0.000010 0.392262
0.000010 0.000010 0.000010 0.650095 0.000010 0.349865
0.000010 0.000010 0.000010 0.577631 0.000010 0.422329
0.000010 0.000010 0.000010 0.566666 0.000010 0.433294
0.000010 0.000010 0.000010 0.597577 0.000010 0.402383
0.000010 0.000010 0.000010 0.610475 0.000010 0.389485
0.000010 0.000010 0.000010 0.603025 0.000010 0.396935
0.000010 0.000010 0.000010 0.631150 0.000010 0.368810
0.000010 0.000010 0.000010 0.586511 0.000010 0.413449
0.000010 0.000010 0.000010 0.611117 0.000010 0.388843
0.000010 0.000010 0.000010 0.591171 0.000010 0.408789
0.000010 0.000010 0.000010 0.603585 0.000010 0.396375
0.000010 0.000010 0.000010 0.601403 0.000010 0.398557
0.000010 0.000010 0.000010 0.610138 0.000010 0.389822
0.000010 0.000010 0.000010 0.579945 0.000010 0.420015
0.000010 0.000010 0.000010 0.583669 0.000010 0.416291
0.000010 0.000010 0.000010 0.641103 0.000010 0.358857
0.000010 0.000010 0.000010 0.663497 0.000010 0.336463
0.000010 0.000010 0.000010 0.625079 0.000010 0.374881
0.000010 0.000010 0.000010 0.606265 0.000010 0.393695
0.000010 0.000011 0.000010 0.666005 0.000010 0.333954
0.000010 0.000010 0.000010 0.626244 0.000010 0.373716
0.000010 0.000010 0.000010 0.674529 0.000010 0.325431
0.000010 0.000010 0.000010 0.648891 0.000010 0.351069
0.000010 0.000010 0.000010 0.580210 0.000010 0.419750
0.000010 0.000010 0.000010 0.637351 0.000010 0.362609
0.000010 0.000010 0.000010 0.645725 0.000010 0.354235
0.000010 0.000010 0.000010 0.623614 0.000010 0.376346
0.000010 0.000010 0.000010 0.607962 0.000010 0.391998
0.000010 0.000010 0.000010 0.589803 0.000010 0.410157
0.000010 0.000010 0.000010 0.655339 0.000010 0.344621
0.000010 0.000010 0.000010 0.635332 0.000010 0.364628
0.000010 0.000010 0.000010 0.653791 0.000010 0.346169
0.000010 0.000010 0.000010 0.631643 0.000010 0.368317
0.000010 0.000010 0.000010 0.592470 0.000010 0.407490
0.000010 0.000010 0.000010 0.629580 0.000010 0.370380
0.000010 0.000010 0.000010 0.627739 0.000010 0.372221
0.000010 0.000010 0.000010 0.657426 0.000010 0.342534
0.000010 0.000010 0.000010 0.610606 0.000010 0.389354
0.000010 0.000010 0.000010 0.626450 0.000010 0.373510
0.000010 0.000010 0.000010 0.656384 0.000010 0.343576
0.000010 0.000010 0.000010 0.608727 0.000010 0.391233
0.000010 0.000010 0.000010 0.000010 0.005613 0.994347
0.000010 0.000010 0.000010 0.000010 0.004447 0.995513
0.000010 0.000010 0.000010 0.106153 0.000010 0.893807
0.000162 0.000010 0.000010 0.000010 0.000010 0.999798
0.002735 0.000010 0.002587 0.000010 0.005465 0.989193
0.010211 0.000010 0.000010 0.000010 0.000010 0.989749
0.003119 0.000010 0.000010 0.000010 0.000010 0.996841
0.002814 0.000010 0.000010 0.000010 0.006450 0.990707
0.000010 0.000010 0.030721 0.208999 0.000010 0.760249
0.002541 0.000010 0.000010 0.000010 0.004809 0.992620
0.000010 0.000010 0.000010 0.000010 0.000010 0.999950
0.004924 0.000010 0.000010 0.000010 0.000010 0.995036
0.000010 0.000010 0.000010 0.000010 0.000010 0.999950
0.000194 0.000010 0.000010 0.000010 0.000010 0.999766
0.000010 0.000010 0.000010 0.000010 0.000010 0.999950
0.000910 0.000010 0.000010 0.038172 0.002852 0.958046
0.002357 0.000010 0.016496 0.098357 0.000010 0.882771
0.000010 0.000010 0.000010 0.665426 0.000010 0.334534
0.000010 0.000010 0.000010 0.671835 0.000010 0.328125
0.000010 0.000010 0.000010 0.655557 0.000010 0.344403
0.000010 0.000010 0.000010 0.621056 0.000010 0.378904
0.000010 0.000010 0.000010 0.660477 0.000010 0.339483
0.000010 0.000010 0.000010 0.662092 0.000010 0.337868
0.000010 0.000010 0.000010 0.638499 0.000010 0.361461
0.000010 0.000010 0.000010 0.644072 0.000010 0.355888
0.000010 0.000010 0.000010 0.623639 0.000010 0.376321
0.000010 0.000010 0.000010 0.666499 0.000010 0.333461
0.000010 0.000010 0.000010 0.625579 0.000010 0.374381
0.000010 0.000010 0.000010 0.637295 0.000010 0.362665
0.000010 0.000010 0.000010 0.674201 0.000010 0.325759
0.000010 0.000010 0.000010 0.640921 0.000010 0.359039
0.000010 0.000010 0.000010 0.677473 0.000010 0.322487
0.000010 0.000010 0.000010 0.651864 0.000010 0.348096
0.000010 0.000010 0.000010 0.745927 0.000010 0.254033
0.000014 0.000010 0.000010 0.621642 0.000010 0.378315
0.000010 0.000010 0.000010 0.639295 0.000010 0.360665
0.000010 0.000010 0.000012 0.695183 0.000010 0.304775
0.000010 0.000010 0.000010 0.642356 0.000010 0.357604
0.000010 0.000010 0.000010 0.643276 0.000010 0.356684
0.000010 0.000010 0.000010 0.654199 0.000010 0.345761
0.000010 0.000010 0.000010 0.653078 0.000010 0.346882
0.000010 0.000010 0.000010 0.660210 0.000010 0.339750
0.000010 0.000010 0.000010 0.623419 0.000010 0.376541
0.000010 0.000010 0.000010 0.658727 0.000010 0.341233
0.000010 0.000010 0.000010 0.636947 0.000010 0.363013
0.000010 0.000010 0.000010 0.688257 0.000010 0.311703
0.000010 0.000010 0.000010 0.630446 0.000010 0.369514
0.000010 0.000010 0.000010 0.616888 0.000010 0.383072
0.000010 0.000010 0.000010 0.000010 0.000010 0.999950
0.000010 0.000010 0.000010 0.000010 0.000010 0.999950
0.000010 0.000010 0.000010 0.041017 0.000010 0.958943
0.000010 0.000010 0.000010 0.000010 0.000010 0.999950
0.003981 0.000010 0.000010 0.000010 0.000010 0.995979
0.025891 0.000010 0.000010 0.000010 0.000010 0.974069
0.000010 0.000010 0.000010 0.036893 0.000010 0.963067
0.000010 0.000010 0.000010 0.000010 0.000010 0.999950
0.000010 0.000010 0.000010 0.044582 0.000010 0.955378
0.000010 0.000010 0.000010 0.000010 0.000010 0.999950
0.000010 0.000010 0.000010 0.168063 0.000010 0.831897
0.000010 0.000010 0.000010 0.000010 0.000010 0.999950
0.000010 0.000010 0.000010 0.000010 0.000010 0.999950
0.001600 0.000010 0.000010 0.000010 0.000010 0.998360
0.000010 0.000010 0.000010 0.000010 0.000010 0.999950
0.000010 0.000010 0.000010 0.000010 0.000010 0.999950
0.000010 0.000010 0.000010 0.000010 0.000010 0.999950
0.000010 0.000010 0.012442 0.000010 0.000010 0.987518
0.000010 0.000010 0.001841 0.000010 0.000010 0.998119
0.000010 0.000010 0.000648 0.000010 0.000010 0.999312
0.000010 0.000010 0.000010 0.077169 0.000010 0.922791
0.010345 0.000010 0.000010 0.000010 0.000010 0.989615
0.000010 0.000010 0.000010 0.000010 0.000010 0.999950
0.000010 0.000010 0.000010 0.006901 0.000010 0.993059
0.000010 0.000010 0.000010 0.165971 0.000010 0.833989
0.000010 0.000010 0.000010 0.000010 0.000010 0.999950
0.000010 0.000010 0.000010 0.000010 0.001023 0.998937
0.000010 0.000010 0.000010 0.000010 0.000010 0.999950
0.000010 0.000010 0.000010 0.000010 0.000010 0.999950
0.004075 0.000010 0.000010 0.041434 0.000010 0.954461
0.008129 0.000010 0.000010 0.000010 0.000473 0.991368
0.003505 0.000010 0.000010 0.000010 0.000010 0.996455
0.000010 0.000010 0.000010 0.000010 0.000010 0.999950
0.000010 0.000010 0.000010 0.000010 0.000010 0.999950
0.000010 0.000010 0.000010 0.000010 0.000010 0.999950
0.000010 0.000010 0.000010 0.000010 0.000010 0.999950
0.000010 0.000010 0.000010 0.000010 0.000010 0.999950
0.000010 0.000010 0.000010 0.049415 0.000010 0.950545
0.000010 0.000010 0.000010 0.024255 0.000010 0.975705
0.000010 0.000010 0.000010 0.000010 0.000713 0.999247
0.000983 0.000010 0.010077 0.000406 0.000010 0.988514
0.000010 0.000010 0.000010 0.058324 0.000010 0.941636
0.000010 0.000010 0.000010 0.000010 0.000010 0.999950
0.016334 0.000010 0.000010 0.000010 0.000010 0.983626
0.000011 0.000010 0.000010 0.094212 0.000010 0.905747
0.000010 0.000010 0.000010 0.000010 0.000010 0.999950
0.000010 0.000010 0.012039 0.039523 0.000010 0.948408
0.000010 0.000010 0.049248 0.177239 0.000010 0.773483
0.000012 0.000010 0.000010 0.000010 0.000010 0.999948
0.001202 0.000010 0.000010 0.000010 0.000010 0.998758
0.000010 0.000010 0.000010 0.269998 0.000010 0.729962
0.000010 0.000010 0.000010 0.000010 0.000010 0.999950
0.000010 0.000010 0.000010 0.024387 0.000010 0.975573
0.000010 0.000010 0.000010 0.000010 0.000010 0.999950
0.000010 0.000010 0.000611 0.222331 0.000010 0.777028
0.000010 0.000010 0.000010 0.000010 0.000010 0.999950
0.000010 0.000010 0.000010 0.000010 0.000010 0.999950
0.000010 0.000010 0.000010 0.078189 0.000010 0.921771
0.004500 0.000010 0.000010 0.000010 0.000010 0.995460
0.000010 0.000010 0.000010 0.006354 0.000010 0.993606
0.000010 0.000010 0.000010 0.000010 0.001727 0.998233
0.000010 0.000010 0.000010 0.000010 0.000010 0.999950
0.000010 0.000010 0.000010 0.000010 0.000010 0.999950
0.000010 0.000010 0.007632 0.000010 0.000010 0.992328
0.000010 0.000010 0.000010 0.000010 0.000010 0.999950
0.000010 0.000010 0.000010 0.000010 0.000974 0.998986
0.000010 0.000010 0.000010 0.000010 0.000010 0.999950
0.000011 0.000010 0.000010 0.008516 0.000010 0.991442
0.000010 0.000010 0.000010 0.000010 0.000010 0.999950
0.000010 0.000010 0.000010 0.000010 0.000010 0.999950
0.000010 0.000010 0.000010 0.000010 0.004349 0.995611
0.000010 0.000010 0.000010 0.000010 0.000010 0.999950
0.006403 0.000010 0.000010 0.000010 0.002019 0.991548
0.000010 0.000010 0.000010 0.000010 0.000010 0.999950
0.000010 0.000010 0.000010 0.024764 0.000010 0.975196
0.000010 0.000010 0.000010 0.000010 0.000010 0.999950
0.000010 0.000010 0.000010 0.000010 0.000010 0.999950
0.000010 0.000010 0.000010 0.182438 0.000010 0.817522
0.000010 0.000010 0.000010 0.000010 0.000010 0.999950
0.000010 0.000010 0.000011 0.000010 0.000010 0.999949
0.000011 0.000010 0.000010 0.000010 0.000010 0.999949
0.000010 0.000010 0.000010 0.000010 0.000010 0.999950
0.999950 0.000010 0.000010 0.000010 0.000010 0.000010
0.999950 0.000010 0.000010 0.000010 0.000010 0.000010
0.999950 0.000010 0.000010 0.000010 0.000010 0.000010
0.999950 0.000010 0.000010 0.000010 0.000010 0.000010
0.999950 0.000010 0.000010 0.000010 0.000010 0.000010
0.999950 0.000010 0.000010 0.000010 0.000010 0.000010
0.999950 0.000010 0.000010 0.000010 0.000010 0.000010
0.999950 0.000010 0.000010 0.000010 0.000010 0.000010
0.999950 0.000010 0.000010 0.000010 0.000010 0.000010
0.999950 0.000010 0.000010 0.000010 0.000010 0.000010
0.999950 0.000010 0.000010 0.000010 0.000010 0.000010
0.999950 0.000010 0.000010 0.000010 0.000010 0.000010
0.999950 0.000010 0.000010 0.000010 0.000010 0.000010
0.999950 0.000010 0.000010 0.000010 0.000010 0.000010
0.999950 0.000010 0.000010 0.000010 0.000010 0.000010
0.999943 0.000010 0.000017 0.000010 0.000010 0.000010
0.999950 0.000010 0.000010 0.000010 0.000010 0.000010
0.999950 0.000010 0.000010 0.000010 0.000010 0.000010
0.999950 0.000010 0.000010 0.000010 0.000010 0.000010
0.999950 0.000010 0.000010 0.000010 0.000010 0.000010
0.999950 0.000010 0.000010 0.000010 0.000010 0.000010
0.999950 0.000010 0.000010 0.000010 0.000010 0.000010
0.999950 0.000010 0.000010 0.000010 0.000010 0.000010
0.999950 0.000010 0.000010 0.000010 0.000010 0.000010
0.999950 0.000010 0.000010 0.000010 0.000010 0.000010
0.999950 0.000010 0.000010 0.000010 0.000010 0.000010
0.999950 0.000010 0.000010 0.000010 0.000010 0.000010
0.999946 0.000014 0.000010 0.000010 0.000010 0.000010
0.999950 0.000010 0.000010 0.000010 0.000010 0.000010
0.999950 0.000010 0.000010 0.000010 0.000010 0.000010
0.999950 0.000010 0.000010 0.000010 0.000010 0.000010
0.999950 0.000010 0.000010 0.000010 0.000010 0.000010
0.999950 0.000010 0.000010 0.000010 0.000010 0.000010
0.999950 0.000010 0.000010 0.000010 0.000010 0.000010
0.999950 0.000010 0.000010 0.000010 0.000010 0.000010
0.999950 0.000010 0.000010 0.000010 0.000010 0.000010
0.999950 0.000010 0.000010 0.000010 0.000010 0.000010
0.999950 0.000010 0.000010 0.000010 0.000010 0.000010
0.999950 0.000010 0.000010 0.000010 0.000010 0.000010
0.999950 0.000010 0.000010 0.000010 0.000010 0.000010
0.999950 0.000010 0.000010 0.000010 0.000010 0.000010
0.000010 0.074374 0.000010 0.759053 0.166543 0.000010
0.000010 0.170812 0.000010 0.617156 0.212001 0.000010
0.000010 0.069873 0.009909 0.797436 0.122762 0.000010
0.999950 0.000010 0.000010 0.000010 0.000010 0.000010
0.999950 0.000010 0.000010 0.000010 0.000010 0.000010
0.999950 0.000010 0.000010 0.000010 0.000010 0.000010
0.999950 0.000010 0.000010 0.000010 0.000010 0.000010
0.999950 0.000010 0.000010 0.000010 0.000010 0.000010
0.999950 0.000010 0.000010 0.000010 0.000010 0.000010
0.999950 0.000010 0.000010 0.000010 0.000010 0.000010
0.999950 0.000010 0.000010 0.000010 0.000010 0.000010
0.999950 0.000010 0.000010 0.000010 0.000010 0.000010
0.999950 0.000010 0.000010 0.000010 0.000010 0.000010
0.974412 0.000010 0.000010 0.006252 0.019307 0.000010
0.999950 0.000010 0.000010 0.000010 0.000010 0.000010
0.999950 0.000010 0.000010 0.000010 0.000010 0.000010
0.999950 0.000010 0.000010 0.000010 0.000010 0.000010
0.999950 0.000010 0.000010 0.000010 0.000010 0.000010
0.999950 0.000010 0.000010 0.000010 0.000010 0.000010
0.999950 0.000010 0.000010 0.000010 0.000010 0.000010
0.999950 0.000010 0.000010 0.000010 0.000010 0.000010
0.999950 0.000010 0.000010 0.000010 0.000010 0.000010
0.999950 0.000010 0.000010 0.000010 0.000010 0.000010
0.999950 0.000010 0.000010 0.000010 0.000010 0.000010
0.999950 0.000010 0.000010 0.000010 0.000010 0.000010
0.999950 0.000010 0.000010 0.000010 0.000010 0.000010
0.999950 0.000010 0.000010 0.000010 0.000010 0.000010
0.947516 0.031282 0.000010 0.014881 0.000010 0.006301
0.999950 0.000010 0.000010 0.000010 0.000010 0.000010
0.999949 0.000010 0.000011 0.000010 0.000010 0.000010
0.999950 0.000010 0.000010 0.000010 0.000010 0.000010
0.999950 0.000010 0.000010 0.000010 0.000010 0.000010
0.999950 0.000010 0.000010 0.000010 0.000010 0.000010
0.999950 0.000010 0.000010 0.000010 0.000010 0.000010
0.999950 0.000010 0.000010 0.000010 0.000010 0.000010
0.999950 0.000010 0.000010 0.000010 0.000010 0.000010
0.000010 0.146070 0.000010 0.714088 0.139812 0.000010
0.000010 0.160864 0.007335 0.672846 0.158935 0.000010
0.000010 0.065578 0.005548 0.798239 0.130614 0.000010
0.000010 0.072165 0.010322 0.745952 0.171541 0.000010
0.999950 0.000010 0.000010 0.000010 0.000010 0.000010
0.999950 0.000010 0.000010 0.000010 0.000010 0.000010
0.999950 0.000010 0.000010 0.000010 0.000010 0.000010
0.999950 0.000010 0.000010 0.000010 0.000010 0.000010
0.999950 0.000010 0.000010 0.000010 0.000010 0.000010
0.999950 0.000010 0.000010 0.000010 0.000010 0.000010
0.999950 0.000010 0.000010 0.000010 0.000010 0.000010
0.999950 0.000010 0.000010 0.000010 0.000010 0.000010
0.999950 0.000010 0.000010 0.000010 0.000010 0.000010
0.999950 0.000010 0.000010 0.000010 0.000010 0.000010
0.999950 0.000010 0.000010 0.000010 0.000010 0.000010
0.999950 0.000010 0.000010 0.000010 0.000010 0.000010
0.999950 0.000010 0.000010 0.000010 0.000010 0.000010
0.999950 0.000010 0.000010 0.000010 0.000010 0.000010
0.999950 0.000010 0.000010 0.000010 0.000010 0.000010
0.999950 0.000010 0.000010 0.000010 0.000010 0.000010
0.999950 0.000010 0.000010 0.000010 0.000010 0.000010
0.999950 0.000010 0.000010 0.000010 0.000010 0.000010
0.999950 0.000010 0.000010 0.000010 0.000010 0.000010
0.999950 0.000010 0.000010 0.000010 0.000010 0.000010
0.999950 0.000010 0.000010 0.000010 0.000010 0.000010
0.999950 0.000010 0.000010 0.000010 0.000010 0.000010
0.999950 0.000010 0.000010 0.000010 0.000010 0.000010
0.999950 0.000010 0.000010 0.000010 0.000010 0.000010
0.999950 0.000010 0.000010 0.000010 0.000010 0.000010
0.999950 0.000010 0.000010 0.000010 0.000010 0.000010
0.000010 0.013085 0.000010 0.898361 0.088525 0.000010
0.004261 0.042986 0.002471 0.813067 0.137205 0.000010
0.000010 0.098801 0.000010 0.678645 0.222524 0.000010
0.000010 0.049989 0.000010 0.834142 0.115839 0.000010
0.000010 0.069333 0.000010 0.808953 0.121684 0.000010
0.000010 0.045850 0.000010 0.777303 0.057859 0.118968
0.000125 0.111909 0.000010 0.728913 0.159033 0.000010
0.000010 0.047295 0.001733 0.885563 0.065389 0.000010
0.000010 0.084716 0.000010 0.674515 0.240739 0.000010
0.999950 0.000010 0.000010 0.000010 0.000010 0.000010
0.999950 0.000010 0.000010 0.000010 0.000010 0.000010
0.999950 0.000010 0.000010 0.000010 0.000010 0.000010
0.999950 0.000010 0.000010 0.000010 0.000010 0.000010
0.990244 0.000010 0.009716 0.000010 0.000010 0.000010
0.999950 0.000010 0.000010 0.000010 0.000010 0.000010
0.999950 0.000010 0.000010 0.000010 0.000010 0.000010
0.999950 0.000010 0.000010 0.000010 0.000010 0.000010
0.999950 0.000010 0.000010 0.000010 0.000010 0.000010
0.999950 0.000010 0.000010 0.000010 0.000010 0.000010
0.999950 0.000010 0.000010 0.000010 0.000010 0.000010
0.999950 0.000010 0.000010 0.000010 0.000010 0.000010
0.999950 0.000010 0.000010 0.000010 0.000010 0.000010
0.999950 0.000010 0.000010 0.000010 0.000010 0.000010
0.000010 0.075806 0.000010 0.819842 0.104322 0.000010
0.000010 0.107585 0.000010 0.739441 0.152944 0.000010
0.000010 0.223102 0.000010 0.637428 0.139439 0.000010
0.000010 0.204676 0.000010 0.587288 0.208006 0.000010
0.000010 0.214698 0.009504 0.588169 0.187609 0.000010
0.000010 0.050853 0.000010 0.767212 0.181905 0.000010
0.000010 0.118050 0.000010 0.764057 0.117862 0.000010
0.000010 0.124761 0.003216 0.708871 0.163132 0.000010
0.000010 0.084644 0.000010 0.790385 0.124941 0.000010
0.000010 0.062262 0.000010 0.786421 0.151287 0.000010
0.000010 0.342121 0.019655 0.497732 0.140473 0.000010
0.000010 0.168527 0.000010 0.707182 0.124261 0.000010
0.000010 0.060735 0.000010 0.789695 0.149540 0.000010
0.000010 0.073334 0.002229 0.766100 0.158317 0.000010
0.000010 0.073576 0.000010 0.754281 0.172113 0.000010
0.000010 0.042190 0.000010 0.791006 0.166774 0.000010
0.000010 0.070334 0.000010 0.776948 0.152688 0.000010
0.000010 0.067971 0.000010 0.764663 0.167336 0.000010
0.000010 0.082937 0.000010 0.855439 0.061594 0.000010
0.000010 0.190729 0.004093 0.609762 0.195396 0.000010
0.000010 0.153241 0.003605 0.703232 0.139901 0.000010
0.000010 0.080711 0.000010 0.691803 0.227456 0.000010
0.000010 0.196914 0.000010 0.623278 0.179778 0.000010
0.000010 0.085699 0.000010 0.741003 0.173267 0.000010
0.000010 0.119437 0.008377 0.741543 0.130624 0.000010
0.000010 0.122423 0.000010 0.678303 0.199243 0.000010
0.001058 0.169487 0.005320 0.699023 0.125102 0.000010
0.000010 0.139466 0.003529 0.699710 0.157275 0.000010
0.000010 0.250101 0.006084 0.612878 0.130918 0.000010
0.000010 0.125487 0.000010 0.736752 0.137731 0.000010
0.000010 0.105545 0.000010 0.752305 0.142119 0.000010
0.000010 0.083172 0.000010 0.746025 0.170773 0.000010
0.000010 0.086571 0.000010 0.765595 0.147803 0.000010
0.000010 0.139516 0.000010 0.682567 0.177886 0.000010
0.000010 0.160221 0.000010 0.696188 0.143561 0.000010
0.006906 0.071003 0.007093 0.786026 0.128963 0.000010
0.002338 0.070654 0.008560 0.817085 0.089424 0.011938
0.000010 0.220264 0.000010 0.650038 0.129667 0.000010
0.000010 0.641554 0.000010 0.282995 0.075421 0.000010
0.000010 0.122556 0.005813 0.720599 0.151011 0.000010
0.000010 0.107343 0.000010 0.726915 0.165712 0.000010
0.000010 0.002515 0.000010 0.914844 0.082611 0.000010
0.000988 0.000010 0.000010 0.688441 0.310541 0.000010
0.018623 0.049192 0.000010 0.811290 0.120876 0.000010
0.000010 0.035944 0.022467 0.617689 0.323880 0.000010
0.000010 0.059920 0.000010 0.690737 0.249313 0.000010
0.000010 0.129405 0.000010 0.554228 0.316337 0.000010
0.000010 0.085440 0.021938 0.607878 0.284725 0.000010
0.000010 0.048956 0.000010 0.681478 0.269536 0.000010
0.000010 0.047954 0.004314 0.660813 0.286899 0.000010
0.000010 0.012935 0.011043 0.801865 0.174136 0.000010
0.000010 0.110670 0.005247 0.636416 0.247647 0.000010
0.000010 0.085097 0.000010 0.616400 0.298473 0.000010
0.000010 0.011265 0.000010 0.601132 0.387572 0.000010
0.000010 0.166101 0.000010 0.509474 0.324396 0.000010
0.000010 0.030651 0.000010 0.660420 0.308899 0.000010
0.000010 0.179271 0.010275 0.423048 0.387386 0.000010
0.000010 0.046957 0.000010 0.675919 0.277095 0.000010
0.000010 0.092194 0.005978 0.429493 0.472315 0.000010
0.000010 0.175356 0.000010 0.641624 0.182990 0.000010
0.000010 0.089384 0.013005 0.726933 0.170658 0.000010
0.000010 0.084419 0.000010 0.784689 0.130861 0.000010
0.000010 0.219489 0.000010 0.626694 0.153787 0.000010
0.000010 0.022274 0.037257 0.867751 0.072697 0.000010
0.000010 0.111606 0.000759 0.718862 0.168753 0.000010
0.000010 0.175312 0.000010 0.668915 0.155742 0.000010
0.000010 0.054322 0.000010 0.882260 0.063388 0.000010
0.000010 0.052756 0.000010 0.820036 0.127178 0.000010
0.000010 0.080348 0.000010 0.749975 0.169647 0.000010
0.000015 0.064539 0.000010 0.718635 0.216791 0.000010
0.000010 0.128012 0.000010 0.704965 0.166993 0.000010
0.000010 0.110321 0.000010 0.714740 0.174909 0.000010
0.000010 0.173311 0.000010 0.558507 0.268151 0.000010
0.000010 0.195492 0.001371 0.564603 0.238514 0.000010
0.000010 0.145218 0.000010 0.618002 0.236749 0.000010
0.000010 0.082888 0.000010 0.693375 0.223707 0.000010
0.000010 0.056538 0.000010 0.783618 0.159814 0.000010
0.000010 0.175913 0.000010 0.663005 0.161053 0.000010
0.000010 0.036067 0.005184 0.854064 0.104665 0.000010
0.000010 0.089906 0.016411 0.746605 0.147058 0.000010
0.000010 0.108654 0.000010 0.760156 0.131160 0.000010
0.000010 0.680944 0.000010 0.235911 0.083115 0.000010
0.000010 0.489953 0.024167 0.419244 0.066616 0.000010
0.000010 0.188283 0.000010 0.624930 0.186758 0.000010
0.000010 0.108966 0.007576 0.767953 0.115484 0.000010
0.000010 0.071123 0.000656 0.593562 0.334639 0.000010
0.005787 0.010081 0.000010 0.692820 0.291292 0.000010
0.000010 0.041130 0.000010 0.713978 0.244862 0.000010
0.000010 0.162703 0.005813 0.529559 0.301904 0.000010
0.000010 0.000010 0.000010 0.807892 0.192068 0.000010
0.000010 0.000010 0.000010 0.678823 0.321137 0.000010
0.002386 0.017073 0.000010 0.832702 0.147819 0.000010
0.000010 0.133939 0.000010 0.535890 0.330141 0.000010
0.000010 0.065278 0.000010 0.653475 0.281216 0.000010
0.000010 0.066261 0.005614 0.660203 0.267901 0.000010
0.000010 0.171797 0.015373 0.485457 0.327352 0.000010
0.000010 0.000010 0.000010 0.952240 0.047720 0.000010
0.000010 0.000010 0.001546 0.608563 0.389861 0.000010
0.000010 0.003605 0.000010 0.703128 0.293237 0.000010
0.000010 0.018131 0.000010 0.706823 0.275016 0.000010
0.000010 0.056495 0.000010 0.703251 0.240225 0.000010
0.000010 0.237079 0.000010 0.617832 0.145059 0.000010
0.000010 0.100765 0.005911 0.691106 0.202197 0.000010
0.000511 0.099360 0.019671 0.684358 0.196089 0.000010
0.000010 0.143863 0.009029 0.649214 0.197874 0.000010
0.000010 0.224736 0.000010 0.609985 0.165249 0.000010
0.004958 0.081816 0.001497 0.816217 0.095503 0.000010
0.000010 0.122399 0.000010 0.738640 0.138932 0.000010
0.000010 0.106554 0.003865 0.720503 0.169059 0.000010
0.000010 0.119364 0.000166 0.780215 0.100235 0.000010
0.003472 0.097882 0.000010 0.696197 0.202429 0.000010
0.000010 0.000010 0.000010 0.649072 0.000010 0.350888
0.000010 0.000010 0.018496 0.354414 0.616229 0.010841
0.000010 0.347485 0.000010 0.402423 0.239329 0.010743
0.000010 0.018616 0.000010 0.544978 0.436376 0.000010
0.000010 0.048137 0.000010 0.703285 0.248548 0.000010
0.000010 0.031441 0.013286 0.540783 0.414470 0.000010
0.000010 0.068508 0.000010 0.509759 0.421703 0.000010
0.000010 0.000010 0.000010 0.684656 0.315304 0.000010
0.000010 0.020679 0.000010 0.771480 0.207811 0.000010
0.000010 0.008800 0.000010 0.809212 0.181958 0.000010
0.000010 0.050712 0.000010 0.621585 0.327673 0.000010
0.000010 0.005254 0.000010 0.675776 0.318940 0.000010
0.000010 0.037070 0.000010 0.693647 0.269253 0.000010
0.000010 0.050464 0.006220 0.682454 0.260842 0.000010
0.000010 0.118691 0.009740 0.615573 0.255975 0.000010
0.000010 0.170510 0.000010 0.494041 0.335419 0.000010
0.000010 0.141034 0.011250 0.543820 0.296671 0.007215
0.007592 0.105150 0.000010 0.616728 0.270510 0.000010
0.000010 0.119800 0.000010 0.339709 0.540462 0.000010
0.000010 0.030293 0.000010 0.631493 0.338184 0.000010
0.000010 0.000010 0.000010 0.713996 0.285964 0.000010
0.000010 0.131797 0.000010 0.544510 0.323663 0.000010
0.000010 0.095786 0.000010 0.573843 0.330342 0.000010
0.000010 0.028444 0.000010 0.561971 0.409555 0.000010
0.000010 0.020121 0.000010 0.717692 0.262156 0.000010
0.000010 0.054912 0.000010 0.695911 0.249147 0.000010
0.000010 0.042715 0.007440 0.797560 0.152265 0.000010
0.000010 0.276915 0.000010 0.409782 0.313274 0.000010
0.000010 0.157617 0.000010 0.636339 0.206015 0.000010
0.000010 0.205990 0.008852 0.630802 0.154336 0.000010
0.000010 0.070903 0.000010 0.779787 0.149280 0.000010
0.000010 0.165313 0.002882 0.615055 0.216731 0.000010
0.000010 0.159148 0.000010 0.665181 0.175641 0.000010
0.005069 0.162193 0.007391 0.631551 0.193787 0.000010
0.000010 0.167226 0.012310 0.647140 0.173304 0.000010
0.000010 0.086803 0.015063 0.776283 0.121831 0.000010
0.000010 0.076884 0.000010 0.681863 0.241223 0.000010
0.000010 0.130225 0.015150 0.654093 0.200513 0.000010
0.000010 0.130967 0.009517 0.670036 0.189460 0.000010
0.000010 0.108106 0.000010 0.605253 0.286611 0.000010
0.000010 0.022834 0.008286 0.706461 0.262399 0.000010
0.000010 0.033823 0.011497 0.413891 0.540768 0.000010
0.000010 0.000010 0.000010 0.869513 0.130447 0.000010
0.000010 0.000010 0.003425 0.941773 0.054772 0.000010
0.000010 0.000010 0.026522 0.536696 0.436752 0.000010
0.000010 0.041887 0.010643 0.342733 0.604717 0.000010
0.000359 0.082939 0.000010 0.599110 0.317572 0.000010
0.000010 0.056390 0.023654 0.656263 0.263673 0.000010
0.000010 0.020641 0.000010 0.551793 0.427535 0.000010
0.000010 0.039214 0.001335 0.540461 0.418970 0.000010
0.000010 0.027171 0.000010 0.535467 0.437332 0.000010
0.000010 0.174550 0.002189 0.428932 0.394309 0.000010
0.000010 0.286231 0.000010 0.390361 0.323378 0.000010
0.000010 0.178765 0.000010 0.472950 0.348254 0.000010
0.000010 0.000010 0.000010 0.786278 0.213682 0.000010
0.000010 0.008833 0.000010 0.784362 0.206776 0.000010
0.000010 0.029396 0.000010 0.807569 0.163005 0.000010
0.000010 0.020044 0.000010 0.836028 0.143898 0.000010
0.000010 0.353897 0.000010 0.368389 0.277684 0.000010
0.000010 0.022835 0.007079 0.584649 0.385417 0.000010
0.000010 0.142520 0.000010 0.702830 0.154620 0.000010
0.000010 0.010208 0.009215 0.849596 0.130961 0.000010
0.000010 0.000010 0.000010 0.823907 0.176053 0.000010
0.000010 0.017384 0.000010 0.760618 0.221968 0.000010
0.000010 0.089252 0.000010 0.470905 0.439813 0.000010
0.000010 0.111835 0.000010 0.479549 0.408586 0.000010
0.000010 0.030089 0.000010 0.574843 0.395038 0.000010
0.000010 0.035565 0.000010 0.589764 0.374641 0.000010
0.000010 0.013947 0.018069 0.967955 0.000010 0.000010
0.000010 0.016525 0.002168 0.941044 0.000010 0.040243
0.000010 0.000010 0.000010 0.999950 0.000010 0.000010
0.002536 0.000010 0.000010 0.989926 0.007507 0.000010
0.000010 0.001681 0.014325 0.983965 0.000010 0.000010
0.000010 0.000451 0.009188 0.988168 0.002172 0.000010
0.000010 0.000010 0.000010 0.999950 0.000010 0.000010
0.000010 0.000010 0.000010 0.999950 0.000010 0.000010
0.000010 0.000010 0.000010 0.982807 0.000010 0.017153
0.000010 0.000010 0.000010 0.948047 0.000010 0.051913
0.000010 0.000010 0.000010 0.999950 0.000010 0.000010
0.000010 0.000010 0.000010 0.994541 0.000010 0.005419
0.000010 0.000010 0.000010 0.988661 0.000010 0.011299
0.000010 0.000010 0.000010 0.965411 0.000010 0.034549
0.000010 0.000010 0.000010 0.955093 0.000010 0.044867
0.000010 0.000010 0.000010 0.945505 0.000010 0.054455
0.000010 0.000010 0.000010 0.999950 0.000010 0.000010
0.000010 0.008222 0.000010 0.991738 0.000010 0.000010
0.000010 0.022838 0.007493 0.969639 0.000010 0.000010
0.000010 0.012012 0.000010 0.977187 0.000010 0.010771
0.003119 0.014904 0.000010 0.952932 0.000010 0.029025
0.000010 0.007101 0.000010 0.983948 0.000010 0.008921
0.000010 0.000010 0.000010 0.941456 0.000010 0.058504
0.000010 0.000010 0.000010 0.972222 0.000010 0.027738
0.000010 0.056923 0.000010 0.698275 0.244771 0.000010
0.000010 0.381506 0.000010 0.365753 0.252711 0.000010
0.000010 0.229145 0.024551 0.391253 0.355031 0.000010
0.000010 0.000010 0.000010 0.270219 0.729741 0.000010
0.000010 0.000010 0.020701 0.476518 0.501547 0.001215
0.000010 0.000010 0.000010 0.289958 0.710002 0.000010
0.000010 0.000010 0.000010 0.000010 0.999950 0.000010
0.000010 0.054933 0.000010 0.474235 0.470802 0.000010
0.000010 0.000010 0.000010 0.348618 0.651342 0.000010
0.000010 0.000010 0.796443 0.120937 0.000747 0.081853
0.000010 0.000010 0.773324 0.158503 0.005538 0.062615
0.000010 0.000010 0.769317 0.174567 0.002560 0.053536
0.000010 0.000010 0.721652 0.254525 0.000010 0.023793
0.989070 0.000010 0.010890 0.000010 0.000010 0.000010
0.965139 0.000010 0.034821 0.000010 0.000010 0.000010
0.982425 0.000010 0.017535 0.000010 0.000010 0.000010
0.977124 0.000010 0.022836 0.000010 0.000010 0.000010
0.974040 0.000010 0.025920 0.000010 0.000010 0.000010
0.989722 0.000010 0.010238 0.000010 0.000010 0.000010
0.000010 0.007567 0.003374 0.976668 0.008513 0.003868
0.000690 0.006594 0.000010 0.953538 0.000010 0.039158
0.000010 0.000010 0.000010 0.971338 0.000010 0.028622
0.000010 0.000010 0.000010 0.988222 0.000010 0.011738
0.000010 0.000010 0.012496 0.987464 0.000010 0.000010
0.000010 0.005425 0.000010 0.994535 0.000010 0.000010
0.000010 0.000010 0.000010 0.999950 0.000010 0.000010
0.000010 0.011519 0.000010 0.970269 0.000010 0.018182
0.000010 0.000010 0.010446 0.978818 0.000010 0.010706
0.000010 0.000010 0.001958 0.948771 0.000010 0.049241
0.002049 0.000010 0.000010 0.991703 0.000010 0.006218
0.000010 0.000010 0.002038 0.975799 0.022133 0.000010
0.000010 0.000010 0.006082 0.993878 0.000010 0.000010
0.000010 0.012795 0.000010 0.987165 0.000010 0.000010
0.000010 0.001962 0.000789 0.997219 0.000010 0.000010
0.006542 0.013949 0.000611 0.978878 0.000010 0.000010
0.000010 0.000010 0.001587 0.958724 0.003270 0.036398
0.003166 0.006677 0.022778 0.967359 0.000010 0.000010
0.005421 0.044466 0.011023 0.938471 0.000609 0.000010
0.000010 0.026379 0.018438 0.955152 0.000010 0.000010
0.000010 0.000010 0.000010 0.993799 0.006161 0.000010
0.000010 0.000010 0.000010 0.938358 0.000010 0.061602
0.000010 0.017866 0.012978 0.930025 0.000010 0.039112
0.000010 0.035055 0.002782 0.950771 0.000010 0.011372
0.000010 0.000010 0.006777 0.993183 0.000010 0.000010
0.000010 0.000010 0.000010 0.957976 0.005735 0.036259
0.000010 0.000010 0.000010 0.982801 0.000010 0.017159
0.000010 0.000010 0.000010 0.999950 0.000010 0.000010
0.000010 0.000010 0.000010 0.971791 0.000010 0.028169
0.000010 0.000010 0.000010 0.989934 0.000010 0.010026
0.000010 0.000010 0.000010 0.975883 0.000010 0.024077
0.000010 0.000010 0.000010 0.959370 0.000010 0.040590
0.000010 0.000010 0.000010 0.976237 0.000010 0.023723
0.000010 0.000010 0.000010 0.942132 0.000010 0.057828
0.000010 0.011569 0.000010 0.938580 0.000010 0.049822
0.000010 0.005403 0.003437 0.903538 0.000010 0.087602
0.000010 0.039084 0.000010 0.960876 0.000010 0.000010
0.000010 0.038794 0.008677 0.952498 0.000010 0.000010
0.000010 0.018732 0.012460 0.968778 0.000010 0.000010
0.000010 0.011926 0.000010 0.988034 0.000010 0.000010
0.000010 0.000010 0.000010 0.955083 0.000010 0.044877
0.000010 0.000010 0.000010 0.999950 0.000010 0.000010
0.000010 0.015540 0.012927 0.930621 0.000010 0.040891
0.000010 0.012482 0.003158 0.932869 0.000010 0.051471
0.000651 0.000010 0.010112 0.928280 0.000010 0.060937
0.000010 0.007040 0.006492 0.915336 0.000010 0.071111
0.000010 0.015049 0.000010 0.938607 0.000010 0.046314
0.000010 0.011326 0.015360 0.917858 0.000010 0.055437
0.000010 0.000010 0.000010 0.999950 0.000010 0.000010
0.000010 0.000010 0.000010 0.989793 0.004390 0.005788
0.009171 0.000010 0.001053 0.989746 0.000010 0.000010
0.000010 0.013396 0.000010 0.976141 0.000010 0.010433
0.000010 0.000010 0.000217 0.998826 0.000927 0.000010
0.000010 0.000010 0.000010 0.946403 0.000010 0.053557
0.000010 0.010268 0.007167 0.981809 0.000737 0.000010
0.000010 0.029748 0.024389 0.944346 0.001496 0.000010
0.000010 0.008202 0.014656 0.977112 0.000010 0.000010
0.000010 0.013869 0.010230 0.975871 0.000010 0.000010
0.000010 0.007084 0.000010 0.955000 0.000010 0.037886
0.000010 0.000010 0.000010 0.999950 0.000010 0.000010
0.000010 0.000010 0.009014 0.980114 0.000010 0.010842
0.000010 0.000010 0.000010 0.961091 0.000010 0.038869
0.000010 0.000010 0.000010 0.961894 0.001051 0.037024
0.000010 0.000010 0.002098 0.994946 0.000010 0.002926
0.000010 0.000010 0.000010 0.963956 0.000010 0.036004
0.000010 0.000010 0.000010 0.997703 0.000010 0.002257
0.000010 0.008256 0.004749 0.972677 0.000010 0.014299
0.000010 0.004195 0.000010 0.995765 0.000010 0.000010
0.000010 0.000010 0.001758 0.954565 0.000010 0.043647
0.000010 0.000010 0.000010 0.955161 0.000010 0.044799
0.000010 0.000010 0.000010 0.656915 0.000010 0.343045
0.000010 0.000010 0.000010 0.643174 0.000010 0.356786
0.000010 0.000010 0.000010 0.674759 0.000010 0.325201
0.999950 0.000010 0.000010 0.000010 0.000010 0.000010
0.999950 0.000010 0.000010 0.000010 0.000010 0.000010
0.999950 0.000010 0.000010 0.000010 0.000010 0.000010
0.999950 0.000010 0.000010 0.000010 0.000010 0.000010
0.999950 0.000010 0.000010 0.000010 0.000010 0.000010
0.999950 0.000010 0.000010 0.000010 0.000010 0.000010
0.999950 0.000010 0.000010 0.000010 0.000010 0.000010
0.999950 0.000010 0.000010 0.000010 0.000010 0.000010
0.999950 0.000010 0.000010 0.000010 0.000010 0.000010
0.999950 0.000010 0.000010 0.000010 0.000010 0.000010
0.999950 0.000010 0.000010 0.000010 0.000010 0.000010
0.999950 0.000010 0.000010 0.000010 0.000010 0.000010
0.998951 0.000010 0.001009 0.000010 0.000010 0.000010
0.999950 0.000010 0.000010 0.000010 0.000010 0.000010
0.999949 0.000010 0.000011 0.000010 0.000010 0.000010
0.999950 0.000010 0.000010 0.000010 0.000010 0.000010
0.999950 0.000010 0.000010 0.000010 0.000010 0.000010
0.999950 0.000010 0.000010 0.000010 0.000010 0.000010
0.999950 0.000010 0.000010 0.000010 0.000010 0.000010
0.994653 0.000010 0.005307 0.000010 0.000010 0.000010
0.999950 0.000010 0.000010 0.000010 0.000010 0.000010
0.999950 0.000010 0.000010 0.000010 0.000010 0.000010
0.985346 0.000010 0.014614 0.000010 0.000010 0.000010
0.985443 0.000010 0.014517 0.000010 0.000010 0.000010
0.980856 0.000010 0.019104 0.000010 0.000010 0.000010
0.993753 0.000010 0.006207 0.000010 0.000010 0.000010
0.976746 0.000010 0.023214 0.000010 0.000010 0.000010
0.974775 0.000010 0.025185 0.000010 0.000010 0.000010
0.964042 0.000010 0.035918 0.000010 0.000010 0.000010
0.973056 0.000010 0.026904 0.000010 0.000010 0.000010
0.978673 0.000010 0.021287 0.000010 0.000010 0.000010
0.966200 0.000010 0.033760 0.000010 0.000010 0.000010
0.981955 0.000010 0.018005 0.000010 0.000010 0.000010
0.989053 0.000010 0.010907 0.000010 0.000010 0.000010
0.978971 0.000010 0.020068 0.000010 0.000930 0.000010
0.979835 0.000010 0.020125 0.000010 0.000010 0.000010
0.972821 0.000010 0.027139 0.000010 0.000010 0.000010
0.981887 0.000010 0.018073 0.000010 0.000010 0.000010
0.993043 0.000010 0.006917 0.000010 0.000010 0.000010
0.995247 0.000010 0.004713 0.000010 0.000010 0.000010
0.990094 0.000010 0.009866 0.000010 0.000010 0.000010
0.976388 0.000010 0.023572 0.000010 0.000010 0.000010
0.982644 0.000010 0.017316 0.000010 0.000010 0.000010
0.992624 0.000010 0.007336 0.000010 0.000010 0.000010
0.982081 0.000010 0.017879 0.000010 0.000010 0.000010
0.998409 0.000010 0.001551 0.000010 0.000010 0.000010
0.969061 0.000010 0.030899 0.000010 0.000010 0.000010
0.975011 0.000010 0.024949 0.000010 0.000010 0.000010
0.978734 0.000010 0.021226 0.000010 0.000010 0.000010
0.990495 0.000010 0.009465 0.000010 0.000010 0.000010
0.987154 0.000010 0.012806 0.000010 0.000010 0.000010
0.969057 0.000010 0.030903 0.000010 0.000010 0.000010
0.978922 0.000010 0.021038 0.000010 0.000010 0.000010
0.981499 0.000010 0.017852 0.000619 0.000010 0.000010
0.978870 0.000010 0.021090 0.000010 0.000010 0.000010
0.973130 0.000012 0.026828 0.000010 0.000010 0.000010
0.000657 0.839609 0.000010 0.110790 0.000010 0.048924
0.050660 0.544348 0.341472 0.032035 0.003951 0.027534
0.000010 0.960558 0.000010 0.021289 0.000010 0.018123
0.000010 0.854311 0.001099 0.085624 0.000010 0.058947
0.000010 0.945913 0.000010 0.039326 0.000010 0.014731
0.000010 0.887036 0.000010 0.112924 0.000010 0.000010
0.000010 0.973001 0.000010 0.017546 0.000010 0.009423
0.000010 0.877651 0.004623 0.091422 0.001576 0.024717
0.000010 0.046286 0.000010 0.166353 0.787332 0.000010
0.000010 0.119327 0.000010 0.273363 0.607280 0.000010
0.000010 0.913633 0.000010 0.070205 0.000010 0.016131
0.000010 0.976521 0.004163 0.000010 0.002706 0.016590
0.000010 0.906482 0.001690 0.057434 0.000010 0.034374
0.000010 0.850342 0.000010 0.116774 0.006781 0.026082
0.000010 0.926577 0.015329 0.058064 0.000010 0.000010
0.000010 0.000010 0.000010 0.066157 0.933803 0.000010
0.000010 0.000010 0.000010 0.175691 0.824269 0.000010
0.000010 0.000010 0.000010 0.000010 0.999950 0.000010
0.000010 0.000010 0.000010 0.178113 0.821847 0.000010
0.000010 0.000010 0.000010 0.000010 0.999950 0.000010
0.058855 0.104713 0.000010 0.112223 0.724189 0.000010
0.000010 0.000010 0.000010 0.000010 0.999950 0.000010
0.000010 0.000010 0.000010 0.000010 0.999950 0.000010
0.000010 0.000010 0.000010 0.136596 0.863364 0.000010
0.042543 0.089842 0.000062 0.188592 0.678951 0.000010
0.000010 0.000010 0.000010 0.210884 0.789076 0.000010
0.000010 0.000010 0.000010 0.000010 0.999950 0.000010
0.000010 0.000010 0.000010 0.162137 0.837823 0.000010
0.000010 0.048381 0.000010 0.076792 0.874797 0.000010
0.000010 0.000010 0.000010 0.093207 0.906753 0.000010
0.385832 0.000010 0.000010 0.071866 0.542272 0.000010
0.000010 0.000010 0.000010 0.164382 0.835578 0.000010
0.000010 0.010066 0.016335 0.310361 0.663219 0.000010
0.052190 0.160004 0.019106 0.069794 0.698895 0.000010
0.000010 0.037598 0.008749 0.045823 0.907810 0.000010
0.000010 0.000010 0.000010 0.000010 0.999950 0.000010
0.000010 0.000010 0.000010 0.040173 0.959787 0.000010
0.000010 0.000010 0.000010 0.000010 0.992475 0.007485
0.000010 0.930843 0.000010 0.059605 0.000010 0.009521
0.000010 0.859592 0.000010 0.099618 0.002842 0.037928
0.000010 0.000010 0.000010 0.000010 0.999950 0.000010
0.000010 0.077567 0.015343 0.269363 0.637707 0.000010
0.000010 0.000010 0.000010 0.315319 0.684641 0.000010
0.000010 0.000010 0.000010 0.000010 0.999950 0.000010
0.000010 0.000010 0.000010 0.284239 0.705992 0.009740
0.000010 0.147404 0.000010 0.239035 0.613531 0.000010
0.000010 0.001501 0.003273 0.119613 0.875593 0.000010
0.000010 0.000010 0.000010 0.000010 0.999950 0.000010
0.000010 0.000010 0.005753 0.248360 0.727807 0.018061
0.000010 0.000010 0.000010 0.149403 0.850557 0.000010
0.000010 0.000010 0.001796 0.241566 0.756607 0.000010
0.000010 0.000010 0.023569 0.188589 0.787812 0.000010
0.000010 0.000010 0.000010 0.164022 0.835938 0.000010
0.000010 0.924025 0.000290 0.054517 0.000010 0.021148
0.000010 0.870544 0.000010 0.106427 0.000010 0.022999
0.000010 0.554849 0.000010 0.325392 0.000010 0.119729
0.000010 0.855613 0.005318 0.069763 0.000010 0.069286
0.001743 0.923726 0.000010 0.023796 0.000010 0.050715
0.000010 0.000010 0.007981 0.199665 0.792324 0.000010
0.000010 0.000010 0.007305 0.007584 0.975746 0.009345
0.000010 0.000010 0.000010 0.033289 0.951574 0.015107
0.000010 0.000010 0.001035 0.162102 0.836833 0.000010
0.000010 0.000010 0.000010 0.119473 0.880487 0.000010
0.000010 0.000010 0.000010 0.097003 0.902957 0.000010
0.000010 0.842476 0.000010 0.136642 0.000010 0.020852
0.000010 0.833686 0.000010 0.138747 0.000010 0.027537
0.000010 0.920012 0.000010 0.067791 0.000010 0.012167
0.000010 0.966998 0.005155 0.010298 0.000680 0.016859
0.000010 0.866098 0.000019 0.099631 0.000010 0.034232
0.895181 0.000010 0.104779 0.000010 0.000010 0.000010
0.964889 0.000010 0.035071 0.000010 0.000010 0.000010
0.982145 0.000010 0.017815 0.000010 0.000010 0.000010
0.974134 0.000010 0.025826 0.000010 0.000010 0.000010
0.990693 0.000010 0.009267 0.000010 0.000010 0.000010
0.990325 0.000010 0.009635 0.000010 0.000010 0.000010
0.999950 0.000010 0.000010 0.000010 0.000010 0.000010
0.981014 0.000010 0.018946 0.000010 0.000010 0.000010
