0.000010 0.000010 0.616923 0.383027 0.000010 0.000010 0.000010
0.000010 0.000010 0.636315 0.363635 0.000010 0.000010 0.000010
0.000010 0.000010 0.576790 0.423160 0.000010 0.000010 0.000010
0.000010 0.000010 0.627354 0.372596 0.000010 0.000010 0.000010
0.000010 0.000010 0.579374 0.420576 0.000010 0.000010 0.000010
0.000010 0.000010 0.585685 0.414265 0.000010 0.000010 0.000010
0.000011 0.000010 0.640071 0.359878 0.000010 0.000010 0.000010
0.000010 0.000010 0.622321 0.377629 0.000010 0.000010 0.000010
0.000010 0.000010 0.639161 0.360789 0.000010 0.000010 0.000010
0.000010 0.000010 0.588193 0.411757 0.000010 0.000010 0.000010
0.000011 0.000010 0.607120 0.392829 0.000010 0.000010 0.000010
0.000010 0.000011 0.649695 0.350255 0.000010 0.000010 0.000010
0.000010 0.000010 0.577353 0.422597 0.000010 0.000010 0.000010
0.000010 0.000010 0.566129 0.433820 0.000010 0.000010 0.000010
0.000010 0.000010 0.597177 0.402773 0.000010 0.000010 0.000010
0.000010 0.000010 0.610030 0.389920 0.000010 0.000010 0.000010
0.000010 0.000010 0.602496 0.397447 0.000017 0.000010 0.000010
0.000010 0.000010 0.630383 0.369567 0.000010 0.000010 0.000010
0.000010 0.000010 0.585217 0.414733 0.000010 0.000010 0.000010
0.000010 0.000010 0.610861 0.389089 0.000010 0.000010 0.000010
0.000010 0.000010 0.590684 0.409266 0.000010 0.000010 0.000010
0.000010 0.000010 0.602835 0.397115 0.000010 0.000010 0.000010
0.000010 0.000010 0.600891 0.399059 0.000010 0.000010 0.000010
0.000010 0.000010 0.609631 0.390319 0.000010 0.000010 0.000010
0.000010 0.000010 0.579794 0.420156 0.000010 0.000010 0.000010
0.000010 0.000010 0.583357 0.416593 0.000010 0.000010 0.000010
0.000010 0.000010 0.640844 0.359106 0.000010 0.000010 0.000010
0.000010 0.000010 0.663232 0.336718 0.000010 0.000010 0.000010
0.000010 0.000010 0.624700 0.375250 0.000010 0.000010 0.000010
0.000010 0.000010 0.605820 0.394130 0.000010 0.000010 0.000010
0.000010 0.000010 0.666003 0.333947 0.000010 0.000010 0.000010
0.000010 0.000010 0.625952 0.373998 0.000010 0.000010 0.000010
0.000010 0.000010 0.674417 0.325532 0.000010 0.000011 0.000010
0.000010 0.000010 0.648351 0.351599 0.000010 0.000010 0.000010
0.000011 0.000020 0.579768 0.420172 0.000010 0.000010 0.000010
0.000010 0.000010 0.637080 0.362870 0.000010 0.000010 0.000010
0.000010 0.000010 0.645627 0.354322 0.000010 0.000011 0.000010
0.000010 0.000010 0.623435 0.376515 0.000010 0.000010 0.000010
0.000010 0.000010 0.607635 0.392315 0.000010 0.000010 0.000010
0.000010 0.000010 0.589330 0.410620 0.000010 0.000010 0.000010
0.000010 0.000010 0.654858 0.345092 0.000010 0.000010 0.000010
0.000010 0.000010 0.634850 0.365100 0.000010 0.000010 0.000010
0.000010 0.000010 0.653704 0.346246 0.000010 0.000010 0.000010
0.000011 0.000010 0.631296 0.368652 0.000010 0.000010 0.000010
0.000010 0.000010 0.592098 0.407852 0.000010 0.000010 0.000010
0.000010 0.000010 0.629309 0.370641 0.000010 0.000010 0.000010
0.000010 0.000010 0.627346 0.372595 0.000019 0.000010 0.000010
0.000010 0.000010 0.657046 0.342904 0.000010 0.000010 0.000010
0.000010 0.000010 0.610546 0.389404 0.000010 0.000010 0.000010
0.000010 0.000010 0.626062 0.373888 0.000010 0.000010 0.000010
0.000010 0.000010 0.656230 0.343720 0.000010 0.000010 0.000010
0.000010 0.000010 0.608512 0.391438 0.000010 0.000010 0.000010
0.001640 0.000010 0.000010 0.993496 0.004824 0.000010 0.000010
0.000010 0.000010 0.000010 0.995448 0.004502 0.000010 0.000010
0.000013 0.000010 0.106004 0.893940 0.000013 0.000010 0.000010
0.003166 0.000010 0.000010 0.996784 0.000010 0.000010 0.000010
0.004521 0.000010 0.000010 0.988788 0.004648 0.000010 0.002013
0.011429 0.000010 0.000014 0.988517 0.000010 0.000010 0.000010
0.004040 0.000010 0.000010 0.995910 0.000010 0.000010 0.000010
0.004700 0.000010 0.000010 0.989870 0.005390 0.000010 0.000010
0.000010 0.000010 0.208892 0.760104 0.000010 0.000010 0.030964
0.006319 0.000010 0.000010 0.990902 0.002739 0.000010 0.000010
0.000013 0.000010 0.000010 0.999937 0.000010 0.000010 0.000010
0.006193 0.000010 0.000010 0.993757 0.000010 0.000010 0.000010
0.000010 0.000010 0.000010 0.999936 0.000014 0.000010 0.000010
0.004312 0.000010 0.000010 0.995638 0.000010 0.000010 0.000010
0.000010 0.000010 0.000019 0.999931 0.000010 0.000010 0.000010
0.000010 0.002642 0.038167 0.957036 0.002125 0.000010 0.000010
0.000010 0.002709 0.098216 0.882559 0.000010 0.000010 0.016486
0.000010 0.000010 0.665130 0.334820 0.000010 0.000010 0.000010
0.000010 0.000010 0.671448 0.328502 0.000010 0.000010 0.000010
0.000010 0.000010 0.655129 0.344821 0.000010 0.000010 0.000010
0.000010 0.000010 0.620586 0.379364 0.000010 0.000010 0.000010
0.000010 0.000010 0.660327 0.339623 0.000010 0.000010 0.000010
0.000010 0.000010 0.661713 0.338237 0.000010 0.000010 0.000010
0.000010 0.000010 0.637976 0.361974 0.000010 0.000010 0.000010
0.000010 0.000010 0.643350 0.356600 0.000010 0.000010 0.000010
0.000010 0.000010 0.623305 0.376645 0.000010 0.000010 0.000010
0.000010 0.000010 0.666205 0.333745 0.000010 0.000010 0.000010
0.000010 0.000010 0.625186 0.374764 0.000010 0.000010 0.000010
0.000010 0.000010 0.636951 0.362999 0.000010 0.000010 0.000010
0.000010 0.000010 0.673877 0.326073 0.000010 0.000010 0.000010
0.000010 0.000010 0.640545 0.359405 0.000010 0.000010 0.000010
0.000010 0.000010 0.677138 0.322812 0.000010 0.000010 0.000010
0.000010 0.000010 0.651311 0.348639 0.000010 0.000010 0.000010
0.000011 0.000010 0.710376 0.289573 0.000010 0.000010 0.000010
0.000010 0.000010 0.621522 0.378427 0.000010 0.000011 0.000010
0.000010 0.000010 0.638852 0.361098 0.000010 0.000010 0.000010
0.000010 0.000014 0.694700 0.305245 0.000010 0.000010 0.000010
0.000010 0.000010 0.641836 0.358114 0.000010 0.000010 0.000010
0.000010 0.000010 0.642972 0.356978 0.000010 0.000010 0.000010
0.000010 0.000010 0.653947 0.346003 0.000010 0.000010 0.000010
0.000010 0.000010 0.652315 0.347635 0.000010 0.000010 0.000010
0.000010 0.000010 0.659886 0.340064 0.000010 0.000010 0.000010
0.000010 0.000010 0.623122 0.376828 0.000010 0.000010 0.000010
0.000010 0.000010 0.658326 0.341624 0.000010 0.000010 0.000010
0.000010 0.000010 0.636863 0.363087 0.000010 0.000010 0.000010
0.000010 0.000010 0.687925 0.312025 0.000010 0.000010 0.000010
0.000010 0.000010 0.630188 0.369755 0.000017 0.000010 0.000010
0.000010 0.000010 0.616414 0.383536 0.000010 0.000010 0.000010
0.000015 0.000010 0.000010 0.999935 0.000010 0.000010 0.000010
0.000010 0.000017 0.000010 0.999933 0.000010 0.000010 0.000010
0.000010 0.000010 0.040869 0.959081 0.000010 0.000010 0.000010
0.000010 0.000010 0.000010 0.999940 0.000010 0.000010 0.000010
0.000010 0.004438 0.000010 0.995512 0.000010 0.000010 0.000010
0.015773 0.010291 0.000010 0.973896 0.000010 0.000010 0.000010
0.000010 0.000010 0.036811 0.963139 0.000010 0.000010 0.000010
0.000010 0.000010 0.000010 0.999940 0.000010 0.000010 0.000010
0.000010 0.000010 0.044355 0.955595 0.000010 0.000010 0.000010
0.000010 0.000010 0.000010 0.999940 0.000010 0.000010 0.000010
0.000010 0.000010 0.167916 0.832034 0.000010 0.000010 0.000010
0.000010 0.000011 0.000010 0.999939 0.000011 0.000010 0.000010
0.000010 0.000010 0.000010 0.999940 0.000010 0.000010 0.000010
0.000010 0.002301 0.000010 0.997649 0.000010 0.000010 0.000010
0.000010 0.000010 0.000010 0.999940 0.000010 0.000010 0.000010
0.000010 0.000010 0.000010 0.999940 0.000010 0.000010 0.000010
0.000010 0.000010 0.000010 0.999940 0.000010 0.000010 0.000010
0.000010 0.000010 0.000010 0.987091 0.000010 0.000010 0.012859
0.000010 0.000010 0.000010 0.997675 0.000010 0.000010 0.002275
0.000010 0.000010 0.000010 0.998804 0.000010 0.000010 0.001146
0.000010 0.000010 0.076944 0.923006 0.000010 0.000010 0.000010
0.011381 0.000010 0.000010 0.988569 0.000010 0.000010 0.000010
0.000010 0.000010 0.000010 0.999940 0.000010 0.000010 0.000010
0.000010 0.000010 0.006773 0.993177 0.000010 0.000010 0.000010
0.000010 0.000010 0.165786 0.834164 0.000010 0.000010 0.000010
0.002315 0.000010 0.000010 0.997635 0.000010 0.000010 0.000010
0.000010 0.000010 0.000010 0.998916 0.001034 0.000010 0.000010
0.000010 0.000010 0.000010 0.999940 0.000010 0.000010 0.000010
0.000010 0.000010 0.000010 0.999940 0.000010 0.000010 0.000010
0.000015 0.004833 0.040983 0.954138 0.000010 0.000010 0.000010
0.000010 0.009261 0.000010 0.990501 0.000198 0.000010 0.000010
0.000010 0.005715 0.000010 0.994235 0.000010 0.000010 0.000010
0.000010 0.000010 0.000010 0.999940 0.000010 0.000010 0.000010
0.000010 0.000010 0.000010 0.999940 0.000010 0.000010 0.000010
0.000010 0.000010 0.000010 0.999940 0.000010 0.000010 0.000010
0.000010 0.000010 0.000010 0.999940 0.000010 0.000010 0.000010
0.000010 0.000010 0.000010 0.999940 0.000010 0.000010 0.000010
0.000010 0.000010 0.049328 0.950622 0.000010 0.000010 0.000010
0.000010 0.000010 0.024378 0.975572 0.000010 0.000010 0.000010
0.001355 0.000010 0.000010 0.998587 0.000018 0.000010 0.000010
0.001452 0.000010 0.000491 0.987922 0.000010 0.000010 0.010105
0.000010 0.000010 0.058347 0.941603 0.000010 0.000010 0.000010
0.000010 0.000010 0.000010 0.999940 0.000010 0.000010 0.000010
0.017521 0.000010 0.000010 0.982429 0.000010 0.000010 0.000010
0.000010 0.000010 0.094230 0.905720 0.000010 0.000010 0.000010
0.000012 0.000010 0.000010 0.999938 0.000010 0.000010 0.000010
0.000010 0.000010 0.039495 0.948117 0.000010 0.000010 0.012348
0.000010 0.000013 0.177011 0.773456 0.000010 0.000010 0.049491
0.003507 0.000010 0.000010 0.996443 0.000010 0.000010 0.000010
0.000010 0.001756 0.000010 0.998194 0.000010 0.000010 0.000010
0.000010 0.000010 0.269829 0.730121 0.000010 0.000010 0.000010
0.000010 0.000010 0.000010 0.999940 0.000010 0.000010 0.000010
0.000010 0.000010 0.024446 0.975504 0.000010 0.000010 0.000010
0.000010 0.000010 0.000010 0.999940 0.000010 0.000010 0.000010
0.000010 0.000010 0.222078 0.777002 0.000010 0.000010 0.000881
0.000010 0.000010 0.000010 0.999940 0.000010 0.000010 0.000010
0.000010 0.000010 0.000010 0.999938 0.000012 0.000010 0.000010
0.000010 0.000010 0.078191 0.921759 0.000010 0.000010 0.000010
0.000010 0.004885 0.000010 0.995065 0.000010 0.000010 0.000010
0.000010 0.000010 0.006547 0.993403 0.000010 0.000010 0.000010
0.000010 0.000010 0.000010 0.998063 0.001887 0.000010 0.000010
0.000010 0.000010 0.000010 0.999940 0.000010 0.000010 0.000010
0.000010 0.000010 0.000010 0.999940 0.000010 0.000010 0.000010
0.000010 0.000010 0.000010 0.991953 0.000010 0.000010 0.007997
0.000010 0.000010 0.000010 0.999940 0.000010 0.000010 0.000010
0.003448 0.000010 0.000010 0.996502 0.000010 0.000010 0.000010
0.000010 0.000010 0.000010 0.999940 0.000010 0.000010 0.000010
0.001084 0.000010 0.008460 0.990415 0.000010 0.000010 0.000010
0.000010 0.000010 0.000010 0.999940 0.000010 0.000010 0.000010
0.000010 0.000010 0.000010 0.999940 0.000010 0.000010 0.000010
0.000010 0.000010 0.000010 0.995440 0.004510 0.000010 0.000010
0.000010 0.000010 0.000010 0.999940 0.000010 0.000010 0.000010
0.010150 0.000010 0.000010 0.989800 0.000010 0.000010 0.000010
0.000010 0.000011 0.000010 0.999939 0.000010 0.000010 0.000010
0.000010 0.000010 0.024727 0.975223 0.000010 0.000010 0.000010
0.000014 0.000010 0.000010 0.999936 0.000010 0.000010 0.000010
0.000010 0.000010 0.000010 0.999940 0.000010 0.000010 0.000010
0.000010 0.000010 0.182308 0.817642 0.000010 0.000010 0.000010
0.000010 0.000010 0.000010 0.999940 0.000010 0.000010 0.000010
0.000010 0.000010 0.000010 0.999940 0.000010 0.000010 0.000010
0.000217 0.000010 0.000010 0.999733 0.000010 0.000010 0.000010
0.000013 0.000010 0.000010 0.999937 0.000010 0.000010 0.000010
0.383323 0.616623 0.000010 0.000010 0.000014 0.000010 0.000010
0.425640 0.574310 0.000010 0.000010 0.000010 0.000010 0.000010
0.352717 0.647233 0.000010 0.000010 0.000010 0.000010 0.000010
0.358264 0.641686 0.000010 0.000010 0.000010 0.000010 0.000010
0.372486 0.627462 0.000012 0.000010 0.000010 0.000010 0.000010
0.357281 0.642669 0.000010 0.000010 0.000010 0.000010 0.000010
0.354393 0.645557 0.000010 0.000010 0.000010 0.000010 0.000010
0.427278 0.572672 0.000010 0.000010 0.000010 0.000010 0.000010
0.363501 0.636449 0.000010 0.000010 0.000010 0.000010 0.000010
0.375950 0.624000 0.000010 0.000010 0.000010 0.000010 0.000010
0.367597 0.632353 0.000010 0.000010 0.000010 0.000010 0.000010
0.383026 0.616924 0.000010 0.000010 0.000010 0.000010 0.000010
0.362938 0.637012 0.000010 0.000010 0.000010 0.000010 0.000010
0.395541 0.604407 0.000012 0.000010 0.000010 0.000010 0.000010
0.380086 0.619864 0.000010 0.000010 0.000010 0.000010 0.000010
0.386438 0.613512 0.000010 0.000010 0.000010 0.000010 0.000010
0.383677 0.616273 0.000010 0.000010 0.000010 0.000010 0.000010
0.382719 0.617231 0.000010 0.000010 0.000010 0.000010 0.000010
0.424016 0.575934 0.000010 0.000010 0.000010 0.000010 0.000010
0.364511 0.635439 0.000010 0.000010 0.000010 0.000010 0.000010
0.357828 0.642120 0.000011 0.000010 0.000010 0.000010 0.000010
0.377367 0.622583 0.000010 0.000010 0.000010 0.000010 0.000010
0.360885 0.639061 0.000013 0.000010 0.000010 0.000010 0.000010
0.395470 0.604480 0.000010 0.000010 0.000010 0.000010 0.000010
0.354632 0.645318 0.000010 0.000010 0.000010 0.000010 0.000010
0.358876 0.641074 0.000010 0.000010 0.000010 0.000010 0.000010
0.390699 0.609251 0.000010 0.000010 0.000010 0.000010 0.000010
0.375033 0.624917 0.000010 0.000010 0.000010 0.000010 0.000010
0.362658 0.637291 0.000011 0.000010 0.000010 0.000010 0.000010
0.363195 0.636755 0.000010 0.000010 0.000010 0.000010 0.000010
0.442962 0.556988 0.000010 0.000010 0.000010 0.000010 0.000010
0.343065 0.656885 0.000010 0.000010 0.000010 0.000010 0.000010
0.426847 0.573102 0.000010 0.000010 0.000011 0.000010 0.000010
0.388080 0.611870 0.000010 0.000010 0.000010 0.000010 0.000010
0.323543 0.676405 0.000010 0.000012 0.000010 0.000010 0.000010
0.360863 0.639087 0.000010 0.000010 0.000010 0.000010 0.000010
0.367926 0.632017 0.000017 0.000010 0.000010 0.000010 0.000010
0.341242 0.658708 0.000010 0.000010 0.000010 0.000010 0.000010
0.385172 0.614778 0.000010 0.000010 0.000010 0.000010 0.000010
0.383842 0.616099 0.000011 0.000010 0.000018 0.000010 0.000010
0.343096 0.656854 0.000010 0.000010 0.000010 0.000010 0.000010
0.000010 0.000010 0.759011 0.000010 0.166653 0.074296 0.000010
0.000010 0.000010 0.616977 0.000010 0.212249 0.170733 0.000010
0.000010 0.000010 0.797347 0.000010 0.122827 0.069803 0.009993
0.442090 0.557860 0.000010 0.000010 0.000010 0.000010 0.000010
0.437215 0.562735 0.000010 0.000010 0.000010 0.000010 0.000010
0.515200 0.484750 0.000010 0.000010 0.000010 0.000010 0.000010
0.387906 0.612044 0.000010 0.000010 0.000010 0.000010 0.000010
0.425426 0.574524 0.000010 0.000010 0.000010 0.000010 0.000010
0.423281 0.576669 0.000010 0.000010 0.000010 0.000010 0.000010
0.452649 0.547301 0.000010 0.000010 0.000010 0.000010 0.000010
0.280785 0.719165 0.000010 0.000010 0.000010 0.000010 0.000010
0.419627 0.580323 0.000010 0.000010 0.000010 0.000010 0.000010
0.319831 0.680118 0.000011 0.000010 0.000010 0.000010 0.000010
0.645876 0.341240 0.002098 0.000010 0.010756 0.000010 0.000010
0.455633 0.544317 0.000010 0.000010 0.000010 0.000010 0.000010
0.440459 0.559491 0.000010 0.000010 0.000010 0.000010 0.000010
0.464897 0.535053 0.000010 0.000010 0.000010 0.000010 0.000010
0.386398 0.613552 0.000010 0.000010 0.000010 0.000010 0.000010
0.520040 0.479910 0.000010 0.000010 0.000010 0.000010 0.000010
0.415109 0.584841 0.000010 0.000010 0.000010 0.000010 0.000010
0.459600 0.540350 0.000010 0.000010 0.000010 0.000010 0.000010
0.448200 0.551750 0.000010 0.000010 0.000010 0.000010 0.000010
0.435717 0.564233 0.000010 0.000010 0.000010 0.000010 0.000010
0.386994 0.612956 0.000010 0.000010 0.000010 0.000010 0.000010
0.424226 0.575724 0.000010 0.000010 0.000010 0.000010 0.000010
0.382702 0.617248 0.000010 0.000010 0.000010 0.000010 0.000010
0.386837 0.613113 0.000010 0.000010 0.000010 0.000010 0.000010
0.400131 0.548552 0.014728 0.005458 0.000010 0.031111 0.000010
0.436130 0.563820 0.000010 0.000010 0.000010 0.000010 0.000010
0.316882 0.683064 0.000014 0.000010 0.000010 0.000010 0.000010
0.435137 0.564813 0.000010 0.000010 0.000010 0.000010 0.000010
0.367066 0.632884 0.000010 0.000010 0.000010 0.000010 0.000010
0.414127 0.585823 0.000010 0.000010 0.000010 0.000010 0.000010
0.389862 0.610086 0.000010 0.000013 0.000010 0.000010 0.000010
0.375404 0.624543 0.000010 0.000010 0.000010 0.000012 0.000010
0.409181 0.590769 0.000010 0.000010 0.000010 0.000010 0.000010
0.000010 0.000010 0.714019 0.000010 0.139936 0.146005 0.000010
0.000010 0.000010 0.672681 0.000010 0.159053 0.160796 0.007440
0.000010 0.000010 0.798153 0.000010 0.130689 0.065518 0.005610
0.000010 0.000010 0.745721 0.000010 0.171729 0.072077 0.010443
0.215330 0.784620 0.000010 0.000010 0.000010 0.000010 0.000010
0.260446 0.739504 0.000010 0.000010 0.000010 0.000010 0.000010
0.250265 0.749685 0.000010 0.000010 0.000010 0.000010 0.000010
0.285247 0.714703 0.000010 0.000010 0.000010 0.000010 0.000010
0.270834 0.729116 0.000010 0.000010 0.000010 0.000010 0.000010
0.236192 0.763758 0.000010 0.000010 0.000010 0.000010 0.000010
0.260584 0.739366 0.000010 0.000010 0.000010 0.000010 0.000010
0.257730 0.742220 0.000010 0.000010 0.000010 0.000010 0.000010
0.251068 0.748882 0.000010 0.000010 0.000010 0.000010 0.000010
0.264045 0.735905 0.000010 0.000010 0.000010 0.000010 0.000010
0.270423 0.729527 0.000010 0.000010 0.000010 0.000010 0.000010
0.269154 0.730796 0.000010 0.000010 0.000010 0.000010 0.000010
0.276704 0.723246 0.000010 0.000010 0.000010 0.000010 0.000010
0.233933 0.766017 0.000010 0.000010 0.000010 0.000010 0.000010
0.243666 0.756284 0.000010 0.000010 0.000010 0.000010 0.000010
0.277415 0.722535 0.000010 0.000010 0.000010 0.000010 0.000010
0.235171 0.764779 0.000010 0.000010 0.000010 0.000010 0.000010
0.307455 0.692495 0.000010 0.000010 0.000010 0.000010 0.000010
0.298413 0.701537 0.000010 0.000010 0.000010 0.000010 0.000010
0.246176 0.753774 0.000010 0.000010 0.000010 0.000010 0.000010
0.277003 0.722947 0.000010 0.000010 0.000010 0.000010 0.000010
0.243329 0.756621 0.000010 0.000010 0.000010 0.000010 0.000010
0.270475 0.729475 0.000010 0.000010 0.000010 0.000010 0.000010
0.247665 0.752285 0.000010 0.000010 0.000010 0.000010 0.000010
0.239616 0.760334 0.000010 0.000010 0.000010 0.000010 0.000010
0.253115 0.746835 0.000010 0.000010 0.000010 0.000010 0.000010
0.000010 0.000010 0.898297 0.000010 0.088646 0.013017 0.000010
0.006911 0.000010 0.813222 0.000010 0.136070 0.042826 0.000950
0.000010 0.000010 0.678345 0.000010 0.222910 0.098705 0.000010
0.000010 0.000010 0.834105 0.000010 0.115925 0.049929 0.000010
0.000010 0.000010 0.808849 0.000010 0.121837 0.069273 0.000010
0.000010 0.000010 0.777388 0.118909 0.057852 0.045821 0.000010
0.000010 0.000894 0.728576 0.000010 0.158753 0.111747 0.000010
0.000010 0.000010 0.885555 0.000010 0.065453 0.047258 0.001704
0.000010 0.000010 0.674352 0.000010 0.241009 0.084599 0.000010
0.000010 0.999940 0.000010 0.000010 0.000010 0.000010 0.000010
0.000010 0.999940 0.000010 0.000010 0.000010 0.000010 0.000010
0.000010 0.999940 0.000010 0.000010 0.000010 0.000010 0.000010
0.000010 0.999940 0.000010 0.000010 0.000010 0.000010 0.000010
0.000010 0.999940 0.000010 0.000010 0.000010 0.000010 0.000010
0.000010 0.999940 0.000010 0.000010 0.000010 0.000010 0.000010
0.000010 0.999940 0.000010 0.000010 0.000010 0.000010 0.000010
0.000010 0.999940 0.000010 0.000010 0.000010 0.000010 0.000010
0.016987 0.982963 0.000010 0.000010 0.000010 0.000010 0.000010
0.000010 0.999940 0.000010 0.000010 0.000010 0.000010 0.000010
0.000010 0.999940 0.000010 0.000010 0.000010 0.000010 0.000010
0.000010 0.999940 0.000010 0.000010 0.000010 0.000010 0.000010
0.000010 0.999940 0.000010 0.000010 0.000010 0.000010 0.000010
0.000010 0.999940 0.000010 0.000010 0.000010 0.000010 0.000010
0.000010 0.000010 0.819739 0.000010 0.104474 0.075747 0.000010
0.000010 0.000010 0.739273 0.000010 0.153171 0.107516 0.000010
0.000010 0.000010 0.637335 0.000010 0.139593 0.223033 0.000010
0.000010 0.000010 0.587119 0.000010 0.208241 0.204600 0.000010
0.000010 0.000010 0.587990 0.000010 0.187854 0.214624 0.009502
0.000010 0.000010 0.767145 0.000010 0.182049 0.050765 0.000010
0.000010 0.000010 0.764021 0.000010 0.117946 0.117993 0.000010
0.000010 0.000010 0.708824 0.000010 0.163258 0.124687 0.003201
0.000010 0.000010 0.790355 0.000010 0.125024 0.084581 0.000010
0.000010 0.000010 0.786350 0.000010 0.151422 0.062188 0.000010
0.000010 0.000010 0.497578 0.000010 0.140685 0.342075 0.019632
0.000010 0.000010 0.707121 0.000010 0.124368 0.168471 0.000010
0.000010 0.000010 0.789695 0.000010 0.149591 0.060674 0.000010
0.000010 0.000010 0.765901 0.000010 0.158557 0.073256 0.002255
0.000010 0.000010 0.754100 0.000010 0.172373 0.073487 0.000010
0.000010 0.000010 0.790903 0.000010 0.166955 0.042102 0.000010
0.000010 0.000010 0.776791 0.000010 0.152913 0.070257 0.000010
0.000010 0.000010 0.764475 0.000010 0.167608 0.067877 0.000010
0.000010 0.000010 0.855425 0.000010 0.061641 0.082894 0.000010
0.000010 0.000010 0.609467 0.000010 0.195621 0.190643 0.004240
0.000010 0.000010 0.703042 0.000010 0.140014 0.153164 0.003751
0.000010 0.000010 0.691542 0.000010 0.227811 0.080607 0.000010
0.000010 0.000010 0.623154 0.000010 0.179961 0.196845 0.000010
0.000010 0.000010 0.740794 0.000010 0.173543 0.085623 0.000010
0.000010 0.000010 0.741419 0.000010 0.130705 0.119377 0.008470
0.000010 0.000010 0.678173 0.000010 0.199440 0.122347 0.000010
0.000010 0.003561 0.699440 0.000010 0.124285 0.169354 0.003341
0.000010 0.000010 0.699575 0.000010 0.157474 0.139392 0.003530
0.000010 0.000937 0.612929 0.000010 0.130810 0.250003 0.005302
0.000010 0.000010 0.736601 0.000010 0.137944 0.125415 0.000010
0.000010 0.000010 0.752161 0.000010 0.142324 0.105475 0.000010
0.000010 0.000010 0.745874 0.000010 0.170988 0.083098 0.000010
0.000010 0.000010 0.765527 0.000010 0.147937 0.086496 0.000010
0.000010 0.000010 0.682462 0.000010 0.178053 0.139445 0.000010
0.000010 0.000010 0.696083 0.000010 0.143718 0.160159 0.000010
0.000010 0.008773 0.786154 0.000010 0.128524 0.070854 0.005675
0.004814 0.000010 0.818312 0.010875 0.088430 0.070467 0.007092
0.000010 0.000010 0.649874 0.000010 0.129880 0.220206 0.000010
0.000010 0.000010 0.282960 0.000010 0.075469 0.641530 0.000010
0.000010 0.000010 0.720432 0.000010 0.151092 0.122468 0.005979
0.000010 0.000010 0.726878 0.000010 0.165805 0.107277 0.000010
0.000010 0.000010 0.914732 0.000010 0.082786 0.002442 0.000010
0.002392 0.000010 0.687713 0.000010 0.309855 0.000010 0.000010
0.016375 0.003781 0.810898 0.000010 0.119827 0.049099 0.000010
0.000010 0.000010 0.617428 0.000010 0.324139 0.035794 0.022609
0.000010 0.000010 0.690598 0.000010 0.249568 0.059794 0.000010
0.000010 0.000010 0.554002 0.000010 0.316662 0.129296 0.000010
0.000010 0.000010 0.607651 0.000010 0.285045 0.085309 0.021965
0.000010 0.000010 0.681311 0.000010 0.269828 0.048821 0.000010
0.000010 0.000010 0.660524 0.000010 0.287103 0.047810 0.004533
0.000010 0.000010 0.801718 0.000010 0.174301 0.012857 0.011094
0.000010 0.000010 0.636148 0.000010 0.247872 0.110552 0.005399
0.000010 0.000010 0.616238 0.000010 0.298749 0.084973 0.000010
0.000010 0.000010 0.601023 0.000010 0.387966 0.010971 0.000010
0.000010 0.000010 0.509280 0.000010 0.324689 0.165991 0.000010
0.000010 0.000010 0.660276 0.000010 0.309172 0.030513 0.000010
0.000010 0.000010 0.422735 0.000010 0.387659 0.179146 0.010430
0.000010 0.000010 0.675715 0.000011 0.277424 0.046820 0.000010
0.000010 0.000010 0.429017 0.000010 0.472650 0.092016 0.006287
0.000010 0.000010 0.641163 0.000010 0.183528 0.175269 0.000010
0.000010 0.000010 0.726705 0.000010 0.170871 0.089291 0.013103
0.000010 0.000010 0.784591 0.000010 0.131017 0.084353 0.000010
0.000010 0.000010 0.626541 0.000010 0.153997 0.219422 0.000010
0.000010 0.000010 0.867707 0.000010 0.072728 0.022219 0.037317
0.000010 0.000010 0.718778 0.000010 0.169003 0.111544 0.000645
0.000010 0.000010 0.668916 0.000010 0.155788 0.175256 0.000010
0.000010 0.000013 0.882211 0.000010 0.063473 0.054273 0.000010
0.000010 0.000010 0.819916 0.000010 0.127357 0.052687 0.000010
0.000010 0.000010 0.749883 0.000010 0.169796 0.080282 0.000010
0.000010 0.001839 0.717803 0.000010 0.216055 0.064273 0.000010
0.000010 0.000010 0.704899 0.000010 0.167115 0.127946 0.000010
0.000010 0.000012 0.714684 0.000010 0.175026 0.110249 0.000010
0.000010 0.000014 0.558363 0.000010 0.268374 0.173219 0.000010
0.000010 0.000010 0.564297 0.000010 0.238737 0.195389 0.001547
0.000010 0.000010 0.617703 0.000010 0.237148 0.145109 0.000010
0.000010 0.000010 0.693197 0.000010 0.223971 0.082792 0.000010
0.000010 0.000010 0.783507 0.000010 0.159981 0.056471 0.000010
0.000010 0.000010 0.663000 0.000010 0.161108 0.175852 0.000010
0.000010 0.000010 0.853892 0.000010 0.104753 0.036012 0.005313
0.000010 0.000010 0.746467 0.000010 0.147197 0.089837 0.016469
0.000010 0.000010 0.760110 0.000010 0.131257 0.108593 0.000010
0.000010 0.000010 0.235863 0.000010 0.083178 0.680919 0.000010
0.000010 0.000010 0.419204 0.000010 0.066647 0.489912 0.024208
0.000010 0.000010 0.624786 0.000010 0.186959 0.188214 0.000010
0.000010 0.000010 0.767909 0.000010 0.115636 0.108909 0.007515
0.000010 0.000010 0.593231 0.000010 0.334897 0.070966 0.000877
0.000010 0.005462 0.692729 0.000010 0.291900 0.009879 0.000010
0.000010 0.000010 0.713820 0.000010 0.245120 0.041020 0.000010
0.000010 0.000010 0.529243 0.000010 0.302143 0.162586 0.005997
0.000010 0.000010 0.807676 0.000010 0.192274 0.000010 0.000010
0.000010 0.000010 0.678543 0.000016 0.321401 0.000010 0.000010
0.000010 0.005580 0.831251 0.000010 0.146325 0.016813 0.000010
0.000010 0.000010 0.535681 0.000010 0.330444 0.133835 0.000010
0.000010 0.000010 0.653282 0.000010 0.281516 0.065162 0.000010
0.000010 0.000010 0.660019 0.000010 0.268200 0.066170 0.005581
0.000010 0.000010 0.485109 0.000010 0.327592 0.171683 0.015587
0.000010 0.000010 0.952270 0.000010 0.047680 0.000010 0.000010
0.000010 0.000010 0.608273 0.000010 0.390115 0.000010 0.001572
0.000010 0.000010 0.703074 0.000010 0.293573 0.003313 0.000010
0.000010 0.000010 0.706593 0.000010 0.275393 0.017974 0.000010
0.000010 0.000010 0.703120 0.000010 0.240458 0.056382 0.000010
0.000010 0.000010 0.617680 0.000010 0.145267 0.237013 0.000010
0.000010 0.000010 0.691026 0.000010 0.202411 0.100682 0.005851
0.000010 0.003361 0.684515 0.000010 0.195309 0.099160 0.017635
0.000010 0.000010 0.649033 0.000010 0.198073 0.143774 0.009089
0.000010 0.000010 0.606772 0.000010 0.168587 0.224600 0.000010
0.000010 0.007128 0.816193 0.000010 0.094979 0.081671 0.000010
0.000010 0.000010 0.738578 0.000010 0.139045 0.122337 0.000010
0.000010 0.000010 0.720373 0.000010 0.169258 0.106475 0.003864
0.000010 0.000010 0.780135 0.000010 0.100330 0.119310 0.000195
0.004246 0.000010 0.695922 0.000010 0.202053 0.097748 0.000010
0.000010 0.000010 0.648659 0.351291 0.000010 0.000010 0.000010
0.000010 0.000010 0.353903 0.010648 0.616539 0.000010 0.018880
0.000010 0.000010 0.402515 0.010443 0.239598 0.347414 0.000010
0.000010 0.000010 0.544810 0.000010 0.436831 0.018319 0.000010
0.000010 0.000010 0.703136 0.000010 0.248811 0.048014 0.000010
0.000010 0.000010 0.540484 0.000010 0.414839 0.031211 0.013435
0.000010 0.000010 0.509544 0.000010 0.422084 0.068332 0.000010
0.000010 0.000010 0.684403 0.000010 0.315547 0.000010 0.000010
0.000010 0.000010 0.769295 0.000010 0.210155 0.020509 0.000010
0.000010 0.000010 0.809008 0.000010 0.182284 0.008669 0.000010
0.000010 0.000010 0.621425 0.000010 0.327954 0.050581 0.000010
0.000010 0.000010 0.675728 0.000010 0.319387 0.004845 0.000010
0.000010 0.000010 0.693505 0.000010 0.269511 0.036944 0.000010
0.000010 0.000010 0.682214 0.000010 0.261056 0.050323 0.006377
0.000010 0.000010 0.615313 0.000010 0.256124 0.118586 0.009947
0.000010 0.000010 0.493818 0.000010 0.335743 0.170399 0.000010
0.000010 0.000010 0.543501 0.007251 0.296937 0.140926 0.011365
0.000010 0.007480 0.616552 0.000010 0.270891 0.105048 0.000010
0.000010 0.000010 0.339387 0.000010 0.540923 0.119650 0.000010
0.000010 0.000010 0.631305 0.000010 0.338520 0.030135 0.000010
0.000010 0.000010 0.713737 0.000010 0.286213 0.000010 0.000010
0.000010 0.000010 0.544327 0.000010 0.323938 0.131696 0.000010
0.000010 0.000011 0.573620 0.000010 0.330693 0.095646 0.000010
0.000010 0.000010 0.561792 0.000010 0.409958 0.028210 0.000010
0.000010 0.000010 0.717524 0.000010 0.262489 0.019947 0.000010
0.000010 0.000010 0.695810 0.000010 0.249333 0.054816 0.000010
0.000010 0.000010 0.797423 0.000010 0.152413 0.042642 0.007492
0.000010 0.000010 0.409618 0.000010 0.313504 0.276838 0.000010
0.000010 0.000010 0.636170 0.000010 0.206269 0.157522 0.000010
0.000010 0.000010 0.630714 0.000010 0.154459 0.205929 0.008867
0.000010 0.000010 0.779761 0.000010 0.149358 0.070840 0.000010
0.000010 0.000010 0.614720 0.000010 0.216999 0.165210 0.003040
0.000010 0.000010 0.664929 0.000010 0.175949 0.159082 0.000010
0.005184 0.000010 0.631459 0.000010 0.193720 0.162110 0.007506
0.000010 0.000010 0.647116 0.000010 0.173255 0.167151 0.012448
0.000010 0.000010 0.776239 0.000010 0.122010 0.086741 0.014979
0.000010 0.000010 0.681662 0.000010 0.241534 0.076765 0.000010
0.000010 0.000010 0.653885 0.000010 0.200800 0.130136 0.015150
0.000010 0.000010 0.669871 0.000010 0.189654 0.130877 0.009568
0.000010 0.000010 0.605088 0.000010 0.286885 0.107987 0.000010
0.000010 0.000010 0.706296 0.000010 0.262711 0.022692 0.008270
0.000010 0.000010 0.413324 0.000010 0.541278 0.033537 0.011831
0.000010 0.000010 0.869392 0.000010 0.130558 0.000010 0.000010
0.000010 0.000010 0.941696 0.000010 0.054877 0.000010 0.003387
0.000010 0.000010 0.536359 0.000010 0.437056 0.000010 0.026545
0.000010 0.000010 0.342144 0.000010 0.605266 0.041569 0.010991
0.000010 0.001330 0.598590 0.000010 0.317325 0.082725 0.000010
0.000010 0.000012 0.656065 0.000010 0.263923 0.056270 0.023711
0.000010 0.000010 0.551627 0.000010 0.427976 0.020358 0.000010
0.000010 0.000010 0.540093 0.000010 0.419211 0.038989 0.001677
0.000010 0.000010 0.535202 0.000010 0.437747 0.027010 0.000010
0.000010 0.000010 0.428487 0.000010 0.394572 0.174412 0.002499
0.002921 0.000010 0.389265 0.000010 0.321986 0.285797 0.000010
0.000010 0.000010 0.472750 0.000011 0.348543 0.178666 0.000010
0.000010 0.000010 0.783699 0.000010 0.216251 0.000010 0.000010
0.000010 0.000010 0.784204 0.000010 0.207088 0.008668 0.000010
0.000010 0.000010 0.807287 0.000010 0.163361 0.029312 0.000010
0.000010 0.000010 0.835883 0.000010 0.144120 0.019957 0.000010
0.000010 0.000010 0.368159 0.000010 0.277979 0.353822 0.000010
0.000145 0.000010 0.584354 0.000010 0.385692 0.022584 0.007206
0.000010 0.000010 0.702776 0.000010 0.154716 0.142468 0.000010
0.000010 0.000010 0.849527 0.000010 0.131151 0.010132 0.009160
0.000010 0.000010 0.823766 0.000010 0.176184 0.000010 0.000010
0.000010 0.000704 0.760226 0.000010 0.221822 0.017218 0.000010
0.000010 0.000010 0.470600 0.000010 0.440254 0.089106 0.000010
0.000010 0.000010 0.479321 0.000010 0.408926 0.111713 0.000010
0.000010 0.000010 0.574666 0.000010 0.395415 0.029879 0.000010
0.000010 0.000010 0.589563 0.000010 0.374994 0.035404 0.000010
0.000010 0.000010 0.967996 0.000010 0.000010 0.013936 0.018028
0.000010 0.000010 0.941064 0.040238 0.000010 0.016522 0.002145
0.000010 0.000010 0.999940 0.000010 0.000010 0.000010 0.000010
0.003754 0.000010 0.989256 0.000010 0.006950 0.000010 0.000010
0.000010 0.000010 0.983993 0.000010 0.000010 0.001660 0.014307
0.000010 0.000010 0.988159 0.000010 0.002145 0.000417 0.009249
0.000010 0.000010 0.999940 0.000010 0.000010 0.000010 0.000010
0.000010 0.000010 0.999940 0.000010 0.000010 0.000010 0.000010
0.000010 0.000010 0.982555 0.017395 0.000010 0.000010 0.000010
0.000010 0.000010 0.948012 0.051938 0.000010 0.000010 0.000010
0.000010 0.000010 0.999940 0.000010 0.000010 0.000010 0.000010
0.000010 0.000010 0.994107 0.005843 0.000010 0.000010 0.000010
0.000010 0.000010 0.988608 0.011342 0.000010 0.000010 0.000010
0.000010 0.000010 0.965309 0.034641 0.000010 0.000010 0.000010
0.000010 0.000010 0.955055 0.044895 0.000010 0.000010 0.000010
0.000010 0.000010 0.945204 0.054746 0.000010 0.000010 0.000010
0.000010 0.000389 0.999561 0.000010 0.000010 0.000010 0.000010
0.000010 0.000010 0.991750 0.000010 0.000010 0.008200 0.000010
0.000010 0.000010 0.969720 0.000010 0.000010 0.022828 0.007412
0.000010 0.000012 0.977107 0.010858 0.000010 0.011993 0.000010
0.000016 0.003397 0.952766 0.028935 0.000010 0.014865 0.000010
0.000010 0.000010 0.983870 0.009018 0.000010 0.007072 0.000010
0.000010 0.000010 0.941274 0.058676 0.000010 0.000010 0.000010
0.000010 0.000010 0.972128 0.027822 0.000010 0.000010 0.000010
0.000010 0.000010 0.698122 0.000010 0.245010 0.056828 0.000010
0.000010 0.000010 0.365612 0.000012 0.252897 0.381449 0.000010
0.000010 0.000010 0.390918 0.000010 0.355300 0.229034 0.024719
0.000010 0.000010 0.269607 0.000010 0.730343 0.000010 0.000010
0.000010 0.000010 0.476005 0.001222 0.501861 0.000010 0.020882
0.000010 0.000010 0.289476 0.000010 0.710474 0.000010 0.000010
0.000010 0.000010 0.000010 0.000010 0.999940 0.000010 0.000010
0.000010 0.000010 0.473942 0.000010 0.471215 0.054803 0.000010
0.000010 0.000010 0.348084 0.000010 0.651866 0.000010 0.000010
0.000010 0.000012 0.121326 0.081003 0.000731 0.000010 0.796907
0.000010 0.000010 0.158718 0.062184 0.005326 0.000010 0.773742
0.000010 0.000010 0.174656 0.053338 0.002574 0.000010 0.769402
0.000010 0.000010 0.254535 0.023619 0.000010 0.000010 0.721806
0.068271 0.931679 0.000010 0.000010 0.000010 0.000010 0.000010
0.020759 0.952736 0.000010 0.000010 0.000010 0.000010 0.026466
0.019369 0.972849 0.000010 0.000010 0.003523 0.000010 0.004229
0.027598 0.959599 0.000010 0.000010 0.000010 0.000010 0.012763
0.049686 0.930303 0.000010 0.000010 0.000010 0.000010 0.019971
0.063628 0.936322 0.000010 0.000010 0.000010 0.000010 0.000010
0.000010 0.000010 0.976695 0.003900 0.008542 0.007548 0.003295
0.000010 0.001660 0.953711 0.038220 0.000010 0.006379 0.000010
0.000010 0.000010 0.971206 0.028744 0.000010 0.000010 0.000010
0.000010 0.000010 0.988005 0.011945 0.000010 0.000010 0.000010
0.000010 0.000010 0.987472 0.000010 0.000010 0.000010 0.012478
0.000010 0.000010 0.994548 0.000010 0.000010 0.005402 0.000010
0.000010 0.000010 0.999940 0.000010 0.000010 0.000010 0.000010
0.000010 0.000010 0.970273 0.018181 0.000010 0.011506 0.000010
0.000010 0.000010 0.978603 0.010880 0.000010 0.000010 0.010477
0.000010 0.000010 0.948936 0.049024 0.000010 0.000010 0.002000
0.000010 0.002076 0.991719 0.006165 0.000010 0.000010 0.000010
0.000010 0.000010 0.975796 0.000010 0.022190 0.000010 0.001974
0.000010 0.000010 0.993957 0.000010 0.000010 0.000010 0.005993
0.000010 0.000010 0.987175 0.000010 0.000010 0.012775 0.000010
0.000010 0.000010 0.997304 0.000010 0.000010 0.001928 0.000728
0.000017 0.006595 0.978736 0.000010 0.000010 0.013928 0.000704
0.000010 0.000012 0.958711 0.036414 0.003279 0.000010 0.001564
0.000010 0.006041 0.967704 0.000010 0.000010 0.006473 0.019752
0.000010 0.006714 0.938850 0.000010 0.000250 0.044390 0.009777
0.000010 0.000010 0.955195 0.000010 0.000010 0.026371 0.018394
0.000010 0.000010 0.993768 0.000010 0.006181 0.000010 0.000010
0.000010 0.000752 0.938089 0.061120 0.000010 0.000010 0.000010
0.000010 0.000010 0.929940 0.039263 0.000010 0.017858 0.012908
0.000010 0.000010 0.950740 0.011449 0.000010 0.035045 0.002736
0.000010 0.000010 0.993145 0.000010 0.000010 0.000010 0.006805
0.000010 0.000010 0.957933 0.036322 0.005705 0.000010 0.000010
0.000010 0.000010 0.982871 0.017079 0.000010 0.000010 0.000010
0.000010 0.000010 0.999940 0.000010 0.000010 0.000010 0.000010
0.000010 0.000010 0.971724 0.028226 0.000010 0.000010 0.000010
0.000010 0.000010 0.989818 0.010132 0.000010 0.000010 0.000010
0.000010 0.000010 0.975754 0.024196 0.000010 0.000010 0.000010
0.000010 0.000010 0.959468 0.040482 0.000010 0.000010 0.000010
0.000010 0.000010 0.975973 0.023977 0.000010 0.000010 0.000010
0.000010 0.000010 0.942025 0.057925 0.000010 0.000010 0.000010
0.000010 0.000010 0.938575 0.049828 0.000010 0.011557 0.000010
0.000010 0.000010 0.903326 0.087814 0.000010 0.005392 0.003438
0.000010 0.000010 0.960883 0.000010 0.000010 0.039067 0.000010
0.000010 0.000010 0.952528 0.000010 0.000010 0.038780 0.008652
0.000010 0.000010 0.968840 0.000010 0.000010 0.018707 0.012413
0.000010 0.000010 0.988034 0.000010 0.000010 0.011916 0.000010
0.000010 0.000010 0.954884 0.045066 0.000010 0.000010 0.000010
0.000010 0.000010 0.999940 0.000010 0.000010 0.000010 0.000010
0.000010 0.000010 0.930604 0.040939 0.000010 0.015540 0.012887
0.000010 0.000010 0.932844 0.051555 0.000010 0.012478 0.003092
0.000010 0.001911 0.929157 0.060308 0.000010 0.000010 0.008593
0.000010 0.000010 0.915239 0.071319 0.000010 0.007018 0.006394
0.000010 0.000010 0.938241 0.046676 0.000010 0.015043 0.000010
0.000010 0.000010 0.917732 0.055618 0.000010 0.011326 0.015294
0.000010 0.000010 0.999940 0.000010 0.000010 0.000010 0.000010
0.000010 0.000010 0.989630 0.006010 0.004320 0.000010 0.000010
0.000010 0.010116 0.989834 0.000010 0.000010 0.000010 0.000010
0.000010 0.000010 0.976266 0.010333 0.000010 0.013361 0.000010
0.000010 0.000010 0.998859 0.000010 0.000999 0.000010 0.000102
0.000010 0.000010 0.946309 0.053641 0.000010 0.000010 0.000010
0.000010 0.000010 0.981823 0.000010 0.000842 0.010275 0.007031
0.000010 0.000010 0.944278 0.000010 0.001431 0.029730 0.024531
0.000010 0.000010 0.977240 0.000010 0.000010 0.008197 0.014523
0.000010 0.000010 0.975769 0.000010 0.000010 0.013866 0.010325
0.000010 0.000010 0.954781 0.038123 0.000010 0.007056 0.000010
0.000010 0.000010 0.999940 0.000010 0.000010 0.000010 0.000010
0.000010 0.000010 0.980297 0.010641 0.000010 0.000010 0.009023
0.000010 0.000010 0.960852 0.039098 0.000010 0.000010 0.000010
0.000010 0.000010 0.961922 0.037092 0.000946 0.000010 0.000010
0.000010 0.000011 0.995288 0.002541 0.000010 0.000010 0.002130
0.000010 0.000010 0.963867 0.036083 0.000010 0.000010 0.000010
0.000010 0.000010 0.997762 0.002188 0.000010 0.000010 0.000010
0.000010 0.000010 0.972860 0.014143 0.000010 0.008207 0.004760
0.000010 0.000010 0.995800 0.000010 0.000010 0.004150 0.000010
0.000010 0.000010 0.954512 0.043667 0.000010 0.000010 0.001781
0.000010 0.000010 0.954962 0.044988 0.000010 0.000010 0.000010
0.000010 0.000010 0.656419 0.343523 0.000010 0.000018 0.000010
0.000010 0.000010 0.642915 0.357035 0.000010 0.000010 0.000010
0.000010 0.000010 0.674530 0.325420 0.000010 0.000010 0.000010
0.000010 0.999940 0.000010 0.000010 0.000010 0.000010 0.000010
0.000010 0.999940 0.000010 0.000010 0.000010 0.000010 0.000010
0.000010 0.999940 0.000010 0.000010 0.000010 0.000010 0.000010
0.000010 0.999940 0.000010 0.000010 0.000010 0.000010 0.000010
0.322519 0.677431 0.000010 0.000010 0.000010 0.000010 0.000010
0.000010 0.999940 0.000010 0.000010 0.000010 0.000010 0.000010
0.000010 0.999940 0.000010 0.000010 0.000010 0.000010 0.000010
0.000010 0.999940 0.000010 0.000010 0.000010 0.000010 0.000010
0.016384 0.983566 0.000010 0.000010 0.000010 0.000010 0.000010
0.000010 0.999940 0.000010 0.000010 0.000010 0.000010 0.000010
0.000010 0.999940 0.000010 0.000010 0.000010 0.000010 0.000010
0.000010 0.999940 0.000010 0.000010 0.000010 0.000010 0.000010
0.000010 0.999940 0.000010 0.000010 0.000010 0.000010 0.000010
0.000010 0.999940 0.000010 0.000010 0.000010 0.000010 0.000010
0.000010 0.999940 0.000010 0.000010 0.000010 0.000010 0.000010
0.000010 0.999940 0.000010 0.000010 0.000010 0.000010 0.000010
0.000010 0.999940 0.000010 0.000010 0.000010 0.000010 0.000010
0.000010 0.999940 0.000010 0.000010 0.000010 0.000010 0.000010
0.000010 0.999940 0.000010 0.000010 0.000010 0.000010 0.000010
0.000010 0.999940 0.000010 0.000010 0.000010 0.000010 0.000010
0.000010 0.999940 0.000010 0.000010 0.000010 0.000010 0.000010
0.000010 0.999940 0.000010 0.000010 0.000010 0.000010 0.000010
0.073043 0.922026 0.000010 0.000010 0.000010 0.000010 0.004891
0.009749 0.990201 0.000010 0.000010 0.000010 0.000010 0.000010
0.032877 0.959689 0.000010 0.000012 0.000010 0.000010 0.007392
0.020942 0.979008 0.000010 0.000010 0.000010 0.000010 0.000010
0.061018 0.923349 0.000010 0.000010 0.000010 0.000010 0.015593
