0.000010 0.000010 0.382279 0.617661 0.000010 0.000010 0.000010 0.000010
0.000010 0.000010 0.363429 0.636511 0.000010 0.000010 0.000010 0.000010
0.000010 0.000010 0.422165 0.577775 0.000010 0.000010 0.000010 0.000010
0.000010 0.000010 0.371633 0.628307 0.000010 0.000010 0.000010 0.000010
0.000010 0.000010 0.419939 0.580001 0.000010 0.000010 0.000010 0.000010
0.000010 0.000010 0.413759 0.586181 0.000010 0.000010 0.000010 0.000010
0.000010 0.000010 0.359012 0.640928 0.000010 0.000010 0.000010 0.000010
0.000010 0.000010 0.376988 0.622952 0.000010 0.000010 0.000010 0.000010
0.000010 0.000010 0.360000 0.639940 0.000010 0.000010 0.000010 0.000010
0.000010 0.000010 0.410623 0.589317 0.000010 0.000010 0.000010 0.000010
0.000010 0.000010 0.391849 0.608091 0.000010 0.000010 0.000010 0.000010
0.000010 0.000010 0.349342 0.650597 0.000010 0.000010 0.000010 0.000010
0.000010 0.000010 0.422289 0.577651 0.000010 0.000010 0.000010 0.000010
0.000010 0.000010 0.432794 0.567146 0.000010 0.000010 0.000010 0.000010
0.000010 0.000010 0.402002 0.597938 0.000010 0.000010 0.000010 0.000010
0.000010 0.000010 0.388832 0.611108 0.000010 0.000010 0.000010 0.000010
0.000010 0.000010 0.396300 0.603640 0.000010 0.000010 0.000010 0.000010
0.000010 0.000010 0.368782 0.631158 0.000010 0.000010 0.000010 0.000010
0.000010 0.000010 0.413494 0.586446 0.000010 0.000010 0.000010 0.000010
0.000010 0.000010 0.388385 0.611555 0.000010 0.000010 0.000010 0.000010
0.000010 0.000010 0.408166 0.591774 0.000010 0.000010 0.000010 0.000010
0.000010 0.000010 0.396023 0.603917 0.000010 0.000010 0.000010 0.000010
0.000010 0.000010 0.397991 0.601949 0.000010 0.000010 0.000010 0.000010
0.000010 0.000010 0.389511 0.610429 0.000010 0.000010 0.000010 0.000010
0.000010 0.000010 0.419216 0.580724 0.000010 0.000010 0.000010 0.000010
0.000010 0.000010 0.415631 0.584309 0.000010 0.000010 0.000010 0.000010
0.000010 0.000010 0.357967 0.641973 0.000010 0.000010 0.000010 0.000010
0.000010 0.000010 0.335756 0.664184 0.000010 0.000010 0.000010 0.000010
0.000010 0.000010 0.374175 0.625764 0.000010 0.000011 0.000010 0.000010
0.000010 0.000010 0.393503 0.606437 0.000010 0.000010 0.000010 0.000010
0.000010 0.000010 0.333540 0.666400 0.000010 0.000010 0.000010 0.000010
0.000010 0.000010 0.373549 0.626391 0.000010 0.000010 0.000010 0.000010
0.000010 0.000010 0.324375 0.675565 0.000010 0.000010 0.000010 0.000010
0.000010 0.000010 0.350408 0.649532 0.000010 0.000010 0.000010 0.000010
0.000010 0.000010 0.419242 0.580698 0.000010 0.000010 0.000010 0.000010
0.000010 0.000010 0.360258 0.639682 0.000010 0.000010 0.000010 0.000010
0.000010 0.000010 0.353807 0.646121 0.000013 0.000020 0.000010 0.000010
0.000010 0.000010 0.375485 0.624455 0.000010 0.000010 0.000010 0.000010
0.000010 0.000010 0.391504 0.608436 0.000010 0.000010 0.000010 0.000010
0.000010 0.000010 0.410562 0.589378 0.000010 0.000010 0.000010 0.000010
0.000010 0.000010 0.343507 0.656433 0.000010 0.000010 0.000010 0.000010
0.000010 0.000010 0.364575 0.635365 0.000010 0.000010 0.000010 0.000010
0.000010 0.000010 0.345320 0.654620 0.000010 0.000010 0.000010 0.000010
0.000010 0.000010 0.367459 0.632481 0.000010 0.000010 0.000010 0.000010
0.000010 0.000010 0.406979 0.592961 0.000010 0.000010 0.000010 0.000010
0.000010 0.000010 0.369690 0.630250 0.000010 0.000010 0.000010 0.000010
0.000010 0.000010 0.371894 0.628046 0.000010 0.000010 0.000010 0.000010
0.000010 0.000010 0.342194 0.657746 0.000010 0.000010 0.000010 0.000010
0.000010 0.000010 0.388477 0.611463 0.000010 0.000010 0.000010 0.000010
0.000010 0.000010 0.373195 0.626745 0.000010 0.000010 0.000010 0.000010
0.000011 0.000010 0.342747 0.657186 0.000016 0.000010 0.000010 0.000010
0.000010 0.000010 0.390112 0.609825 0.000012 0.000010 0.000010 0.000010
0.000010 0.000010 0.993637 0.000010 0.000010 0.004724 0.000010 0.001588
0.000010 0.000010 0.995538 0.000010 0.000010 0.004402 0.000010 0.000010
0.000010 0.000010 0.893409 0.106531 0.000010 0.000010 0.000010 0.000010
0.000010 0.000010 0.996875 0.000010 0.000010 0.000010 0.000010 0.003065
0.000010 0.001932 0.988960 0.000010 0.000010 0.004564 0.000010 0.004504
0.000010 0.000010 0.988550 0.000010 0.000010 0.000010 0.000010 0.011390
0.000010 0.000010 0.996026 0.000010 0.000010 0.000010 0.000010 0.003914
0.000010 0.000010 0.989950 0.000010 0.000010 0.005354 0.000010 0.004646
0.000010 0.030848 0.759895 0.209207 0.000010 0.000010 0.000010 0.000010
0.000010 0.000010 0.990988 0.000010 0.000010 0.002665 0.000010 0.006297
0.000010 0.000010 0.999930 0.000010 0.000010 0.000010 0.000010 0.000010
0.000010 0.000010 0.993878 0.000010 0.000010 0.000010 0.000010 0.006062
0.000010 0.000010 0.999930 0.000010 0.000010 0.000010 0.000010 0.000010
0.000010 0.000010 0.995668 0.000010 0.000010 0.000010 0.000010 0.004272
0.000010 0.000010 0.999930 0.000010 0.000010 0.000010 0.000010 0.000010
0.002487 0.000010 0.956962 0.038351 0.000010 0.002159 0.000010 0.000010
0.002602 0.016399 0.882560 0.098399 0.000010 0.000010 0.000010 0.000010
0.000010 0.000010 0.334279 0.665661 0.000010 0.000010 0.000010 0.000010
0.000010 0.000010 0.327618 0.672321 0.000010 0.000010 0.000011 0.000010
0.000010 0.000010 0.343728 0.656212 0.000010 0.000010 0.000010 0.000010
0.000010 0.000010 0.378642 0.621298 0.000010 0.000010 0.000010 0.000010
0.000010 0.000010 0.338754 0.661186 0.000010 0.000010 0.000010 0.000010
0.000010 0.000010 0.337211 0.662729 0.000010 0.000010 0.000010 0.000010
0.000010 0.000010 0.361166 0.638774 0.000010 0.000010 0.000010 0.000010
0.000010 0.000010 0.356388 0.643552 0.000010 0.000010 0.000010 0.000010
0.000010 0.000010 0.375014 0.624926 0.000010 0.000010 0.000010 0.000010
0.000010 0.000010 0.332738 0.667202 0.000010 0.000010 0.000010 0.000010
0.000010 0.000010 0.373733 0.626207 0.000010 0.000010 0.000010 0.000010
0.000010 0.000010 0.362192 0.637748 0.000010 0.000010 0.000010 0.000010
0.000010 0.000010 0.325410 0.674530 0.000010 0.000010 0.000010 0.000010
0.000010 0.000010 0.358628 0.641312 0.000010 0.000010 0.000010 0.000010
0.000010 0.000010 0.321972 0.677968 0.000010 0.000010 0.000010 0.000010
0.000010 0.000010 0.347424 0.652516 0.000010 0.000010 0.000010 0.000010
0.000010 0.000010 0.288705 0.711235 0.000010 0.000010 0.000010 0.000010
0.000010 0.000010 0.376542 0.623398 0.000010 0.000010 0.000010 0.000010
0.000010 0.000010 0.360602 0.639338 0.000010 0.000010 0.000010 0.000010
0.000010 0.000010 0.304550 0.695390 0.000010 0.000010 0.000010 0.000010
0.000010 0.000010 0.357214 0.642726 0.000010 0.000010 0.000010 0.000010
0.000010 0.000010 0.356291 0.643649 0.000010 0.000010 0.000010 0.000010
0.000010 0.000010 0.345519 0.654421 0.000010 0.000010 0.000010 0.000010
0.000010 0.000010 0.346299 0.653641 0.000010 0.000010 0.000010 0.000010
0.000010 0.000010 0.339182 0.660758 0.000010 0.000010 0.000010 0.000010
0.000010 0.000010 0.376077 0.623863 0.000010 0.000010 0.000010 0.000010
0.000010 0.000010 0.339981 0.659959 0.000010 0.000010 0.000010 0.000010
0.000011 0.000010 0.362011 0.637928 0.000010 0.000010 0.000010 0.000010
0.000010 0.000010 0.311041 0.688899 0.000010 0.000010 0.000010 0.000010
0.000010 0.000010 0.368982 0.630956 0.000010 0.000011 0.000010 0.000010
0.000010 0.000010 0.382495 0.617445 0.000010 0.000010 0.000010 0.000010
0.000010 0.000010 0.999930 0.000010 0.000010 0.000010 0.000010 0.000010
0.000010 0.000010 0.999930 0.000010 0.000010 0.000010 0.000010 0.000010
0.000010 0.000010 0.958380 0.041560 0.000010 0.000010 0.000010 0.000010
0.000010 0.000010 0.999930 0.000010 0.000010 0.000010 0.000010 0.000010
0.004276 0.000010 0.995664 0.000010 0.000010 0.000010 0.000010 0.000010
0.009909 0.000010 0.974004 0.000010 0.000010 0.000010 0.000010 0.016037
0.000010 0.000010 0.963056 0.036884 0.000010 0.000010 0.000010 0.000010
0.000010 0.000010 0.999930 0.000010 0.000010 0.000010 0.000010 0.000010
0.000010 0.000010 0.955237 0.044703 0.000010 0.000010 0.000010 0.000010
0.000010 0.000010 0.999930 0.000010 0.000010 0.000010 0.000010 0.000010
0.000010 0.000010 0.831516 0.168424 0.000010 0.000010 0.000010 0.000010
0.000010 0.000010 0.999930 0.000010 0.000010 0.000010 0.000010 0.000010
0.000010 0.000010 0.999930 0.000010 0.000010 0.000010 0.000010 0.000010
0.002183 0.000010 0.997757 0.000010 0.000010 0.000010 0.000010 0.000010
0.000010 0.000010 0.999930 0.000010 0.000010 0.000010 0.000010 0.000010
0.000010 0.000010 0.999930 0.000010 0.000010 0.000010 0.000010 0.000010
0.000010 0.000010 0.999930 0.000010 0.000010 0.000010 0.000010 0.000010
0.000010 0.012438 0.987502 0.000010 0.000010 0.000010 0.000010 0.000010
0.000010 0.001748 0.998192 0.000010 0.000010 0.000010 0.000010 0.000010
0.000010 0.000603 0.999337 0.000010 0.000010 0.000010 0.000010 0.000010
0.000010 0.000010 0.922503 0.077437 0.000010 0.000010 0.000010 0.000010
0.000010 0.000010 0.988653 0.000010 0.000010 0.000010 0.000010 0.011287
0.000010 0.000010 0.999930 0.000010 0.000010 0.000010 0.000010 0.000010
0.000010 0.000010 0.992719 0.007221 0.000010 0.000010 0.000010 0.000010
0.000010 0.000010 0.834034 0.165906 0.000010 0.000010 0.000010 0.000010
0.000010 0.000010 0.997741 0.000010 0.000010 0.000010 0.000010 0.002199
0.000010 0.000010 0.999032 0.000010 0.000010 0.000908 0.000010 0.000010
0.000010 0.000010 0.999930 0.000010 0.000010 0.000010 0.000010 0.000010
0.000010 0.000010 0.999930 0.000010 0.000010 0.000010 0.000010 0.000010
0.004729 0.000010 0.953887 0.041334 0.000010 0.000010 0.000010 0.000010
0.009150 0.000010 0.990701 0.000010 0.000010 0.000098 0.000010 0.000010
0.005557 0.000010 0.994383 0.000010 0.000010 0.000010 0.000010 0.000010
0.000010 0.000010 0.999930 0.000010 0.000010 0.000010 0.000010 0.000010
0.000010 0.000010 0.999930 0.000010 0.000010 0.000010 0.000010 0.000010
0.000010 0.000010 0.999930 0.000010 0.000010 0.000010 0.000010 0.000010
0.000010 0.000010 0.999930 0.000010 0.000010 0.000010 0.000010 0.000010
0.000010 0.000010 0.999930 0.000010 0.000010 0.000010 0.000010 0.000010
0.000010 0.000010 0.950497 0.049443 0.000010 0.000010 0.000010 0.000010
0.000010 0.000010 0.975270 0.024670 0.000010 0.000010 0.000010 0.000010
0.000010 0.000010 0.998682 0.000010 0.000010 0.000010 0.000010 0.001258
0.000017 0.009803 0.987145 0.001443 0.000010 0.000010 0.000010 0.001562
0.000010 0.000010 0.941299 0.058641 0.000010 0.000010 0.000010 0.000010
0.000010 0.000010 0.999930 0.000010 0.000010 0.000010 0.000010 0.000010
0.000010 0.000010 0.982509 0.000010 0.000010 0.000010 0.000010 0.017431
0.000010 0.000010 0.905082 0.094858 0.000010 0.000010 0.000010 0.000010
0.000010 0.000010 0.999930 0.000010 0.000010 0.000010 0.000010 0.000010
0.000010 0.012177 0.947773 0.040001 0.000010 0.000010 0.000010 0.000010
0.000010 0.049394 0.773261 0.177296 0.000010 0.000010 0.000010 0.000010
0.000010 0.000010 0.996538 0.000010 0.000010 0.000010 0.000010 0.003402
0.001594 0.000010 0.998346 0.000010 0.000010 0.000010 0.000010 0.000010
0.000010 0.000010 0.729399 0.270541 0.000010 0.000010 0.000010 0.000010
0.000010 0.000010 0.999930 0.000010 0.000010 0.000010 0.000010 0.000010
0.000010 0.000010 0.975024 0.024916 0.000010 0.000010 0.000010 0.000010
0.000010 0.000010 0.999930 0.000010 0.000010 0.000010 0.000010 0.000010
0.000010 0.000798 0.776531 0.222621 0.000010 0.000010 0.000010 0.000010
0.000010 0.000010 0.999930 0.000010 0.000010 0.000010 0.000010 0.000010
0.000010 0.000010 0.999930 0.000010 0.000010 0.000010 0.000010 0.000010
0.000010 0.000010 0.921498 0.078442 0.000010 0.000010 0.000010 0.000010
0.004711 0.000010 0.995195 0.000010 0.000010 0.000010 0.000010 0.000045
0.000010 0.000010 0.992921 0.007019 0.000010 0.000010 0.000010 0.000010
0.000010 0.000010 0.998138 0.000010 0.000010 0.001802 0.000010 0.000010
0.000010 0.000010 0.999930 0.000010 0.000010 0.000010 0.000010 0.000010
0.000010 0.000010 0.999930 0.000010 0.000010 0.000010 0.000010 0.000010
0.000010 0.007872 0.992068 0.000010 0.000010 0.000010 0.000010 0.000010
0.000010 0.000010 0.999930 0.000010 0.000010 0.000010 0.000010 0.000010
0.000010 0.000010 0.996613 0.000010 0.000010 0.000010 0.000010 0.003327
0.000010 0.000010 0.999930 0.000010 0.000010 0.000010 0.000010 0.000010
0.000010 0.000010 0.990194 0.008793 0.000010 0.000010 0.000010 0.000963
0.000010 0.000010 0.999930 0.000010 0.000010 0.000010 0.000010 0.000010
0.000010 0.000010 0.999930 0.000010 0.000010 0.000010 0.000010 0.000010
0.000010 0.000010 0.995464 0.000010 0.000010 0.004476 0.000010 0.000010
0.000010 0.000010 0.999930 0.000010 0.000010 0.000010 0.000010 0.000010
0.000010 0.000010 0.989880 0.000010 0.000010 0.000010 0.000010 0.010060
0.000010 0.000010 0.999930 0.000010 0.000010 0.000010 0.000010 0.000010
0.000010 0.000010 0.975035 0.024905 0.000010 0.000010 0.000010 0.000010
0.000010 0.000010 0.999930 0.000010 0.000010 0.000010 0.000010 0.000010
0.000010 0.000010 0.999930 0.000010 0.000010 0.000010 0.000010 0.000010
0.000010 0.000010 0.816700 0.183240 0.000010 0.000010 0.000010 0.000010
0.000010 0.000010 0.999930 0.000010 0.000010 0.000010 0.000010 0.000010
0.000010 0.000010 0.999930 0.000010 0.000010 0.000010 0.000010 0.000010
0.000010 0.000010 0.999831 0.000010 0.000010 0.000010 0.000010 0.000109
0.000010 0.000010 0.999930 0.000010 0.000010 0.000010 0.000010 0.000010
0.616800 0.000010 0.000010 0.000010 0.000010 0.000010 0.000010 0.383140
0.595014 0.000010 0.000010 0.000010 0.000010 0.000010 0.000010 0.404925
0.647663 0.000010 0.000010 0.000010 0.000010 0.000010 0.000010 0.352277
0.642224 0.000010 0.000010 0.000011 0.000010 0.000010 0.000010 0.357715
0.627530 0.000010 0.000010 0.000010 0.000010 0.000010 0.000010 0.372409
0.642862 0.000010 0.000010 0.000010 0.000010 0.000010 0.000010 0.357078
0.645748 0.000010 0.000010 0.000010 0.000010 0.000010 0.000010 0.354191
0.572876 0.000010 0.000010 0.000010 0.000010 0.000010 0.000010 0.427064
0.636630 0.000011 0.000010 0.000010 0.000010 0.000010 0.000010 0.363309
0.624207 0.000012 0.000010 0.000011 0.000010 0.000010 0.000010 0.375729
0.632547 0.000010 0.000010 0.000010 0.000010 0.000010 0.000010 0.367393
0.617226 0.000010 0.000010 0.000010 0.000010 0.000010 0.000010 0.382714
0.637253 0.000010 0.000010 0.000010 0.000010 0.000010 0.000010 0.362687
0.604560 0.000010 0.000010 0.000010 0.000010 0.000010 0.000010 0.395380
0.620170 0.000014 0.000010 0.000011 0.000010 0.000010 0.000010 0.379766
0.613765 0.000011 0.000010 0.000010 0.000010 0.000010 0.000010 0.386175
0.616635 0.000010 0.000010 0.000010 0.000010 0.000010 0.000010 0.383305
0.617628 0.000010 0.000010 0.000010 0.000010 0.000010 0.000010 0.382312
0.599887 0.000010 0.000010 0.000011 0.000010 0.000010 0.000010 0.400052
0.635638 0.000010 0.000010 0.000010 0.000010 0.000010 0.000010 0.364302
0.642316 0.000010 0.000010 0.000010 0.000010 0.000010 0.000010 0.357624
0.622814 0.000010 0.000010 0.000011 0.000010 0.000010 0.000010 0.377125
0.639067 0.000010 0.000010 0.000010 0.000010 0.000010 0.000010 0.360873
0.605474 0.000010 0.000010 0.000010 0.000010 0.000010 0.000010 0.394465
0.645481 0.000016 0.000012 0.000011 0.000010 0.000010 0.000010 0.354451
0.641285 0.000010 0.000010 0.000010 0.000010 0.000010 0.000010 0.358655
0.609479 0.000010 0.000010 0.000010 0.000010 0.000010 0.000010 0.390461
0.625306 0.000010 0.000010 0.000010 0.000010 0.000010 0.000010 0.374634
0.637451 0.000010 0.000010 0.000010 0.000010 0.000010 0.000010 0.362489
0.637009 0.000010 0.000010 0.000010 0.000010 0.000010 0.000010 0.362930
0.557167 0.000010 0.000010 0.000010 0.000010 0.000010 0.000010 0.442773
0.657001 0.000014 0.000018 0.000010 0.000010 0.000010 0.000010 0.342927
0.573326 0.000010 0.000010 0.000010 0.000010 0.000010 0.000010 0.426614
0.612053 0.000010 0.000010 0.000010 0.000010 0.000010 0.000010 0.387887
0.676567 0.000010 0.000010 0.000010 0.000010 0.000010 0.000010 0.323373
0.639613 0.000010 0.000010 0.000010 0.000010 0.000010 0.000010 0.360327
0.632349 0.000010 0.000010 0.000010 0.000010 0.000010 0.000010 0.367591
0.659013 0.000010 0.000011 0.000010 0.000010 0.000010 0.000010 0.340926
0.614925 0.000014 0.000010 0.000010 0.000010 0.000010 0.000010 0.385010
0.616438 0.000010 0.000010 0.000010 0.000010 0.000010 0.000010 0.383502
0.657136 0.000010 0.000010 0.000010 0.000010 0.000010 0.000010 0.342804
0.000010 0.000010 0.000010 0.758333 0.063507 0.166357 0.011763 0.000010
0.000010 0.000010 0.000010 0.615902 0.110212 0.212215 0.061630 0.000010
0.000010 0.010043 0.000010 0.797106 0.030382 0.122775 0.039663 0.000010
0.558024 0.000010 0.000011 0.000010 0.000010 0.000010 0.000010 0.441915
0.563378 0.000012 0.000010 0.000010 0.000010 0.000010 0.000010 0.436559
0.484797 0.000010 0.000010 0.000011 0.000010 0.000010 0.000010 0.515142
0.612166 0.000010 0.000010 0.000010 0.000010 0.000010 0.000010 0.387773
0.595958 0.000012 0.000011 0.000011 0.000010 0.000010 0.000010 0.403978
0.577014 0.000010 0.000010 0.000010 0.000010 0.000010 0.000010 0.422926
0.547527 0.000015 0.000010 0.000010 0.000010 0.000010 0.000010 0.452408
0.719207 0.000010 0.000010 0.000010 0.000010 0.000010 0.000010 0.280733
0.596398 0.000010 0.000010 0.000010 0.000010 0.000013 0.000010 0.403540
0.680334 0.000010 0.000010 0.000010 0.000010 0.000014 0.000010 0.319602
0.341739 0.000010 0.000010 0.002076 0.000010 0.010739 0.000010 0.645406
0.544492 0.000010 0.000010 0.000010 0.000010 0.000010 0.000010 0.455448
0.559669 0.000010 0.000010 0.000010 0.000010 0.000010 0.000010 0.440271
0.535390 0.000010 0.000010 0.000010 0.000010 0.000010 0.000010 0.464550
0.613841 0.000010 0.000010 0.000010 0.000010 0.000010 0.000010 0.386099
0.480150 0.000010 0.000010 0.000012 0.000010 0.000010 0.000010 0.519788
0.614484 0.000010 0.000010 0.000010 0.000010 0.000010 0.000010 0.385456
0.540564 0.000011 0.000011 0.000011 0.000010 0.000011 0.000010 0.459373
0.551989 0.000010 0.000010 0.000010 0.000010 0.000010 0.000010 0.447951
0.564487 0.000011 0.000010 0.000010 0.000010 0.000010 0.000010 0.435453
0.613246 0.000010 0.000010 0.000010 0.000010 0.000010 0.000010 0.386693
0.576109 0.000010 0.000010 0.000011 0.000010 0.000010 0.000010 0.423830
0.617730 0.000010 0.000010 0.000010 0.000010 0.000010 0.000010 0.382210
0.613485 0.000010 0.000010 0.000010 0.000010 0.000010 0.000010 0.386455
0.564686 0.000010 0.005600 0.014600 0.007256 0.000010 0.023643 0.384194
0.564074 0.000010 0.000010 0.000010 0.000010 0.000010 0.000010 0.435866
0.683424 0.000010 0.000010 0.000010 0.000010 0.000010 0.000010 0.316516
0.564950 0.000010 0.000010 0.000010 0.000010 0.000010 0.000010 0.434989
0.633231 0.000010 0.000010 0.000010 0.000010 0.000010 0.000010 0.366709
0.608680 0.000010 0.000010 0.000011 0.000010 0.000010 0.000010 0.391259
0.611171 0.000011 0.000010 0.000010 0.000010 0.000010 0.000010 0.388768
0.624917 0.000010 0.000010 0.000012 0.000010 0.000010 0.000010 0.375021
0.609429 0.000010 0.000010 0.000010 0.000010 0.000010 0.000010 0.390511
0.000010 0.000010 0.000010 0.712783 0.118310 0.140008 0.028858 0.000010
0.000010 0.006841 0.000010 0.671971 0.108949 0.159031 0.053178 0.000010
0.000010 0.005520 0.000010 0.797994 0.046519 0.130655 0.019282 0.000010
0.000010 0.010496 0.000010 0.745307 0.038642 0.171669 0.033855 0.000010
0.784896 0.000010 0.000010 0.000010 0.000010 0.000010 0.000010 0.215044
0.739631 0.000010 0.000010 0.000010 0.000010 0.000010 0.000010 0.260309
0.749812 0.000010 0.000010 0.000010 0.000010 0.000010 0.000010 0.250128
0.714876 0.000010 0.000010 0.000010 0.000010 0.000010 0.000010 0.285064
0.729354 0.000010 0.000010 0.000011 0.000010 0.000010 0.000010 0.270585
0.763909 0.000010 0.000010 0.000010 0.000010 0.000010 0.000010 0.236031
0.739496 0.000010 0.000010 0.000010 0.000010 0.000010 0.000010 0.260444
0.742420 0.000010 0.000010 0.000010 0.000010 0.000010 0.000010 0.257520
0.748882 0.000010 0.000010 0.000010 0.000010 0.000010 0.000010 0.251058
0.736221 0.000010 0.000010 0.000010 0.000010 0.000010 0.000010 0.263719
0.729592 0.000010 0.000010 0.000010 0.000010 0.000010 0.000010 0.270348
0.730954 0.000010 0.000010 0.000010 0.000010 0.000010 0.000010 0.268985
0.723622 0.000010 0.000010 0.000010 0.000010 0.000010 0.000010 0.276317
0.766024 0.000010 0.000010 0.000010 0.000010 0.000010 0.000010 0.233916
0.756562 0.000010 0.000010 0.000010 0.000010 0.000010 0.000010 0.243378
0.722679 0.000010 0.000010 0.000010 0.000010 0.000010 0.000010 0.277261
0.765140 0.000012 0.000010 0.000010 0.000010 0.000010 0.000010 0.234798
0.692693 0.000010 0.000010 0.000010 0.000010 0.000010 0.000010 0.307247
0.701859 0.000010 0.000010 0.000010 0.000010 0.000010 0.000010 0.298081
0.753845 0.000010 0.000010 0.000010 0.000010 0.000010 0.000010 0.246095
0.722866 0.000010 0.000010 0.000010 0.000010 0.000010 0.000010 0.277074
0.756853 0.000011 0.000016 0.000010 0.000010 0.000010 0.000010 0.243081
0.729696 0.000010 0.000010 0.000010 0.000010 0.000010 0.000010 0.270244
0.752409 0.000010 0.000010 0.000010 0.000010 0.000010 0.000010 0.247531
0.760429 0.000010 0.000010 0.000010 0.000010 0.000010 0.000010 0.239511
0.746902 0.000010 0.000010 0.000010 0.000010 0.000010 0.000010 0.253038
0.000010 0.000010 0.000010 0.898117 0.013288 0.088544 0.000010 0.000010
0.000010 0.000595 0.000010 0.813049 0.043589 0.135861 0.000010 0.006876
0.000010 0.000010 0.000010 0.677585 0.064880 0.222955 0.034540 0.000010
0.000010 0.000010 0.000010 0.833771 0.031173 0.115792 0.019224 0.000010
0.000010 0.000010 0.000010 0.807903 0.057256 0.121660 0.013141 0.000010
0.000010 0.000010 0.118311 0.777593 0.031342 0.057879 0.014844 0.000010
0.000846 0.000010 0.000010 0.727953 0.067611 0.158779 0.044780 0.000010
0.000010 0.000013 0.000010 0.885929 0.048745 0.065274 0.000010 0.000010
0.000010 0.000010 0.000010 0.674121 0.037830 0.241108 0.046902 0.000010
0.999930 0.000010 0.000010 0.000010 0.000010 0.000010 0.000010 0.000010
0.999930 0.000010 0.000010 0.000010 0.000010 0.000010 0.000010 0.000010
0.999930 0.000010 0.000010 0.000010 0.000010 0.000010 0.000010 0.000010
0.999930 0.000010 0.000010 0.000010 0.000010 0.000010 0.000010 0.000010
0.999924 0.000016 0.000010 0.000010 0.000010 0.000010 0.000010 0.000010
0.999930 0.000010 0.000010 0.000010 0.000010 0.000010 0.000010 0.000010
0.999930 0.000010 0.000010 0.000010 0.000010 0.000010 0.000010 0.000010
0.999930 0.000010 0.000010 0.000010 0.000010 0.000010 0.000010 0.000010
0.982785 0.000010 0.000010 0.000010 0.000010 0.000010 0.000010 0.017155
0.999930 0.000010 0.000010 0.000010 0.000010 0.000010 0.000010 0.000010
0.999930 0.000010 0.000010 0.000010 0.000010 0.000010 0.000010 0.000010
0.999930 0.000010 0.000010 0.000010 0.000010 0.000010 0.000010 0.000010
0.999930 0.000010 0.000010 0.000010 0.000010 0.000010 0.000010 0.000010
0.999929 0.000011 0.000010 0.000010 0.000010 0.000010 0.000010 0.000010
0.000010 0.000010 0.000010 0.819448 0.037720 0.104442 0.038350 0.000010
0.000010 0.000010 0.000010 0.738380 0.070455 0.153135 0.037990 0.000010
0.000010 0.000010 0.000010 0.637155 0.079802 0.139556 0.143447 0.000010
0.000010 0.000010 0.000010 0.586266 0.109100 0.208278 0.096316 0.000010
0.000010 0.009753 0.000010 0.587390 0.089022 0.187827 0.125979 0.000010
0.000010 0.000010 0.000010 0.766550 0.035224 0.181841 0.016345 0.000010
0.000010 0.000010 0.000010 0.763299 0.069541 0.117768 0.049352 0.000010
0.000010 0.002757 0.000010 0.708423 0.072759 0.163271 0.052760 0.000010
0.000010 0.000010 0.000010 0.789769 0.058281 0.124809 0.027100 0.000010
0.000010 0.000010 0.000010 0.785288 0.063270 0.151392 0.000010 0.000010
0.000010 0.019990 0.000010 0.496694 0.143709 0.140608 0.198969 0.000010
0.000010 0.000010 0.000010 0.706395 0.094235 0.124228 0.075101 0.000010
0.000010 0.000010 0.000010 0.789188 0.036662 0.149503 0.024607 0.000010
0.000010 0.002026 0.000010 0.765087 0.062680 0.158413 0.011764 0.000010
0.000010 0.000010 0.000010 0.753337 0.063145 0.172271 0.011208 0.000010
0.000010 0.000010 0.000010 0.790176 0.043084 0.166690 0.000010 0.000010
0.000010 0.000010 0.000010 0.776078 0.055602 0.152685 0.015595 0.000010
0.000010 0.000010 0.000010 0.764424 0.024304 0.167609 0.043623 0.000010
0.000010 0.000010 0.000010 0.855152 0.041602 0.061549 0.041658 0.000010
0.000010 0.003655 0.000010 0.608897 0.107855 0.195652 0.083911 0.000010
0.000010 0.003396 0.000010 0.702249 0.102170 0.139885 0.052270 0.000010
0.000010 0.000010 0.000010 0.691506 0.025645 0.227803 0.055007 0.000010
0.000010 0.000010 0.000010 0.622517 0.094146 0.179976 0.103321 0.000010
0.000010 0.000010 0.000010 0.740040 0.058125 0.173494 0.028302 0.000010
0.000010 0.008001 0.000010 0.740741 0.087023 0.130656 0.033548 0.000010
0.000010 0.000010 0.000010 0.678021 0.041608 0.199617 0.080714 0.000010
0.003545 0.003114 0.000010 0.698839 0.087418 0.124270 0.082794 0.000010
0.000010 0.004690 0.000010 0.698842 0.041347 0.157303 0.097788 0.000010
0.001450 0.004743 0.000010 0.612231 0.135010 0.130409 0.116138 0.000010
0.000010 0.000010 0.000010 0.735913 0.079713 0.137927 0.046407 0.000010
0.000010 0.000010 0.000010 0.751908 0.044981 0.142314 0.060757 0.000010
0.000010 0.000010 0.000010 0.744835 0.080907 0.170865 0.003353 0.000010
0.000010 0.000010 0.000010 0.764991 0.069924 0.148006 0.017039 0.000010
0.000010 0.000010 0.000010 0.681888 0.072161 0.178122 0.067789 0.000010
0.000010 0.000010 0.000010 0.694638 0.114935 0.143822 0.046565 0.000010
0.008984 0.004902 0.000010 0.786025 0.057645 0.128645 0.013778 0.000010
0.000010 0.006830 0.009908 0.818598 0.059472 0.088384 0.011874 0.004926
0.000010 0.000010 0.000010 0.649516 0.089741 0.129859 0.130844 0.000010
0.000010 0.000010 0.000010 0.280510 0.352733 0.075254 0.291463 0.000010
0.000010 0.005652 0.000010 0.719937 0.079115 0.151103 0.044163 0.000010
0.000010 0.000010 0.000010 0.726105 0.066716 0.165683 0.041456 0.000010
0.000010 0.000010 0.000010 0.914344 0.003101 0.082505 0.000010 0.000010
0.000010 0.000010 0.000010 0.687547 0.000010 0.309658 0.000010 0.002745
0.004242 0.000010 0.000010 0.810931 0.011258 0.119955 0.037708 0.015886
0.000010 0.022601 0.000010 0.616792 0.030698 0.324190 0.005689 0.000010
0.000010 0.000010 0.000010 0.690439 0.023764 0.249590 0.036167 0.000010
0.000010 0.000010 0.000010 0.553184 0.093804 0.316637 0.036335 0.000010
0.000010 0.021858 0.000010 0.607170 0.050622 0.285057 0.035263 0.000010
0.000010 0.000012 0.000010 0.681184 0.019223 0.269852 0.029700 0.000010
0.000010 0.004385 0.000010 0.659875 0.037455 0.287064 0.011192 0.000010
0.000010 0.011365 0.000010 0.801279 0.013199 0.174118 0.000010 0.000010
0.000010 0.004581 0.000010 0.635601 0.109804 0.247626 0.002358 0.000010
0.000010 0.000010 0.000010 0.615373 0.057053 0.298681 0.028853 0.000010
0.000010 0.000010 0.000010 0.599906 0.012629 0.387415 0.000010 0.000010
0.000010 0.000010 0.000010 0.508566 0.091172 0.324705 0.075517 0.000010
0.000010 0.000010 0.000010 0.659463 0.031301 0.309186 0.000010 0.000010
0.000010 0.009151 0.000010 0.422200 0.121786 0.387795 0.059039 0.000010
0.000010 0.000010 0.000010 0.674993 0.043834 0.277740 0.003394 0.000010
0.000010 0.007853 0.000010 0.428292 0.015234 0.472451 0.076140 0.000010
0.000010 0.000010 0.000010 0.640948 0.067248 0.183598 0.108166 0.000010
0.000010 0.012751 0.000010 0.726250 0.058011 0.170647 0.032311 0.000010
0.000010 0.000010 0.000010 0.783891 0.061049 0.130903 0.024116 0.000010
0.000010 0.000010 0.000010 0.625880 0.104639 0.154028 0.115413 0.000010
0.000010 0.037298 0.000010 0.867380 0.022783 0.072499 0.000010 0.000010
0.000010 0.000422 0.000010 0.718341 0.079093 0.168920 0.033194 0.000010
0.000010 0.000010 0.000010 0.668655 0.063241 0.155791 0.112272 0.000010
0.000010 0.000010 0.000010 0.881810 0.031123 0.063482 0.023545 0.000010
0.000010 0.000010 0.000010 0.819408 0.032107 0.127192 0.021253 0.000010
0.000010 0.000010 0.000010 0.749479 0.046112 0.169740 0.034629 0.000010
0.001766 0.000010 0.000010 0.717308 0.047488 0.216047 0.017360 0.000010
0.000010 0.000010 0.000010 0.703434 0.120728 0.166688 0.009110 0.000010
0.000010 0.000010 0.000010 0.714101 0.064201 0.174961 0.046698 0.000010
0.000010 0.000010 0.000010 0.557763 0.085028 0.268363 0.088806 0.000010
0.000010 0.000913 0.000010 0.563398 0.123211 0.238986 0.073463 0.000010
0.000019 0.000010 0.000010 0.617186 0.068959 0.237077 0.076729 0.000010
0.000010 0.000010 0.000010 0.691683 0.083997 0.224270 0.000010 0.000010
0.000010 0.000010 0.000010 0.782979 0.041081 0.159901 0.015999 0.000010
0.000010 0.000010 0.000010 0.662374 0.093242 0.161044 0.083300 0.000010
0.000010 0.004403 0.000010 0.853731 0.037282 0.104544 0.000010 0.000010
0.000010 0.016204 0.000010 0.745877 0.060289 0.147167 0.030433 0.000010
0.000010 0.000010 0.000010 0.759346 0.081635 0.131007 0.027972 0.000010
0.000010 0.000010 0.000010 0.235466 0.214335 0.083144 0.467014 0.000010
0.000010 0.027163 0.000010 0.413928 0.194440 0.066776 0.297664 0.000010
0.000010 0.000010 0.000010 0.624129 0.090447 0.187054 0.098330 0.000010
0.000010 0.007713 0.000010 0.767674 0.036930 0.115662 0.071991 0.000010
0.000010 0.000726 0.000010 0.592901 0.045662 0.334862 0.025820 0.000010
0.005373 0.000010 0.000010 0.692682 0.000010 0.291899 0.010007 0.000010
0.000010 0.000010 0.000010 0.713432 0.019784 0.245002 0.021741 0.000010
0.000010 0.005540 0.000010 0.528595 0.102483 0.302187 0.061165 0.000010
0.000010 0.000010 0.000010 0.807397 0.000010 0.192543 0.000010 0.000010
0.000010 0.000010 0.000010 0.678561 0.000010 0.321379 0.000010 0.000010
0.005443 0.000010 0.000010 0.831157 0.010796 0.146434 0.006140 0.000010
0.000010 0.000010 0.000010 0.535394 0.056184 0.330382 0.077999 0.000010
0.000010 0.000010 0.000010 0.651995 0.062204 0.281489 0.004272 0.000010
0.000010 0.003700 0.000010 0.660141 0.067638 0.268482 0.000010 0.000010
0.000010 0.015738 0.000010 0.484701 0.072267 0.327523 0.099741 0.000010
0.000010 0.000010 0.000010 0.952264 0.000010 0.047676 0.000010 0.000010
0.000010 0.001408 0.000010 0.608403 0.000010 0.390139 0.000010 0.000010
0.000010 0.000010 0.000010 0.701942 0.005286 0.292721 0.000010 0.000010
0.000010 0.000010 0.000010 0.705692 0.019486 0.274772 0.000010 0.000010
0.000010 0.000010 0.000010 0.702636 0.037721 0.240453 0.019151 0.000010
0.000010 0.000010 0.000010 0.617345 0.094204 0.145278 0.143134 0.000010
0.000010 0.004778 0.000010 0.690566 0.094922 0.202690 0.007013 0.000010
0.003597 0.016199 0.000010 0.684190 0.070764 0.195601 0.029629 0.000010
0.000010 0.008309 0.000010 0.648112 0.101367 0.198539 0.043643 0.000010
0.000010 0.000010 0.000010 0.606105 0.107285 0.168578 0.117992 0.000010
0.007192 0.000010 0.000010 0.815820 0.042689 0.094913 0.039357 0.000010
0.000010 0.000010 0.000010 0.737491 0.086687 0.138804 0.036978 0.000010
0.000010 0.003489 0.000010 0.720163 0.066508 0.169192 0.040617 0.000010
0.000010 0.000010 0.000010 0.779451 0.082733 0.100035 0.037741 0.000010
0.000010 0.000010 0.000010 0.694179 0.098596 0.202042 0.000010 0.005143
0.000010 0.000010 0.350187 0.649753 0.000010 0.000010 0.000010 0.000010
0.000010 0.019014 0.010269 0.354166 0.000010 0.616511 0.000010 0.000010
0.000010 0.000010 0.009798 0.402426 0.149161 0.239634 0.198951 0.000010
0.000010 0.000010 0.000010 0.544244 0.019211 0.436495 0.000010 0.000010
0.000010 0.000010 0.000010 0.702438 0.049283 0.248229 0.000010 0.000010
0.000010 0.013395 0.000010 0.540088 0.024118 0.414606 0.007763 0.000010
0.000010 0.000010 0.000010 0.508834 0.054901 0.421940 0.014284 0.000010
0.000010 0.000010 0.000010 0.684378 0.000010 0.315562 0.000010 0.000010
0.000010 0.000010 0.000010 0.771128 0.020614 0.208208 0.000010 0.000010
0.000010 0.000010 0.000010 0.808817 0.002923 0.182334 0.005886 0.000010
0.000010 0.000010 0.000010 0.620808 0.043179 0.328026 0.007948 0.000010
0.000010 0.000010 0.000010 0.675504 0.005254 0.319192 0.000010 0.000010
0.000010 0.000010 0.000010 0.692941 0.029518 0.269427 0.008074 0.000010
0.000010 0.006158 0.000010 0.681931 0.034513 0.261126 0.016241 0.000010
0.000010 0.010040 0.000010 0.614761 0.059180 0.256089 0.059901 0.000010
0.000010 0.000010 0.000010 0.493211 0.086647 0.335738 0.084364 0.000010
0.000010 0.011608 0.006840 0.543424 0.060053 0.296880 0.081175 0.000010
0.007504 0.000010 0.000010 0.616309 0.043217 0.270947 0.061993 0.000010
0.000010 0.000010 0.000010 0.338262 0.089605 0.540436 0.031657 0.000010
0.000010 0.000010 0.000010 0.630668 0.030967 0.338311 0.000015 0.000010
0.000010 0.000010 0.000010 0.713720 0.000010 0.286220 0.000010 0.000010
0.000010 0.000010 0.000010 0.543679 0.074049 0.324046 0.058186 0.000010
0.000010 0.000010 0.000010 0.571597 0.098430 0.329923 0.000010 0.000010
0.000010 0.000010 0.000010 0.561364 0.028258 0.410328 0.000010 0.000010
0.000010 0.000010 0.000010 0.717119 0.020384 0.262447 0.000010 0.000010
0.000010 0.000010 0.000010 0.695415 0.028714 0.249275 0.026555 0.000010
0.000010 0.007645 0.000010 0.796924 0.024800 0.152283 0.018319 0.000010
0.000010 0.000010 0.000010 0.409245 0.105273 0.313508 0.171933 0.000010
0.000010 0.000010 0.000010 0.634409 0.122835 0.205977 0.036740 0.000010
0.000010 0.008745 0.000010 0.629714 0.128338 0.154359 0.078815 0.000010
0.000010 0.000010 0.000010 0.778928 0.057242 0.149179 0.014611 0.000010
0.000010 0.002359 0.000010 0.614135 0.111000 0.216738 0.055738 0.000010
0.000010 0.000010 0.000010 0.663969 0.118452 0.175675 0.041864 0.000010
0.000010 0.007275 0.000010 0.630759 0.093245 0.193347 0.069954 0.005400
0.000010 0.011442 0.000010 0.646873 0.104362 0.173159 0.064132 0.000010
0.000010 0.014590 0.000010 0.775914 0.055180 0.121892 0.032394 0.000010
0.000010 0.000010 0.000010 0.680752 0.077715 0.241482 0.000010 0.000010
0.000010 0.013982 0.000010 0.653408 0.097027 0.200522 0.035031 0.000010
0.000010 0.008732 0.000010 0.669496 0.086438 0.189824 0.045480 0.000010
0.000010 0.000010 0.000010 0.603761 0.080701 0.287000 0.028498 0.000010
0.000010 0.007766 0.000010 0.705954 0.023496 0.262744 0.000010 0.000010
0.000010 0.011454 0.000010 0.413050 0.026645 0.541327 0.007493 0.000010
0.000010 0.000010 0.000010 0.869332 0.000010 0.130608 0.000010 0.000010
0.000010 0.003554 0.000010 0.941597 0.000010 0.054799 0.000010 0.000010
0.000010 0.026922 0.000010 0.536078 0.000010 0.436950 0.000010 0.000010
0.000010 0.010777 0.000010 0.341840 0.030293 0.605245 0.011815 0.000010
0.001049 0.000010 0.000010 0.597812 0.062305 0.317726 0.021078 0.000010
0.000044 0.023104 0.000010 0.655724 0.047210 0.263780 0.010118 0.000010
0.000010 0.000010 0.000010 0.550834 0.021387 0.427729 0.000010 0.000010
0.000010 0.002314 0.000010 0.539703 0.007741 0.419140 0.031072 0.000010
0.000010 0.000010 0.000010 0.534591 0.027854 0.437505 0.000010 0.000010
0.000010 0.003060 0.000010 0.428018 0.042528 0.394486 0.131878 0.000010
0.000010 0.000010 0.000010 0.388534 0.135435 0.321808 0.151166 0.003028
0.000010 0.000010 0.000010 0.471185 0.138150 0.348269 0.042356 0.000010
0.000010 0.000010 0.000010 0.783469 0.000010 0.216471 0.000010 0.000010
0.000010 0.000010 0.000010 0.783889 0.009177 0.206884 0.000010 0.000010
0.000010 0.000010 0.000010 0.806960 0.023577 0.163313 0.006110 0.000010
0.000010 0.000010 0.000010 0.835528 0.020643 0.143779 0.000010 0.000010
0.000010 0.000010 0.000010 0.366393 0.206202 0.278166 0.149198 0.000010
0.000010 0.007497 0.000010 0.583992 0.020138 0.385795 0.002361 0.000197
0.000010 0.000010 0.000010 0.702276 0.087529 0.154691 0.055463 0.000010
0.000010 0.009061 0.000010 0.849482 0.005171 0.131212 0.005043 0.000010
0.000010 0.000010 0.000010 0.823690 0.000010 0.176250 0.000010 0.000010
0.000170 0.000010 0.000010 0.759961 0.017940 0.221889 0.000010 0.000010
0.000010 0.000010 0.000010 0.470201 0.047525 0.440265 0.041969 0.000010
0.000013 0.000010 0.000010 0.478706 0.063198 0.408769 0.049283 0.000010
0.000010 0.000010 0.000010 0.574397 0.029869 0.395683 0.000010 0.000010
0.000010 0.000010 0.000010 0.588906 0.036173 0.374871 0.000010 0.000010
0.000010 0.018225 0.000010 0.967301 0.014424 0.000010 0.000010 0.000010
0.000010 0.001950 0.040205 0.940764 0.014521 0.000010 0.002531 0.000010
0.000010 0.000010 0.000010 0.999930 0.000010 0.000010 0.000010 0.000010
0.000010 0.000010 0.000010 0.989262 0.000010 0.007005 0.000010 0.003683
0.000010 0.014167 0.000010 0.983762 0.000010 0.000010 0.002021 0.000010
0.000010 0.008844 0.000010 0.988110 0.000010 0.001872 0.001134 0.000010
0.000010 0.000010 0.000010 0.998228 0.001712 0.000010 0.000010 0.000010
0.000010 0.000010 0.000010 0.999930 0.000010 0.000010 0.000010 0.000010
0.000010 0.000010 0.016670 0.983270 0.000010 0.000010 0.000010 0.000010
0.000010 0.000010 0.051472 0.948468 0.000010 0.000010 0.000010 0.000010
0.000010 0.000010 0.000010 0.999930 0.000010 0.000010 0.000010 0.000010
0.000010 0.000010 0.005141 0.994799 0.000010 0.000010 0.000010 0.000010
0.000010 0.000010 0.010796 0.989144 0.000010 0.000010 0.000010 0.000010
0.000010 0.000010 0.033763 0.966177 0.000010 0.000010 0.000010 0.000010
0.000010 0.000010 0.044244 0.955696 0.000010 0.000010 0.000010 0.000010
0.000010 0.000010 0.053952 0.945988 0.000010 0.000010 0.000010 0.000010
0.000565 0.000010 0.000010 0.999375 0.000010 0.000010 0.000010 0.000010
0.000010 0.000010 0.000010 0.990671 0.009269 0.000010 0.000010 0.000010
0.000010 0.007537 0.000010 0.969298 0.023115 0.000010 0.000010 0.000010
0.000010 0.000010 0.010894 0.976884 0.012172 0.000010 0.000010 0.000010
0.003093 0.000010 0.028118 0.953264 0.015485 0.000010 0.000010 0.000010
0.000010 0.000010 0.009008 0.983298 0.007644 0.000010 0.000010 0.000010
0.000010 0.000010 0.058188 0.941752 0.000010 0.000010 0.000010 0.000010
0.000010 0.000010 0.026808 0.973132 0.000010 0.000010 0.000010 0.000010
0.000010 0.000010 0.000010 0.697506 0.047489 0.245006 0.009959 0.000010
0.000010 0.000010 0.000010 0.364819 0.166473 0.252896 0.215772 0.000010
0.000010 0.024935 0.000010 0.390321 0.098681 0.355241 0.130793 0.000010
0.000010 0.000010 0.000010 0.269616 0.000010 0.730324 0.000010 0.000010
0.000010 0.021015 0.000781 0.476337 0.000010 0.501827 0.000010 0.000010
0.000010 0.000010 0.000011 0.289466 0.000010 0.710473 0.000010 0.000010
0.000010 0.000010 0.000010 0.000010 0.000010 0.999930 0.000010 0.000010
0.000010 0.000010 0.000010 0.473705 0.028763 0.471197 0.026295 0.000010
0.000010 0.000010 0.000010 0.348058 0.000010 0.651882 0.000010 0.000010
0.000010 0.796869 0.081161 0.121214 0.000010 0.000716 0.000010 0.000010
0.000010 0.773700 0.062135 0.158801 0.000010 0.005323 0.000010 0.000010
0.000010 0.769371 0.053241 0.174776 0.000010 0.002572 0.000010 0.000010
0.000010 0.721852 0.023664 0.254434 0.000010 0.000010 0.000010 0.000010
0.931683 0.000010 0.000010 0.000010 0.000010 0.000010 0.000010 0.068257
0.952680 0.026527 0.000010 0.000010 0.000010 0.000010 0.000010 0.020743
0.972661 0.004276 0.000010 0.000010 0.000010 0.003533 0.000010 0.019490
0.959426 0.012827 0.000010 0.000010 0.000010 0.000010 0.000010 0.027698
0.930285 0.020017 0.000010 0.000010 0.000010 0.000010 0.000010 0.049648
0.936073 0.000010 0.000010 0.000010 0.000010 0.000010 0.000010 0.063867
0.000010 0.003077 0.004414 0.975365 0.008603 0.008511 0.000010 0.000010
0.001303 0.000010 0.039090 0.952139 0.007428 0.000010 0.000010 0.000010
0.000010 0.000010 0.027871 0.972069 0.000010 0.000010 0.000010 0.000010
0.000010 0.000010 0.011014 0.988926 0.000010 0.000010 0.000010 0.000010
0.000010 0.012423 0.000010 0.987517 0.000010 0.000010 0.000010 0.000010
0.000010 0.000010 0.000010 0.994395 0.005545 0.000010 0.000010 0.000010
0.000010 0.000010 0.000010 0.998040 0.001900 0.000010 0.000010 0.000010
0.000010 0.000010 0.018089 0.969293 0.012568 0.000010 0.000010 0.000010
0.000010 0.010720 0.010360 0.978870 0.000010 0.000010 0.000010 0.000010
0.000010 0.002257 0.048016 0.949677 0.000010 0.000010 0.000010 0.000011
0.002203 0.000010 0.004979 0.992768 0.000010 0.000010 0.000010 0.000010
0.000010 0.002027 0.000010 0.975760 0.000010 0.022163 0.000010 0.000010
0.000010 0.006197 0.000010 0.993743 0.000010 0.000010 0.000010 0.000010
0.000984 0.000010 0.000010 0.986202 0.012764 0.000010 0.000010 0.000010
0.000010 0.000769 0.000010 0.996932 0.000010 0.000010 0.002249 0.000010
0.006943 0.000032 0.000010 0.978393 0.014593 0.000010 0.000010 0.000010
0.000010 0.001763 0.036022 0.958906 0.000010 0.003269 0.000010 0.000010
0.005714 0.019598 0.000010 0.967336 0.007311 0.000010 0.000010 0.000010
0.006656 0.008617 0.000010 0.938999 0.045472 0.000223 0.000013 0.000010
0.000010 0.018174 0.000010 0.955055 0.018590 0.000010 0.008142 0.000010
0.000010 0.000010 0.000010 0.993773 0.000010 0.006167 0.000010 0.000010
