0.000010 0.996983 0.000010 0.002997
0.000010 0.984952 0.000010 0.015028
0.000010 0.996131 0.000010 0.003849
0.000010 0.999970 0.000010 0.000010
0.000010 0.999970 0.000010 0.000010
0.000010 0.999970 0.000010 0.000010
0.000010 0.999970 0.000010 0.000010
0.000010 0.999970 0.000010 0.000010
0.000010 0.982661 0.000010 0.017319
0.000010 0.993321 0.000010 0.006659
0.000010 0.996316 0.000010 0.003664
0.000010 0.999970 0.000010 0.000010
0.000010 0.987144 0.000010 0.012836
0.000010 0.984732 0.000010 0.015248
0.000010 0.990882 0.000010 0.009098
0.000010 0.999970 0.000010 0.000010
0.000010 0.991963 0.000010 0.008017
0.000010 0.999970 0.000010 0.000010
0.000010 0.999970 0.000010 0.000010
0.000010 0.999416 0.000010 0.000564
0.000010 0.995874 0.000010 0.004106
0.000010 0.999970 0.000010 0.000010
0.000010 0.991873 0.000010 0.008107
0.000010 0.999970 0.000010 0.000010
0.000010 0.991219 0.000010 0.008761
0.000010 0.996081 0.000010 0.003899
0.000010 0.999970 0.000010 0.000010
0.000010 0.999970 0.000010 0.000010
0.000010 0.986015 0.000010 0.013965
0.000010 0.988431 0.000010 0.011549
0.000010 0.980243 0.000010 0.019737
0.000010 0.999970 0.000010 0.000010
0.000010 0.999970 0.000010 0.000010
0.000010 0.996097 0.000010 0.003883
0.000010 0.999970 0.000010 0.000010
0.000010 0.999429 0.000010 0.000551
0.000010 0.999970 0.000010 0.000010
0.000010 0.999970 0.000010 0.000010
0.000010 0.986503 0.000010 0.013477
0.000010 0.989200 0.000010 0.010780
0.000010 0.996363 0.000010 0.003617
0.000010 0.993908 0.000010 0.006072
0.000010 0.992611 0.000010 0.007369
0.000010 0.991884 0.000010 0.008096
0.000010 0.999970 0.000010 0.000010
0.000010 0.990705 0.000010 0.009275
0.000010 0.988473 0.000010 0.011507
0.000010 0.999970 0.000010 0.000010
0.000010 0.999970 0.000010 0.000010
0.000010 0.997921 0.000010 0.002059
0.000010 0.999970 0.000010 0.000010
0.000010 0.999970 0.000010 0.000010
0.065433 0.934547 0.000010 0.000010
0.053170 0.946810 0.000010 0.000010
0.041440 0.958540 0.000010 0.000010
0.064253 0.935727 0.000010 0.000010
0.071406 0.925995 0.000010 0.002589
0.058688 0.936079 0.000010 0.005223
0.061415 0.938565 0.000010 0.000010
0.063077 0.936903 0.000010 0.000010
0.036853 0.925061 0.000010 0.038075
0.061929 0.935142 0.000010 0.002919
0.049712 0.941613 0.000010 0.008665
0.065614 0.930108 0.000010 0.004268
0.054637 0.945343 0.000010 0.000010
0.072944 0.927036 0.000010 0.000010
0.050893 0.949087 0.000010 0.000010
0.052430 0.947550 0.000010 0.000010
0.044512 0.934691 0.000010 0.020787
0.000010 0.999970 0.000010 0.000010
0.000010 0.999970 0.000010 0.000010
0.000010 0.993267 0.000010 0.006713
0.000010 0.995422 0.000010 0.004558
0.000010 0.999970 0.000010 0.000010
0.000010 0.999970 0.000010 0.000010
0.000010 0.996049 0.000010 0.003931
0.000010 0.994421 0.000010 0.005559
0.000010 0.999970 0.000010 0.000010
0.000010 0.992435 0.000010 0.007545
0.000010 0.993883 0.000010 0.006097
0.000010 0.994133 0.000010 0.005847
0.000010 0.998523 0.000010 0.001457
0.000010 0.993745 0.000010 0.006235
0.000010 0.995041 0.000010 0.004939
0.000010 0.994896 0.000010 0.005084
0.000010 0.999244 0.000010 0.000736
0.000010 0.999970 0.000010 0.000010
0.000010 0.999970 0.000010 0.000010
0.000010 0.992449 0.000010 0.007531
0.000010 0.994745 0.000010 0.005235
0.000010 0.999970 0.000010 0.000010
0.000010 0.999970 0.000010 0.000010
0.000010 0.999970 0.000010 0.000010
0.000010 0.999970 0.000010 0.000010
0.000010 0.999970 0.000010 0.000010
0.000010 0.999970 0.000010 0.000010
0.000010 0.999661 0.000010 0.000319
0.000010 0.991421 0.000010 0.008559
0.000010 0.999970 0.000010 0.000010
0.000010 0.999970 0.000010 0.000010
0.051431 0.938251 0.000010 0.010309
0.063213 0.927127 0.000010 0.009650
0.037807 0.962173 0.000010 0.000010
0.056705 0.931251 0.000010 0.012034
0.070204 0.916619 0.000010 0.013167
0.080718 0.906102 0.000010 0.013169
0.048576 0.951404 0.000010 0.000010
0.038545 0.960038 0.000010 0.001407
0.039719 0.958175 0.000010 0.002096
0.056679 0.943301 0.000010 0.000010
0.030044 0.969936 0.000010 0.000010
0.055337 0.937818 0.000010 0.006835
0.054843 0.945137 0.000010 0.000010
0.059433 0.936235 0.000010 0.004323
0.062620 0.934280 0.000010 0.003090
0.055561 0.944419 0.000010 0.000010
0.068041 0.931939 0.000010 0.000010
0.044643 0.924775 0.000010 0.030571
0.057096 0.919630 0.000010 0.023264
0.045852 0.931110 0.000010 0.023028
0.034610 0.959033 0.000010 0.006347
0.070135 0.929845 0.000010 0.000010
0.052481 0.947499 0.000010 0.000010
0.040304 0.959676 0.000010 0.000010
0.029927 0.970053 0.000010 0.000010
0.059685 0.940295 0.000010 0.000010
0.058034 0.941946 0.000010 0.000010
0.042371 0.957609 0.000010 0.000010
0.052396 0.940265 0.000010 0.007329
0.052851 0.947129 0.000010 0.000010
0.066075 0.933905 0.000010 0.000010
0.071441 0.925300 0.000010 0.003249
0.056749 0.943231 0.000010 0.000010
0.063199 0.936781 0.000010 0.000010
0.058660 0.941320 0.000010 0.000010
0.059361 0.940619 0.000010 0.000010
0.042573 0.957407 0.000010 0.000010
0.044393 0.953272 0.000010 0.002325
0.050840 0.949140 0.000010 0.000010
0.055375 0.944605 0.000010 0.000010
0.053242 0.936289 0.000010 0.010458
0.035218 0.964762 0.000010 0.000010
0.047295 0.952685 0.000010 0.000010
0.069001 0.930979 0.000010 0.000010
0.035962 0.964018 0.000010 0.000010
0.042909 0.943464 0.000010 0.013617
0.048582 0.942500 0.000010 0.008908
0.029530 0.913296 0.000010 0.057164
0.065830 0.934150 0.000010 0.000010
0.065106 0.934874 0.000010 0.000010
0.019381 0.980599 0.000010 0.000010
0.058133 0.941847 0.000010 0.000010
0.046742 0.953238 0.000010 0.000010
0.052350 0.940399 0.000010 0.007241
0.022846 0.958712 0.000010 0.018432
0.057091 0.942889 0.000010 0.000010
0.059032 0.940948 0.000010 0.000010
0.041961 0.958019 0.000010 0.000010
0.055375 0.944605 0.000010 0.000010
0.043977 0.956003 0.000010 0.000010
0.075210 0.924770 0.000010 0.000010
0.036016 0.960529 0.000010 0.003445
0.068547 0.931433 0.000010 0.000010
0.049714 0.939576 0.000010 0.010700
0.045675 0.954305 0.000010 0.000010
0.066736 0.933244 0.000010 0.000010
0.045162 0.938902 0.000010 0.015926
0.057844 0.942136 0.000010 0.000010
0.064264 0.935716 0.000010 0.000010
0.063157 0.936823 0.000010 0.000010
0.059758 0.940222 0.000010 0.000010
0.046926 0.953054 0.000010 0.000010
0.071634 0.928346 0.000010 0.000010
0.059045 0.940935 0.000010 0.000010
0.032131 0.967849 0.000010 0.000010
0.055673 0.944307 0.000010 0.000010
0.038139 0.959949 0.000010 0.001902
0.026960 0.973020 0.000010 0.000010
0.046300 0.953680 0.000010 0.000010
0.060815 0.939165 0.000010 0.000010
0.066126 0.933854 0.000010 0.000010
0.053878 0.946102 0.000010 0.000010
0.999969 0.000011 0.000010 0.000010
0.999970 0.000010 0.000010 0.000010
0.999970 0.000010 0.000010 0.000010
0.999970 0.000010 0.000010 0.000010
0.999970 0.000010 0.000010 0.000010
0.999969 0.000011 0.000010 0.000010
0.999970 0.000010 0.000010 0.000010
0.999970 0.000010 0.000010 0.000010
0.999970 0.000010 0.000010 0.000010
0.999970 0.000010 0.000010 0.000010
0.999970 0.000010 0.000010 0.000010
0.999969 0.000011 0.000010 0.000010
0.999970 0.000010 0.000010 0.000010
0.999970 0.000010 0.000010 0.000010
0.999970 0.000010 0.000010 0.000010
0.999970 0.000010 0.000010 0.000010
0.999970 0.000010 0.000010 0.000010
0.999970 0.000010 0.000010 0.000010
0.999964 0.000016 0.000010 0.000010
0.999970 0.000010 0.000010 0.000010
0.999970 0.000010 0.000010 0.000010
0.999970 0.000010 0.000010 0.000010
0.999970 0.000010 0.000010 0.000010
0.999970 0.000010 0.000010 0.000010
0.999970 0.000010 0.000010 0.000010
0.999970 0.000010 0.000010 0.000010
0.999970 0.000010 0.000010 0.000010
0.999970 0.000010 0.000010 0.000010
0.999970 0.000010 0.000010 0.000010
0.999970 0.000010 0.000010 0.000010
0.999970 0.000010 0.000010 0.000010
0.999969 0.000011 0.000010 0.000010
0.999970 0.000010 0.000010 0.000010
0.999970 0.000010 0.000010 0.000010
0.999970 0.000010 0.000010 0.000010
0.999970 0.000010 0.000010 0.000010
0.999970 0.000010 0.000010 0.000010
0.999970 0.000010 0.000010 0.000010
0.999970 0.000010 0.000010 0.000010
0.999970 0.000010 0.000010 0.000010
0.999970 0.000010 0.000010 0.000010
0.099664 0.819054 0.081273 0.000010
0.123596 0.699419 0.176975 0.000010
0.053496 0.845884 0.078079 0.022542
0.999970 0.000010 0.000010 0.000010
0.999970 0.000010 0.000010 0.000010
0.999970 0.000010 0.000010 0.000010
0.999970 0.000010 0.000010 0.000010
0.999970 0.000010 0.000010 0.000010
0.999967 0.000013 0.000010 0.000010
0.999970 0.000010 0.000010 0.000010
0.999970 0.000010 0.000010 0.000010
0.999970 0.000010 0.000010 0.000010
0.999970 0.000010 0.000010 0.000010
0.988045 0.011285 0.000010 0.000660
0.999970 0.000010 0.000010 0.000010
0.999970 0.000010 0.000010 0.000010
0.999969 0.000011 0.000010 0.000010
0.999970 0.000010 0.000010 0.000010
0.999970 0.000010 0.000010 0.000010
0.999970 0.000010 0.000010 0.000010
0.999970 0.000010 0.000010 0.000010
0.999970 0.000010 0.000010 0.000010
0.999970 0.000010 0.000010 0.000010
0.999970 0.000010 0.000010 0.000010
0.999970 0.000010 0.000010 0.000010
0.999970 0.000010 0.000010 0.000010
0.999970 0.000010 0.000010 0.000010
0.947919 0.020557 0.031514 0.000010
0.999970 0.000010 0.000010 0.000010
0.999970 0.000010 0.000010 0.000010
0.999970 0.000010 0.000010 0.000010
0.999970 0.000010 0.000010 0.000010
0.999970 0.000010 0.000010 0.000010
0.999970 0.000010 0.000010 0.000010
0.999970 0.000010 0.000010 0.000010
0.999970 0.000010 0.000010 0.000010
0.072564 0.770807 0.154235 0.002394
0.089211 0.737846 0.167961 0.004981
0.072957 0.844533 0.071617 0.010893
0.095502 0.813227 0.080521 0.010750
0.999970 0.000010 0.000010 0.000010
0.999970 0.000010 0.000010 0.000010
0.999970 0.000010 0.000010 0.000010
0.999970 0.000010 0.000010 0.000010
0.999970 0.000010 0.000010 0.000010
0.999970 0.000010 0.000010 0.000010
0.999970 0.000010 0.000010 0.000010
0.999970 0.000010 0.000010 0.000010
0.999970 0.000010 0.000010 0.000010
0.999970 0.000010 0.000010 0.000010
0.999970 0.000010 0.000010 0.000010
0.999970 0.000010 0.000010 0.000010
0.999969 0.000011 0.000010 0.000010
0.999970 0.000010 0.000010 0.000010
0.999970 0.000010 0.000010 0.000010
0.999970 0.000010 0.000010 0.000010
0.999970 0.000010 0.000010 0.000010
0.999969 0.000011 0.000010 0.000010
0.999970 0.000010 0.000010 0.000010
0.999970 0.000010 0.000010 0.000010
0.999970 0.000010 0.000010 0.000010
0.999970 0.000010 0.000010 0.000010
0.999970 0.000010 0.000010 0.000010
0.999970 0.000010 0.000010 0.000010
0.999970 0.000010 0.000010 0.000010
0.999970 0.000010 0.000010 0.000010
0.044383 0.928405 0.020114 0.007098
0.084566 0.856367 0.050599 0.008468
0.127200 0.767020 0.105770 0.000010
0.061779 0.880695 0.057517 0.000010
0.061910 0.861024 0.077056 0.000010
0.019301 0.914873 0.051250 0.014576
0.088945 0.791086 0.119959 0.000010
0.019985 0.900403 0.054091 0.025520
0.141502 0.766772 0.091716 0.000010
0.999970 0.000010 0.000010 0.000010
0.999970 0.000010 0.000010 0.000010
0.999970 0.000010 0.000010 0.000010
0.999970 0.000010 0.000010 0.000010
0.986624 0.000010 0.000010 0.013356
0.999970 0.000010 0.000010 0.000010
0.999970 0.000010 0.000010 0.000010
0.999970 0.000010 0.000010 0.000010
0.999672 0.000010 0.000010 0.000308
0.999970 0.000010 0.000010 0.000010
0.999970 0.000010 0.000010 0.000010
0.999970 0.000010 0.000010 0.000010
0.999970 0.000010 0.000010 0.000010
0.999962 0.000018 0.000010 0.000010
0.051362 0.864294 0.084334 0.000010
0.074573 0.808709 0.116707 0.000010
0.069805 0.698536 0.231649 0.000010
0.120820 0.669152 0.210018 0.000010
0.117855 0.662049 0.220086 0.000010
0.093604 0.846914 0.059472 0.000010
0.065392 0.809070 0.125529 0.000010
0.089261 0.769012 0.132011 0.009716
0.074503 0.833478 0.092010 0.000010
0.085549 0.844071 0.070370 0.000010
0.077092 0.557627 0.347603 0.017677
0.068389 0.754979 0.176622 0.000010
0.079078 0.853331 0.067581 0.000010
0.086705 0.825144 0.081503 0.006648
0.100893 0.818168 0.080929 0.000010
0.090275 0.859112 0.050603 0.000010
0.077945 0.842902 0.079143 0.000010
0.091649 0.831520 0.076821 0.000010
0.018449 0.869869 0.090322 0.021361
0.111606 0.691507 0.196878 0.000010
0.077664 0.755931 0.160811 0.005594
0.125452 0.786578 0.087960 0.000010
0.103353 0.694189 0.202447 0.000010
0.095734 0.810494 0.093763 0.000010
0.077779 0.791067 0.126237 0.004917
0.116293 0.754712 0.128985 0.000010
0.067632 0.749472 0.177009 0.005888
0.083310 0.760038 0.147126 0.009526
0.078520 0.661367 0.256393 0.003720
0.073217 0.792474 0.133726 0.000583
0.078955 0.807767 0.113268 0.000010
0.092532 0.816873 0.090585 0.000010
0.077479 0.827087 0.095424 0.000010
0.097253 0.754333 0.148404 0.000010
0.075306 0.756348 0.168336 0.000010
0.085066 0.828609 0.077953 0.008371
0.046976 0.859681 0.077468 0.015875
0.066670 0.704027 0.229293 0.000010
0.036836 0.316633 0.646520 0.000010
0.085577 0.781416 0.130411 0.002596
0.094206 0.791617 0.114167 0.000010
0.035907 0.949067 0.011017 0.004008
0.189175 0.800498 0.010317 0.000010
0.076209 0.867616 0.056165 0.000010
0.197197 0.760165 0.042627 0.000010
0.120796 0.805023 0.069437 0.004743
0.186052 0.679455 0.134483 0.000010
0.173538 0.726020 0.092497 0.007945
0.145839 0.796172 0.057979 0.000010
0.161848 0.782402 0.055740 0.000010
0.097648 0.875552 0.020388 0.006413
0.144838 0.738109 0.117043 0.000010
0.174837 0.734110 0.091043 0.000010
0.228307 0.748848 0.022835 0.000010
0.187808 0.640517 0.171665 0.000010
0.175190 0.786167 0.038634 0.000010
0.236400 0.580420 0.183170 0.000010
0.147154 0.798249 0.054587 0.000010
0.291482 0.611667 0.096841 0.000010
0.108346 0.709327 0.182317 0.000010
0.096675 0.792729 0.097129 0.013468
0.064156 0.835383 0.093169 0.007291
0.087880 0.685540 0.226569 0.000010
0.031252 0.884555 0.028519 0.055674
0.095241 0.785721 0.119028 0.000010
0.084329 0.732744 0.182917 0.000010
0.027676 0.897450 0.062141 0.012733
0.067721 0.872537 0.059733 0.000010
0.093879 0.818766 0.087345 0.000010
0.133788 0.796164 0.070038 0.000010
0.090134 0.774111 0.135745 0.000010
0.090730 0.790240 0.119020 0.000010
0.157215 0.664343 0.178431 0.000010
0.139012 0.659464 0.201514 0.000010
0.140849 0.708724 0.150417 0.000010
0.127109 0.783404 0.089477 0.000010
0.078687 0.856536 0.064767 0.000010
0.088360 0.728111 0.183519 0.000010
0.047640 0.886614 0.043627 0.022119
0.084415 0.797217 0.096707 0.021661
0.064836 0.817864 0.117290 0.000010
0.047218 0.269173 0.683599 0.000010
0.034289 0.437844 0.496454 0.031413
0.111221 0.695374 0.193394 0.000010
0.054454 0.807726 0.116730 0.021090
0.201553 0.722004 0.076433 0.000010
0.170702 0.809956 0.019332 0.000010
0.136416 0.815152 0.048422 0.000010
0.183633 0.648235 0.168122 0.000010
0.112204 0.885501 0.002285 0.000010
0.176692 0.809120 0.014178 0.000010
0.087135 0.887980 0.024875 0.000010
0.196531 0.664732 0.138727 0.000010
0.157018 0.769389 0.073583 0.000010
0.156359 0.770509 0.073122 0.000010
0.206207 0.618743 0.175040 0.000010
0.010985 0.967301 0.006079 0.015636
0.232854 0.757863 0.009273 0.000010
0.157589 0.824381 0.018020 0.000010
0.158484 0.815113 0.026393 0.000010
0.135712 0.801057 0.063220 0.000010
0.078314 0.676693 0.244983 0.000010
0.112230 0.771467 0.108811 0.007493
0.122640 0.764436 0.105980 0.006944
0.110052 0.735921 0.151234 0.002793
0.091265 0.676623 0.232102 0.000010
0.054824 0.845380 0.088815 0.010981
0.069347 0.795020 0.130414 0.005218
0.089679 0.784472 0.114308 0.011541
0.041708 0.815769 0.127896 0.014627
0.121723 0.773902 0.104365 0.000010
0.000010 0.999970 0.000010 0.000010
0.390307 0.597252 0.012430 0.000010
0.143864 0.506947 0.349179 0.000010
0.259256 0.712094 0.028641 0.000010
0.142389 0.801725 0.055876 0.000010
0.257166 0.702583 0.040241 0.000010
0.252301 0.673466 0.074223 0.000010
0.174130 0.813345 0.012515 0.000010
0.117918 0.853951 0.028121 0.000010
0.102724 0.880241 0.017025 0.000010
0.183552 0.759339 0.057098 0.000010
0.188059 0.795586 0.016345 0.000010
0.155467 0.800446 0.044076 0.000010
0.154003 0.788604 0.057383 0.000010
0.151015 0.723701 0.125274 0.000010
0.208901 0.617154 0.173935 0.000010
0.174911 0.679186 0.145893 0.000010
0.168437 0.721626 0.109926 0.000010
0.338345 0.539553 0.122092 0.000010
0.194045 0.767682 0.038263 0.000010
0.159543 0.828753 0.011694 0.000010
0.194747 0.669507 0.135736 0.000010
0.196330 0.703000 0.100659 0.000010
0.245543 0.718407 0.036039 0.000010
0.137170 0.832616 0.030204 0.000010
0.138264 0.799139 0.062587 0.000010
0.077531 0.856252 0.049095 0.017123
0.184223 0.535450 0.280318 0.000010
0.110872 0.723942 0.165176 0.000010
0.091447 0.695298 0.213245 0.000010
0.078502 0.842138 0.079350 0.000010
0.118904 0.707197 0.172513 0.001386
0.092052 0.739961 0.166223 0.001764
0.118736 0.711567 0.169686 0.000010
0.096468 0.715799 0.174127 0.013606
0.064605 0.820322 0.093914 0.021160
0.129330 0.785076 0.085583 0.000010
0.122028 0.730884 0.137278 0.009810
0.105205 0.748619 0.138533 0.007643
0.164613 0.720576 0.114801 0.000010
0.158717 0.812948 0.028325 0.000010
0.332673 0.623043 0.044274 0.000010
0.066951 0.924311 0.008728 0.000010
0.011102 0.952119 0.011138 0.025641
0.275151 0.709918 0.014921 0.000010
0.365540 0.583006 0.051443 0.000010
0.195023 0.716857 0.088110 0.000010
0.168297 0.768670 0.063022 0.000010
0.250873 0.716779 0.032338 0.000010
0.254654 0.700220 0.045116 0.000010
0.251013 0.713277 0.035700 0.000010
0.244090 0.578611 0.177289 0.000010
0.208508 0.505613 0.285869 0.000010
0.201458 0.614464 0.184068 0.000010
0.119296 0.867866 0.012829 0.000010
0.110923 0.869559 0.019508 0.000010
0.080021 0.878574 0.037380 0.004026
0.071793 0.900243 0.027955 0.000010
0.160571 0.482900 0.356519 0.000010
0.231956 0.734283 0.033751 0.000010
0.088919 0.761886 0.149186 0.000010
0.064122 0.897112 0.016657 0.022109
0.093105 0.896802 0.010083 0.000010
0.126053 0.849858 0.024079 0.000010
0.267215 0.638137 0.094638 0.000010
0.251975 0.633813 0.114202 0.000010
0.223606 0.736282 0.040102 0.000010
0.220065 0.736525 0.043399 0.000010
0.000010 0.948841 0.020407 0.030742
0.000010 0.965230 0.021509 0.013251
0.000010 0.976532 0.008330 0.015127
0.000010 0.983995 0.010860 0.005135
0.000010 0.975491 0.011600 0.012899
0.000010 0.979476 0.010187 0.010327
0.000010 0.988184 0.011796 0.000010
0.000010 0.981126 0.005322 0.013542
0.000010 0.994064 0.000955 0.004971
0.000010 0.993937 0.006043 0.000010
0.000010 0.999970 0.000010 0.000010
0.000010 0.999970 0.000010 0.000010
0.000010 0.999970 0.000010 0.000010
0.000010 0.999970 0.000010 0.000010
0.000010 0.999970 0.000010 0.000010
0.000010 0.999970 0.000010 0.000010
0.000010 0.983134 0.009596 0.007259
0.000010 0.981720 0.014980 0.003290
0.000010 0.953155 0.028397 0.018438
0.000010 0.981661 0.018319 0.000010
0.000010 0.967810 0.019636 0.012543
0.000010 0.974116 0.014085 0.011789
0.000010 0.994065 0.005915 0.000010
0.000010 0.996806 0.000010 0.003174
0.139677 0.797387 0.062926 0.000010
0.151771 0.466385 0.381834 0.000010
0.223217 0.542501 0.234273 0.000010
0.457058 0.541283 0.001649 0.000010
0.311943 0.676031 0.012016 0.000010
0.436856 0.563124 0.000010 0.000010
0.631502 0.368478 0.000010 0.000010
0.277280 0.662308 0.060401 0.000010
0.394590 0.596600 0.008800 0.000010
0.000010 0.194460 0.000010 0.805520
0.000010 0.215352 0.000010 0.784628
0.000010 0.224058 0.000010 0.775922
0.000010 0.271542 0.000010 0.728438
0.984648 0.000010 0.000010 0.015332
0.962121 0.000010 0.000010 0.037859
0.980101 0.000010 0.000010 0.019879
0.973523 0.000010 0.000010 0.026457
0.970975 0.000010 0.000010 0.029005
0.986555 0.000010 0.000010 0.013425
0.000010 0.972324 0.012962 0.014704
0.000010 0.972435 0.015302 0.012254
0.000010 0.980555 0.004202 0.015232
0.000010 0.989811 0.010169 0.000010
0.000010 0.973498 0.006358 0.020133
0.000010 0.985499 0.014184 0.000307
0.000010 0.988386 0.011594 0.000010
0.000010 0.975949 0.018516 0.005525
0.000010 0.974744 0.001173 0.024073
0.000010 0.974816 0.000993 0.024181
0.000010 0.975502 0.008207 0.016281
0.000010 0.968959 0.007503 0.023528
0.000010 0.972517 0.006424 0.021049
0.000010 0.981562 0.018418 0.000010
0.000010 0.983270 0.011180 0.005541
0.000010 0.962167 0.020371 0.017451
0.000010 0.978849 0.001998 0.019143
0.000010 0.947192 0.013675 0.039122
0.000010 0.917234 0.051862 0.030894
0.000010 0.937272 0.032675 0.030043
0.000010 0.999767 0.000010 0.000213
0.000010 0.986442 0.000010 0.013538
0.000010 0.950957 0.022308 0.026725
0.000010 0.949351 0.040100 0.010540
0.000010 0.973218 0.004125 0.022647
0.000010 0.993079 0.000010 0.006901
0.000010 0.999970 0.000010 0.000010
0.000010 0.997690 0.000010 0.002290
0.000010 0.999970 0.000010 0.000010
0.000010 0.999970 0.000010 0.000010
0.000010 0.994578 0.005402 0.000010
0.000010 0.989952 0.006172 0.003866
0.000010 0.999970 0.000010 0.000010
0.000010 0.995789 0.000010 0.004191
0.000010 0.972064 0.017960 0.009967
0.000010 0.973926 0.011568 0.014496
0.000010 0.949771 0.045596 0.004623
0.000010 0.938486 0.045103 0.016400
0.000010 0.952740 0.025367 0.021883
0.000010 0.964291 0.017381 0.018318
0.000010 0.999970 0.000010 0.000010
0.000010 0.999970 0.000010 0.000010
0.000010 0.950875 0.021042 0.028073
0.000010 0.965777 0.018005 0.016208
0.000010 0.973916 0.006933 0.019141
0.000010 0.966552 0.014305 0.019134
0.000010 0.978972 0.021008 0.000010
0.000010 0.952925 0.015946 0.031119
0.000010 0.993815 0.006165 0.000010
0.000010 0.993779 0.006201 0.000010
0.000010 0.967040 0.010910 0.022040
0.000010 0.969610 0.019948 0.010432
0.000010 0.981174 0.000010 0.018806
0.000010 0.983372 0.001975 0.014643
0.000010 0.967935 0.015534 0.016521
0.000010 0.930377 0.034618 0.034995
0.000010 0.961487 0.015227 0.023276
0.000010 0.959851 0.019176 0.020963
0.000010 0.986943 0.013037 0.000010
0.000010 0.999970 0.000010 0.000010
0.000010 0.977756 0.000010 0.022224
0.000010 0.992498 0.000010 0.007482
0.000010 0.987949 0.000010 0.012031
0.000010 0.982279 0.000010 0.017701
0.000010 0.995167 0.000010 0.004813
0.000010 0.983612 0.001227 0.015151
0.000010 0.970175 0.014981 0.014834
0.000010 0.984172 0.012265 0.003553
0.000010 0.979465 0.000010 0.020515
0.000010 0.989792 0.000010 0.010188
0.000010 0.999970 0.000010 0.000010
0.000010 0.985075 0.000010 0.014905
0.000010 0.989267 0.000010 0.010713
0.999969 0.000011 0.000010 0.000010
0.999161 0.000010 0.000010 0.000819
0.999970 0.000010 0.000010 0.000010
0.999970 0.000010 0.000010 0.000010
0.999970 0.000010 0.000010 0.000010
0.999970 0.000010 0.000010 0.000010
0.999970 0.000010 0.000010 0.000010
0.999970 0.000010 0.000010 0.000010
0.999970 0.000010 0.000010 0.000010
0.999970 0.000010 0.000010 0.000010
0.999970 0.000010 0.000010 0.000010
0.999970 0.000010 0.000010 0.000010
0.993687 0.000010 0.000010 0.006293
0.999970 0.000010 0.000010 0.000010
0.999970 0.000010 0.000010 0.000010
0.999970 0.000010 0.000010 0.000010
0.999970 0.000010 0.000010 0.000010
0.999970 0.000010 0.000010 0.000010
0.999970 0.000010 0.000010 0.000010
0.990985 0.000010 0.000010 0.008995
0.999970 0.000010 0.000010 0.000010
0.999970 0.000010 0.000010 0.000010
0.980228 0.000010 0.000010 0.019752
0.980432 0.000010 0.000010 0.019548
0.977556 0.000010 0.000010 0.022424
0.987700 0.000010 0.000010 0.012280
0.972446 0.000010 0.000010 0.027534
0.971491 0.000010 0.000010 0.028489
0.959638 0.000010 0.000010 0.040342
0.969535 0.000010 0.000010 0.030445
0.974520 0.000010 0.000010 0.025460
0.962587 0.000010 0.000010 0.037393
0.978973 0.000010 0.000010 0.021007
0.986051 0.000011 0.000010 0.013929
0.976667 0.000012 0.000010 0.023312
0.976743 0.000010 0.000010 0.023237
0.969454 0.000010 0.000010 0.030526
0.978582 0.000010 0.000010 0.021398
0.989465 0.000010 0.000010 0.010515
0.990764 0.000010 0.000010 0.009216
0.988117 0.000010 0.000010 0.011863
0.974446 0.000010 0.000010 0.025534
0.979532 0.000010 0.000010 0.020448
0.989906 0.000010 0.000010 0.010074
0.979131 0.000010 0.000010 0.020849
0.994758 0.000010 0.000010 0.005222
0.965745 0.000010 0.000010 0.034235
0.971318 0.000010 0.000010 0.028662
0.975502 0.000010 0.000010 0.024478
0.986151 0.000010 0.000010 0.013829
0.983739 0.000010 0.000010 0.016241
0.966006 0.000010 0.000010 0.033974
0.976132 0.000010 0.000010 0.023848
0.977598 0.000010 0.000010 0.022382
0.974836 0.000010 0.000010 0.025144
0.968697 0.000010 0.000010 0.031283
0.001006 0.155407 0.840093 0.003495
0.054307 0.057883 0.544106 0.343704
0.000010 0.038779 0.961201 0.000010
0.000010 0.137660 0.854016 0.008315
0.000010 0.053092 0.946888 0.000010
0.000010 0.106449 0.887828 0.005713
0.000010 0.026398 0.973582 0.000010
0.000010 0.113563 0.878480 0.007947
0.485117 0.462936 0.051937 0.000010
0.372225 0.506095 0.121670 0.000010
0.000010 0.082586 0.914598 0.002806
0.000010 0.018662 0.976290 0.005038
0.000010 0.087656 0.906417 0.005917
0.000010 0.146894 0.853086 0.000010
0.000010 0.055442 0.927956 0.016591
0.565598 0.426136 0.008256 0.000010
0.501961 0.494792 0.003237 0.000010
0.654592 0.345388 0.000010 0.000010
0.520564 0.479413 0.000013 0.000010
0.632603 0.367377 0.000010 0.000010
0.514051 0.380420 0.105519 0.000010
0.670960 0.329020 0.000010 0.000010
0.630152 0.369828 0.000010 0.000010
0.523739 0.476241 0.000010 0.000010
0.474006 0.432286 0.093698 0.000010
0.486264 0.513716 0.000010 0.000010
0.677753 0.322227 0.000010 0.000010
0.505255 0.485472 0.009264 0.000010
0.553544 0.388953 0.057492 0.000010
0.559346 0.435500 0.005144 0.000010
0.731050 0.262299 0.006640 0.000010
0.521541 0.472515 0.005934 0.000010
0.419292 0.553621 0.027077 0.000010
0.504476 0.336753 0.158761 0.000010
0.574369 0.378564 0.047056 0.000010
0.645988 0.337270 0.016732 0.000010
0.595556 0.392521 0.011913 0.000010
0.612616 0.387364 0.000010 0.000010
0.000010 0.068088 0.931892 0.000010
0.000010 0.135197 0.861034 0.003759
0.675184 0.324796 0.000010 0.000010
0.397105 0.520589 0.082296 0.000010
0.421257 0.571411 0.007322 0.000010
0.649173 0.346927 0.003890 0.000010
0.438154 0.561826 0.000010 0.000010
0.384448 0.468506 0.147036 0.000010
0.539584 0.434304 0.026102 0.000010
0.648571 0.351409 0.000010 0.000010
0.452862 0.538394 0.008734 0.000010
0.525465 0.472916 0.001609 0.000010
0.465739 0.526637 0.007614 0.000010
0.490750 0.487478 0.021762 0.000010
0.526210 0.469854 0.003926 0.000010
0.000010 0.071673 0.924522 0.003795
0.000010 0.127578 0.872402 0.000010
0.000010 0.440691 0.557813 0.001485
0.000010 0.135650 0.855338 0.009003
0.005472 0.071944 0.922574 0.000010
0.496260 0.488952 0.014778 0.000010
0.614640 0.385340 0.000010 0.000010
0.585204 0.414776 0.000010 0.000010
0.521077 0.476488 0.002425 0.000010
0.547963 0.448923 0.003104 0.000010
0.564352 0.428142 0.007495 0.000010
0.000010 0.155159 0.844821 0.000010
0.000010 0.164383 0.835597 0.000010
0.000010 0.078227 0.921753 0.000010
0.000010 0.026570 0.966941 0.006479
0.000010 0.132099 0.867881 0.000010
0.892476 0.000010 0.000010 0.107504
0.961389 0.000012 0.000010 0.038589
0.977585 0.000010 0.000010 0.022395
0.970352 0.000010 0.000010 0.029628
0.987727 0.000010 0.000010 0.012253
0.986098 0.000010 0.000010 0.013882
0.999970 0.000010 0.000010 0.000010
0.977381 0.000010 0.000010 0.022599
0.999970 0.000010 0.000010 0.000010
0.999970 0.000010 0.000010 0.000010
0.990971 0.000010 0.000010 0.009009
0.972332 0.000012 0.000010 0.027646
0.971486 0.000010 0.000010 0.028494
0.975666 0.000010 0.000010 0.024314
0.970891 0.000010 0.000010 0.029089
0.971915 0.000010 0.000010 0.028065
0.986464 0.000010 0.000010 0.013516
0.000010 0.022952 0.975351 0.001686
0.000010 0.027760 0.972220 0.000010
0.000010 0.058594 0.936854 0.004542
0.000010 0.129300 0.870680 0.000010
0.977048 0.000010 0.000010 0.022932
0.944111 0.000010 0.000010 0.055869
0.986124 0.000010 0.000010 0.013856
0.974028 0.000010 0.000010 0.025952
0.983768 0.000012 0.000010 0.016210
0.954428 0.000010 0.000010 0.045552
0.976469 0.000010 0.000010 0.023511
0.961768 0.000010 0.000010 0.038212
0.984552 0.000010 0.000010 0.015428
0.963097 0.000010 0.000010 0.036883
0.986918 0.000010 0.000010 0.013062
0.992807 0.000010 0.000010 0.007173
0.977790 0.000010 0.000010 0.022190
0.976248 0.000010 0.000010 0.023732
0.988083 0.000010 0.000010 0.011897
0.975376 0.000010 0.000010 0.024604
0.978797 0.000010 0.000010 0.021183
0.965891 0.000011 0.000010 0.034089
0.973551 0.000010 0.000010 0.026429
0.987058 0.000010 0.000010 0.012922
0.444661 0.544433 0.010896 0.000010
0.369325 0.516339 0.114326 0.000010
0.000010 0.056641 0.935613 0.007736
0.607618 0.392362 0.000010 0.000010
0.638035 0.361945 0.000010 0.000010
0.000012 0.035787 0.964191 0.000010
0.003139 0.154940 0.832067 0.009854
0.000010 0.073475 0.926505 0.000010
0.975449 0.000010 0.000010 0.024530
0.967420 0.000010 0.000010 0.032560
0.975596 0.000010 0.000010 0.024384
0.991118 0.000010 0.000010 0.008862
0.993131 0.000010 0.000010 0.006849
0.969693 0.000010 0.000010 0.030287
0.973329 0.000010 0.000010 0.026651
0.902619 0.000010 0.000010 0.097361
0.974669 0.000010 0.000010 0.025311
0.985757 0.000010 0.000010 0.014223
0.965422 0.000010 0.000010 0.034558
0.985388 0.000010 0.000010 0.014592
0.974346 0.000010 0.000010 0.025634
0.981759 0.000010 0.000010 0.018221
0.975084 0.000010 0.000010 0.024896
0.978195 0.000012 0.000010 0.021783
0.890488 0.072548 0.000010 0.036954
0.000010 0.174983 0.817683 0.007324
0.000010 0.064157 0.933247 0.002585
0.586092 0.413888 0.000010 0.000010
0.618601 0.381379 0.000010 0.000010
0.998004 0.000010 0.000010 0.001976
0.997603 0.000010 0.000010 0.002377
0.995362 0.000010 0.000010 0.004618
0.999970 0.000010 0.000010 0.000010
0.999970 0.000010 0.000010 0.000010
0.999509 0.000010 0.000010 0.000471
0.995186 0.000010 0.000010 0.004794
0.984318 0.000010 0.000010 0.015662
0.999970 0.000010 0.000010 0.000010
0.999970 0.000010 0.000010 0.000010
0.999880 0.000010 0.000010 0.000100
0.999970 0.000010 0.000010 0.000010
0.999970 0.000010 0.000010 0.000010
0.999970 0.000010 0.000010 0.000010
0.999970 0.000010 0.000010 0.000010
0.999970 0.000010 0.000010 0.000010
0.999970 0.000010 0.000010 0.000010
0.993797 0.000010 0.000010 0.006183
0.999970 0.000010 0.000010 0.000010
0.999968 0.000012 0.000010 0.000010
0.000010 0.999970 0.000010 0.000010
0.000010 0.999817 0.000010 0.000163
0.000010 0.967037 0.000010 0.032943
0.000010 0.981429 0.002164 0.016397
0.000010 0.970873 0.000010 0.029107
0.000010 0.986115 0.000010 0.013865
0.000010 0.984529 0.000010 0.015451
0.000010 0.981444 0.000010 0.018536
0.000010 0.985414 0.014566 0.000010
0.000010 0.980176 0.016535 0.003279
0.000010 0.974587 0.007244 0.018159
0.000010 0.973602 0.011998 0.014389
0.000010 0.972598 0.015706 0.011686
0.000010 0.912383 0.009390 0.078218
0.440030 0.544893 0.015068 0.000010
0.358081 0.633875 0.008034 0.000010
0.000010 0.063299 0.929036 0.007655
0.010071 0.215941 0.773978 0.000010
0.662582 0.337398 0.000010 0.000010
0.558597 0.437299 0.004094 0.000010
0.624723 0.375257 0.000010 0.000010
0.638199 0.357164 0.004627 0.000010
0.662405 0.332881 0.004704 0.000010
0.686099 0.313881 0.000010 0.000010
0.399851 0.348444 0.251694 0.000010
0.644388 0.355592 0.000010 0.000010
0.459977 0.540003 0.000010 0.000010
0.610624 0.382187 0.007178 0.000010
0.000010 0.038066 0.961914 0.000010
0.000010 0.206330 0.788121 0.005539
0.000010 0.199166 0.792591 0.008233
0.000010 0.150110 0.844141 0.005739
0.532850 0.454393 0.012747 0.000010
0.496331 0.496096 0.007563 0.000010
0.652459 0.347521 0.000010 0.000010
0.579329 0.420651 0.000010 0.000010
0.582717 0.417263 0.000010 0.000010
0.539009 0.456550 0.004431 0.000010
0.000010 0.047981 0.940116 0.011893
0.000010 0.112313 0.887667 0.000010
0.000010 0.088271 0.904368 0.007350
0.002575 0.063550 0.933864 0.000010
0.000010 0.120793 0.879187 0.000010
0.000010 0.049440 0.949732 0.000818
0.000010 0.039693 0.943236 0.017062
0.000010 0.108280 0.879992 0.011719
0.000010 0.069154 0.929938 0.000899
0.005721 0.012050 0.974370 0.007859
0.000010 0.095661 0.893072 0.011257
0.000010 0.087913 0.912067 0.000010
0.000010 0.224445 0.762346 0.013199
0.000010 0.120120 0.875771 0.004098
0.000010 0.019680 0.980300 0.000010
0.000010 0.219457 0.779836 0.000697
0.398869 0.530080 0.071042 0.000010
0.556988 0.437459 0.005544 0.000010
0.989098 0.000010 0.000010 0.010882
0.999970 0.000010 0.000010 0.000010
0.995306 0.000010 0.000010 0.004674
0.999970 0.000010 0.000010 0.000010
0.999970 0.000010 0.000010 0.000010
0.999970 0.000010 0.000010 0.000010
0.999970 0.000010 0.000010 0.000010
0.998776 0.000010 0.000010 0.001204
0.999970 0.000010 0.000010 0.000010
0.999970 0.000010 0.000010 0.000010
0.999970 0.000010 0.000010 0.000010
0.999970 0.000010 0.000010 0.000010
0.999970 0.000010 0.000010 0.000010
0.999970 0.000010 0.000010 0.000010
0.999970 0.000010 0.000010 0.000010
0.990012 0.000010 0.000010 0.009968
0.999534 0.000010 0.000010 0.000446
0.999970 0.000010 0.000010 0.000010
0.999970 0.000010 0.000010 0.000010
0.999970 0.000010 0.000010 0.000010
0.999970 0.000010 0.000010 0.000010
0.999970 0.000010 0.000010 0.000010
0.994365 0.000010 0.000010 0.005615
0.998208 0.000010 0.000010 0.001772
0.999970 0.000010 0.000010 0.000010
0.999970 0.000010 0.000010 0.000010
0.999970 0.000010 0.000010 0.000010
0.995689 0.000010 0.000010 0.004291
0.999970 0.000010 0.000010 0.000010
0.999970 0.000010 0.000010 0.000010
0.999970 0.000010 0.000010 0.000010
0.000141 0.057056 0.924602 0.018201
0.000010 0.415641 0.583405 0.000944
0.386035 0.554095 0.059860 0.000010
0.000010 0.077799 0.915943 0.006248
0.000010 0.089671 0.909353 0.000966
0.000010 0.103460 0.879222 0.017308
0.000010 0.043233 0.948069 0.008689
0.002558 0.004897 0.983388 0.009157
0.000010 0.160277 0.833801 0.005912
0.000010 0.054573 0.945407 0.000010
0.000010 0.072987 0.926993 0.000010
0.000010 0.125670 0.851805 0.022515
0.000010 0.000010 0.991039 0.008941
0.000010 0.030652 0.952647 0.016690
0.000010 0.000010 0.999970 0.000010
0.000010 0.000010 0.999970 0.000010
0.000010 0.054396 0.932679 0.012916
0.000010 0.069977 0.930003 0.000010
0.000010 0.143672 0.846580 0.009737
0.000010 0.128882 0.871098 0.000010
0.000010 0.093770 0.906210 0.000010
0.008240 0.077522 0.906472 0.007766
0.000010 0.100141 0.899839 0.000010
0.000010 0.258941 0.741039 0.000010
0.000010 0.118665 0.881315 0.000010
0.000010 0.248804 0.000010 0.751176
0.000010 0.178501 0.000010 0.821479
0.000010 0.219405 0.000010 0.780575
0.007919 0.284947 0.000010 0.707124
0.000010 0.073515 0.926465 0.000010
0.000010 0.045648 0.948863 0.005478
0.000010 0.216065 0.782712 0.001213
0.000010 0.166603 0.823476 0.009911
0.000010 0.094991 0.900678 0.004322
0.000010 0.068883 0.922691 0.008416
0.000010 0.061507 0.938473 0.000010
0.976782 0.000010 0.000010 0.023198
0.999970 0.000010 0.000010 0.000010
0.970391 0.000010 0.000010 0.029589
0.965199 0.000010 0.000010 0.034781
0.000010 0.173838 0.822878 0.003274
0.000010 0.032939 0.960848 0.006204
0.000010 0.166149 0.813264 0.020576
0.000010 0.087064 0.910115 0.002811
0.000010 0.064606 0.925466 0.009918
0.000010 0.028901 0.968633 0.002456
0.000010 0.111115 0.888865 0.000010
0.000010 0.095548 0.889245 0.015197
0.000010 0.042621 0.936807 0.020562
0.000010 0.081063 0.900796 0.018132
0.000010 0.010344 0.967465 0.022182
0.000010 0.000010 0.994492 0.005488
0.000010 0.026464 0.971470 0.002056
0.000010 0.000010 0.987316 0.012664
0.000010 0.000010 0.990859 0.009121
0.000010 0.018066 0.979575 0.002348
0.000010 0.037161 0.958760 0.004069
0.000010 0.195296 0.804684 0.000010
0.000010 0.141586 0.858394 0.000010
0.000010 0.004210 0.984847 0.010933
0.000010 0.000010 0.989895 0.010085
0.000010 0.004769 0.990118 0.005104
0.000010 0.000010 0.983721 0.016259
0.000010 0.010221 0.984566 0.005202
0.000010 0.000010 0.980517 0.019463
0.007716 0.019121 0.966294 0.006869
0.000010 0.003974 0.984012 0.012004
0.000010 0.245993 0.000010 0.753987
0.011563 0.107794 0.000010 0.880633
0.000010 0.124776 0.000010 0.875204
0.000010 0.185222 0.000010 0.814758
0.000010 0.238205 0.000010 0.761775
0.000010 0.000010 0.982639 0.017341
0.000010 0.000010 0.991414 0.008566
0.000010 0.042740 0.957240 0.000010
0.000010 0.047231 0.952749 0.000010
0.000010 0.023538 0.976442 0.000010
0.000010 0.000010 0.990533 0.009447
0.000010 0.000010 0.999970 0.000010
0.000010 0.000010 0.992912 0.007068
0.000010 0.000010 0.996825 0.003155
0.000010 0.001618 0.988023 0.010349
0.000010 0.020871 0.979109 0.000010
0.000010 0.013861 0.986119 0.000010
0.000010 0.013987 0.984465 0.001538
0.000010 0.008500 0.984404 0.007086
0.000010 0.000010 0.985764 0.014216
0.000010 0.000010 0.992156 0.007824
0.016294 0.281848 0.014352 0.687506
0.000010 0.303606 0.000010 0.696374
0.000010 0.197689 0.000010 0.802291
0.000010 0.220107 0.000010 0.779873
0.000010 0.287042 0.000010 0.712938
0.000010 0.286434 0.000010 0.713546
0.000010 0.170372 0.000010 0.829608
0.006864 0.164086 0.000010 0.829040
0.000010 0.199087 0.000010 0.800893
0.000010 0.201158 0.000010 0.798822
0.000010 0.007689 0.984996 0.007305
0.004652 0.016379 0.978959 0.000010
0.000010 0.006751 0.993229 0.000010
0.000010 0.032207 0.967773 0.000010
0.000010 0.019355 0.975770 0.004865
0.000010 0.000010 0.989735 0.010245
0.000010 0.249201 0.000010 0.750779
0.000010 0.272199 0.000010 0.727781
0.000010 0.066852 0.000010 0.933128
0.000010 0.052371 0.000010 0.947609
0.000010 0.008559 0.000010 0.991421
0.010903 0.036905 0.000010 0.952181
0.000010 0.285681 0.000010 0.714299
0.000010 0.273977 0.000010 0.726003
0.000010 0.274615 0.007633 0.717742
0.002326 0.172459 0.000010 0.825205
0.000010 0.235806 0.000010 0.764174
0.000010 0.251882 0.000010 0.748098
0.000010 0.241641 0.000010 0.758339
0.000010 0.019906 0.962312 0.017773
0.000374 0.000010 0.992140 0.007476
0.000496 0.003026 0.990785 0.005693
0.000010 0.000010 0.999970 0.000010
0.000010 0.010668 0.980372 0.008949
0.000010 0.007666 0.991973 0.000351
0.011001 0.044947 0.000010 0.944042
0.002856 0.038001 0.000010 0.959133
0.000010 0.027407 0.000010 0.972573
0.018074 0.011018 0.000010 0.970898
0.000010 0.149296 0.000010 0.850684
0.000010 0.204976 0.000010 0.795004
0.000032 0.254889 0.000010 0.745069
0.000766 0.240913 0.000010 0.758311
0.000010 0.256774 0.000010 0.743206
0.000010 0.000010 0.996773 0.003207
0.000010 0.001243 0.987416 0.011330
0.000010 0.000010 0.982717 0.017263
0.000010 0.021819 0.978161 0.000010
0.000010 0.012915 0.987065 0.000010
0.000010 0.000010 0.995831 0.004149
0.000010 0.003061 0.984971 0.011958
0.000010 0.000010 0.996724 0.003256
0.000010 0.000010 0.997990 0.001990
0.000010 0.111562 0.000010 0.888418
0.006294 0.044405 0.000010 0.949291
0.002081 0.038592 0.000010 0.959317
0.000010 0.056223 0.000010 0.943757
0.000592 0.026569 0.000010 0.972829
0.000010 0.038401 0.000010 0.961579
0.000010 0.000010 0.000010 0.999970
0.005214 0.032102 0.000010 0.962673
0.009534 0.038499 0.000010 0.951957
0.005799 0.031350 0.000010 0.962842
0.000010 0.000010 0.000010 0.999970
0.000010 0.000010 0.000010 0.999970
0.000010 0.000010 0.991408 0.008572
0.000010 0.000542 0.986629 0.012819
0.000010 0.000010 0.999970 0.000010
0.000010 0.000010 0.999970 0.000010
0.000010 0.026292 0.973688 0.000010
0.000010 0.015489 0.979845 0.004656
0.000010 0.075522 0.924458 0.000010
0.003342 0.011559 0.985089 0.000010
0.000010 0.000010 0.987374 0.012606
0.000010 0.004915 0.991817 0.003258
0.000010 0.018534 0.979304 0.002152
0.000010 0.007802 0.974573 0.017615
0.000010 0.000010 0.999970 0.000010
0.003226 0.000010 0.994229 0.002534
0.000010 0.002501 0.982184 0.015305
0.000010 0.000513 0.988275 0.011203
0.000010 0.008913 0.983702 0.007375
0.010622 0.031855 0.957513 0.000010
0.000010 0.019394 0.980586 0.000010
0.000010 0.016985 0.976963 0.006042
0.000010 0.000010 0.994942 0.005038
0.000010 0.006437 0.985623 0.007930
0.000010 0.000010 0.983007 0.016973
0.000010 0.000010 0.986525 0.013455
0.000010 0.001079 0.986644 0.012267
0.000010 0.000010 0.987633 0.012347
0.000010 0.005798 0.989179 0.005013
0.000010 0.000010 0.997056 0.002924
0.000010 0.012235 0.984154 0.003601
0.000010 0.000421 0.979614 0.019955
0.000010 0.000010 0.978789 0.021191
0.000010 0.000010 0.992755 0.007225
0.000010 0.005828 0.982032 0.012129
0.000010 0.000200 0.984886 0.014905
0.000010 0.013533 0.980876 0.005581
0.000010 0.000010 0.988699 0.011281
0.000010 0.000010 0.990224 0.009756
0.000010 0.000010 0.999970 0.000010
0.000010 0.000010 0.999970 0.000010
0.000010 0.000010 0.999970 0.000010
0.000010 0.000010 0.999970 0.000010
0.000010 0.000010 0.999970 0.000010
0.000010 0.000010 0.999970 0.000010
0.000010 0.000010 0.999970 0.000010
0.000010 0.000010 0.999970 0.000010
0.000010 0.000010 0.999970 0.000010
0.000010 0.000010 0.999970 0.000010
0.000010 0.000010 0.999970 0.000010
0.000010 0.000010 0.999970 0.000010
