0.003393 0.996587 0.000010 0.000010
0.000010 0.999970 0.000010 0.000010
0.004872 0.995108 0.000010 0.000010
0.004387 0.995593 0.000010 0.000010
0.002622 0.997358 0.000010 0.000010
0.008776 0.991204 0.000010 0.000010
0.001162 0.998818 0.000010 0.000010
0.007471 0.992509 0.000010 0.000010
0.000010 0.999970 0.000010 0.000010
0.006701 0.993279 0.000010 0.000010
0.004852 0.995128 0.000010 0.000010
0.000010 0.999970 0.000010 0.000010
0.004583 0.995397 0.000010 0.000010
0.006436 0.993544 0.000010 0.000010
0.000010 0.999970 0.000010 0.000010
0.005224 0.994756 0.000010 0.000010
0.008114 0.991866 0.000010 0.000010
0.000010 0.999970 0.000010 0.000010
0.000010 0.999970 0.000010 0.000010
0.000856 0.999124 0.000010 0.000010
0.002698 0.997282 0.000010 0.000010
0.000010 0.999970 0.000010 0.000010
0.000013 0.999967 0.000010 0.000010
0.003745 0.996235 0.000010 0.000010
0.000010 0.999970 0.000010 0.000010
0.004059 0.995921 0.000010 0.000010
0.000010 0.999970 0.000010 0.000010
0.000010 0.999970 0.000010 0.000010
0.000010 0.999970 0.000010 0.000010
0.004304 0.995676 0.000010 0.000010
0.000016 0.999964 0.000010 0.000010
0.007723 0.992257 0.000010 0.000010
0.000010 0.999970 0.000010 0.000010
0.000010 0.999970 0.000010 0.000010
0.007449 0.992531 0.000010 0.000010
0.000874 0.999106 0.000010 0.000010
0.000010 0.999970 0.000010 0.000010
0.003597 0.996383 0.000010 0.000010
0.000016 0.999964 0.000010 0.000010
0.000665 0.999315 0.000010 0.000010
0.000010 0.999970 0.000010 0.000010
0.000221 0.999759 0.000010 0.000010
0.000010 0.999970 0.000010 0.000010
0.003739 0.996241 0.000010 0.000010
0.000010 0.999970 0.000010 0.000010
0.003324 0.996656 0.000010 0.000010
0.007285 0.992695 0.000010 0.000010
0.000012 0.999968 0.000010 0.000010
0.000010 0.999970 0.000010 0.000010
0.005408 0.994572 0.000010 0.000010
0.000174 0.999806 0.000010 0.000010
0.000010 0.999970 0.000010 0.000010
0.053497 0.914622 0.031871 0.000010
0.057259 0.921963 0.020768 0.000010
0.030329 0.944581 0.025080 0.000010
0.040559 0.919825 0.039606 0.000010
0.048765 0.910643 0.040583 0.000010
0.027939 0.931523 0.040528 0.000010
0.043529 0.921025 0.035437 0.000010
0.046271 0.919229 0.034490 0.000010
0.026126 0.942619 0.031245 0.000010
0.049989 0.919121 0.030881 0.000010
0.041324 0.933744 0.024922 0.000010
0.036413 0.919418 0.044159 0.000010
0.049541 0.926516 0.023933 0.000010
0.045996 0.908932 0.045063 0.000010
0.037600 0.933245 0.029145 0.000010
0.046197 0.928568 0.025225 0.000010
0.028328 0.939330 0.032332 0.000010
0.003986 0.995994 0.000010 0.000010
0.003308 0.996672 0.000010 0.000010
0.005584 0.994396 0.000010 0.000010
0.006534 0.993446 0.000010 0.000010
0.000244 0.999736 0.000010 0.000010
0.000010 0.999970 0.000010 0.000010
0.003657 0.996323 0.000010 0.000010
0.005983 0.993997 0.000010 0.000010
0.000010 0.999970 0.000010 0.000010
0.000010 0.999970 0.000010 0.000010
0.007549 0.992431 0.000010 0.000010
0.009013 0.990967 0.000010 0.000010
0.000010 0.999970 0.000010 0.000010
0.000010 0.999970 0.000010 0.000010
0.007780 0.992200 0.000010 0.000010
0.004034 0.995946 0.000010 0.000010
0.005594 0.994386 0.000010 0.000010
0.001464 0.998516 0.000010 0.000010
0.000010 0.999970 0.000010 0.000010
0.000010 0.999970 0.000010 0.000010
0.005620 0.994360 0.000010 0.000010
0.000013 0.999967 0.000010 0.000010
0.003391 0.996589 0.000010 0.000010
0.000010 0.999970 0.000010 0.000010
0.000331 0.999649 0.000010 0.000010
0.000010 0.999970 0.000010 0.000010
0.004623 0.995357 0.000010 0.000010
0.000010 0.999970 0.000010 0.000010
0.000010 0.999970 0.000010 0.000010
0.008973 0.991007 0.000010 0.000010
0.000010 0.999970 0.000010 0.000010
0.036823 0.931940 0.031227 0.000010
0.023042 0.926624 0.050324 0.000010
0.029214 0.951193 0.019584 0.000010
0.039671 0.925515 0.034804 0.000010
0.036231 0.915171 0.048588 0.000010
0.027500 0.906278 0.066212 0.000010
0.016090 0.947497 0.036403 0.000010
0.038721 0.946503 0.014766 0.000010
0.035833 0.948511 0.015645 0.000010
0.043610 0.926218 0.030162 0.000010
0.037745 0.953777 0.008468 0.000010
0.041853 0.926757 0.031380 0.000010
0.044213 0.929405 0.026372 0.000010
0.036164 0.925977 0.037849 0.000010
0.037150 0.924288 0.038551 0.000010
0.045083 0.927166 0.027742 0.000010
0.041648 0.917090 0.041252 0.000010
0.046407 0.929694 0.023889 0.000010
0.037799 0.922176 0.040015 0.000010
0.032431 0.935559 0.032001 0.000010
0.034015 0.952529 0.013447 0.000010
0.047154 0.912029 0.040807 0.000010
0.032530 0.935181 0.032278 0.000010
0.036548 0.946354 0.017088 0.000010
0.030748 0.954968 0.014274 0.000010
0.034895 0.929330 0.035765 0.000010
0.048649 0.920468 0.030873 0.000010
0.034080 0.944204 0.021706 0.000010
0.030944 0.934325 0.034721 0.000010
0.048880 0.926017 0.025093 0.000010
0.046460 0.916352 0.037179 0.000010
0.021042 0.922068 0.056881 0.000010
0.053470 0.921413 0.025108 0.000010
0.041420 0.920485 0.038085 0.000010
0.038265 0.926879 0.034847 0.000010
0.031930 0.929375 0.038685 0.000010
0.047639 0.936610 0.015741 0.000010
0.038409 0.941402 0.020179 0.000010
0.035501 0.934775 0.029714 0.000010
0.041741 0.926662 0.031588 0.000010
0.032391 0.932177 0.035421 0.000010
0.032955 0.950825 0.016210 0.000010
0.036475 0.939364 0.024152 0.000010
0.041703 0.916532 0.041755 0.000010
0.036502 0.948296 0.015193 0.000010
0.030151 0.941699 0.028140 0.000010
0.037057 0.936484 0.026449 0.000010
0.036500 0.938584 0.022827 0.002089
0.032454 0.922013 0.045522 0.000010
0.036993 0.922288 0.040710 0.000010
0.025698 0.969992 0.004300 0.000010
0.038416 0.926370 0.035204 0.000010
0.035415 0.938831 0.025744 0.000010
0.028323 0.935412 0.036255 0.000010
0.020841 0.965097 0.014052 0.000010
0.035768 0.930116 0.034106 0.000010
0.036339 0.926459 0.037193 0.000010
0.033681 0.945209 0.021101 0.000010
0.046051 0.923395 0.030543 0.000010
0.039126 0.942204 0.018659 0.000010
0.053146 0.904622 0.042222 0.000010
0.022603 0.954958 0.022429 0.000010
0.040810 0.916744 0.042436 0.000010
0.037217 0.933233 0.029540 0.000010
0.039277 0.937395 0.023318 0.000010
0.045648 0.916935 0.037408 0.000010
0.039339 0.937032 0.023619 0.000010
0.044167 0.925170 0.030654 0.000010
0.043075 0.919433 0.037482 0.000010
0.043946 0.920174 0.035871 0.000010
0.043897 0.923015 0.033079 0.000010
0.036400 0.938127 0.025463 0.000010
0.052660 0.907302 0.040027 0.000010
0.037442 0.927605 0.034943 0.000010
0.033690 0.953597 0.012703 0.000010
0.030921 0.933447 0.035622 0.000010
0.037482 0.946624 0.015884 0.000010
0.021818 0.964795 0.013377 0.000010
0.033940 0.941608 0.024442 0.000010
0.050630 0.918633 0.030727 0.000010
0.045790 0.915857 0.038343 0.000010
0.034076 0.931773 0.034141 0.000010
0.003094 0.000010 0.996886 0.000010
0.001285 0.000010 0.998695 0.000010
0.000010 0.000010 0.999970 0.000010
0.000010 0.000010 0.999970 0.000010
0.000010 0.000010 0.999970 0.000010
0.000010 0.000010 0.999970 0.000010
0.000010 0.000010 0.999970 0.000010
0.000010 0.000010 0.999970 0.000010
0.000010 0.000010 0.999970 0.000010
0.000014 0.000010 0.999966 0.000010
0.000010 0.000010 0.999970 0.000010
0.000010 0.000010 0.999970 0.000010
0.000010 0.000010 0.999970 0.000010
0.000012 0.000010 0.999968 0.000010
0.000010 0.000010 0.999970 0.000010
0.000010 0.000010 0.999970 0.000010
0.000010 0.000010 0.999970 0.000010
0.000010 0.000010 0.999970 0.000010
0.000010 0.000010 0.999970 0.000010
0.000010 0.000010 0.999970 0.000010
0.000010 0.000010 0.999970 0.000010
0.000010 0.000010 0.999970 0.000010
0.000010 0.000010 0.999970 0.000010
0.000010 0.000010 0.999970 0.000010
0.000010 0.000010 0.999970 0.000010
0.000010 0.000010 0.999970 0.000010
0.000010 0.000010 0.999970 0.000010
0.000010 0.000010 0.999970 0.000010
0.000010 0.000010 0.999970 0.000010
0.000010 0.000010 0.999970 0.000010
0.000010 0.000010 0.999970 0.000010
0.000010 0.000010 0.999970 0.000010
0.000010 0.000010 0.999970 0.000010
0.000010 0.000010 0.999970 0.000010
0.000011 0.000010 0.999969 0.000010
0.000010 0.000010 0.999970 0.000010
0.000010 0.000010 0.999970 0.000010
0.000010 0.000010 0.999970 0.000010
0.000014 0.000010 0.999966 0.000010
0.000010 0.000010 0.999970 0.000010
0.000010 0.000010 0.999970 0.000010
0.187980 0.738097 0.000010 0.073912
0.225024 0.606653 0.000010 0.168313
0.137961 0.793162 0.000010 0.068867
0.000010 0.000010 0.999970 0.000010
0.000010 0.000010 0.999970 0.000010
0.000010 0.000010 0.999970 0.000010
0.000010 0.000010 0.999970 0.000010
0.000010 0.000010 0.999970 0.000010
0.000010 0.000010 0.999970 0.000010
0.000010 0.000010 0.999970 0.000010
0.000010 0.000010 0.999970 0.000010
0.000010 0.000010 0.999970 0.000010
0.000010 0.000010 0.999970 0.000010
0.032547 0.000010 0.967433 0.000010
0.000010 0.000010 0.999970 0.000010
0.000015 0.000010 0.999965 0.000010
0.000010 0.000010 0.999970 0.000010
0.000010 0.000010 0.999970 0.000010
0.000010 0.000010 0.999970 0.000010
0.000010 0.000010 0.999970 0.000010
0.000010 0.000010 0.999970 0.000010
0.000010 0.000010 0.999970 0.000010
0.000010 0.000010 0.999970 0.000010
0.000010 0.000010 0.999970 0.000010
0.000010 0.000010 0.999970 0.000010
0.000010 0.000012 0.999968 0.000010
0.000020 0.000010 0.999960 0.000010
0.005103 0.019419 0.945892 0.029586
0.000010 0.000010 0.999970 0.000010
0.000010 0.000010 0.999970 0.000010
0.000010 0.000010 0.999970 0.000010
0.000010 0.000010 0.999970 0.000010
0.000010 0.000010 0.999970 0.000010
0.000010 0.000010 0.999970 0.000010
0.000010 0.000010 0.999970 0.000010
0.000010 0.000010 0.999970 0.000010
0.156985 0.699275 0.000010 0.143730
0.173741 0.667444 0.000010 0.158805
0.152777 0.782548 0.000010 0.064665
0.190009 0.738602 0.000010 0.071379
0.000010 0.000010 0.999970 0.000010
0.000010 0.000010 0.999970 0.000010
0.000010 0.000010 0.999970 0.000010
0.000010 0.000014 0.999966 0.000010
0.000010 0.000010 0.999970 0.000010
0.000010 0.000020 0.999960 0.000010
0.000010 0.000010 0.999970 0.000010
0.000010 0.000010 0.999970 0.000010
0.000010 0.000010 0.999970 0.000010
0.000010 0.000010 0.999970 0.000010
0.000010 0.000010 0.999970 0.000010
0.000010 0.000010 0.999970 0.000010
0.000014 0.000010 0.999966 0.000010
0.000010 0.000010 0.999970 0.000010
0.000010 0.000010 0.999970 0.000010
0.000010 0.000010 0.999970 0.000010
0.000010 0.000010 0.999970 0.000010
0.000010 0.000017 0.999963 0.000010
0.000010 0.000010 0.999970 0.000010
0.000010 0.000010 0.999970 0.000010
0.000010 0.000010 0.999970 0.000010
0.000019 0.000010 0.999961 0.000010
0.000010 0.000010 0.999970 0.000010
0.000020 0.000010 0.999960 0.000010
0.000010 0.000010 0.999970 0.000010
0.000010 0.000010 0.999970 0.000010
0.102976 0.881196 0.000010 0.015818
0.158535 0.797458 0.000010 0.043997
0.238141 0.664433 0.000010 0.097416
0.134270 0.816296 0.000010 0.049424
0.139948 0.791505 0.000010 0.068538
0.071954 0.883751 0.000010 0.044285
0.179259 0.711001 0.000010 0.109730
0.080606 0.873259 0.000010 0.046124
0.254702 0.661758 0.000010 0.083530
0.000019 0.000010 0.999961 0.000010
0.000010 0.000010 0.999970 0.000010
0.000010 0.000010 0.999970 0.000010
0.000010 0.000010 0.999970 0.000010
0.000010 0.000010 0.999970 0.000010
0.000010 0.000010 0.999970 0.000010
0.000010 0.000010 0.999970 0.000010
0.000010 0.000010 0.999970 0.000010
0.000010 0.000010 0.999970 0.000010
0.000010 0.000010 0.999970 0.000010
0.000020 0.000010 0.999960 0.000010
0.000010 0.000010 0.999970 0.000010
0.000010 0.000010 0.999970 0.000010
0.000010 0.000010 0.999970 0.000010
0.119139 0.805765 0.000010 0.075086
0.170208 0.724838 0.000010 0.104944
0.156905 0.622883 0.000010 0.220202
0.218599 0.579080 0.000010 0.202312
0.197255 0.590295 0.000010 0.212439
0.199444 0.749616 0.000010 0.050930
0.135969 0.749452 0.000010 0.114570
0.175690 0.701820 0.000010 0.122479
0.146871 0.769080 0.000010 0.084039
0.171686 0.765634 0.000010 0.062670
0.150683 0.508696 0.000010 0.340611
0.141275 0.692269 0.000010 0.166446
0.166494 0.772978 0.000010 0.060518
0.176077 0.750946 0.000010 0.072967
0.190747 0.736759 0.000010 0.072484
0.188499 0.768843 0.000010 0.042648
0.174043 0.756799 0.000010 0.069148
0.187700 0.743849 0.000010 0.068441
0.070317 0.848220 0.000010 0.081452
0.205374 0.606703 0.000010 0.187912
0.156997 0.692815 0.000010 0.150178
0.241728 0.678812 0.000010 0.079450
0.191149 0.614016 0.000010 0.194825
0.190554 0.724794 0.000010 0.084641
0.146355 0.736682 0.000010 0.116953
0.212554 0.667852 0.000010 0.119584
0.139709 0.693305 0.000010 0.166977
0.172109 0.690489 0.000010 0.137391
0.145554 0.607175 0.000010 0.247261
0.153977 0.723085 0.000010 0.122928
0.160620 0.735047 0.000010 0.104324
0.189472 0.728103 0.000010 0.082415
0.165732 0.748798 0.000010 0.085460
0.195600 0.665288 0.000010 0.139102
0.159907 0.682899 0.000010 0.157184
0.150525 0.778475 0.000010 0.070990
0.101977 0.827604 0.000010 0.070409
0.149406 0.631318 0.000010 0.219266
0.082974 0.277285 0.000010 0.639731
0.166669 0.713220 0.000010 0.120101
0.183631 0.710448 0.000010 0.105911
0.095516 0.896265 0.000010 0.008209
0.322489 0.677491 0.000010 0.000010
0.139097 0.801013 0.010847 0.049043
0.336690 0.626782 0.000010 0.036517
0.254219 0.687607 0.000010 0.058164
0.324005 0.549166 0.000010 0.126818
0.298855 0.615750 0.000010 0.085385
0.277253 0.675021 0.000010 0.047716
0.298125 0.654390 0.000010 0.047474
0.187254 0.797343 0.000010 0.015393
0.256635 0.634515 0.000010 0.108840
0.307536 0.609082 0.000010 0.083372
0.398308 0.590659 0.000010 0.011022
0.334956 0.500283 0.000010 0.164752
0.317896 0.651763 0.000010 0.030331
0.398114 0.423173 0.000010 0.178703
0.288064 0.665780 0.000010 0.046146
0.483622 0.424377 0.000010 0.091991
0.196004 0.630328 0.000010 0.173658
0.189655 0.721773 0.000010 0.088561
0.145201 0.771899 0.000010 0.082890
0.169571 0.613320 0.000010 0.217099
0.089119 0.886318 0.000010 0.024553
0.183569 0.706783 0.000010 0.109638
0.168754 0.659027 0.000010 0.172209
0.074464 0.870914 0.000010 0.054612
0.142536 0.805483 0.000010 0.051971
0.187762 0.732693 0.000010 0.079535
0.231345 0.705572 0.000010 0.063072
0.180133 0.693566 0.000010 0.126292
0.191005 0.699986 0.000010 0.108999
0.283532 0.544574 0.000010 0.171884
0.249118 0.557476 0.000010 0.193396
0.249091 0.607594 0.000010 0.143305
0.236184 0.683214 0.000010 0.080592
0.176379 0.767813 0.000010 0.055797
0.177658 0.648618 0.000010 0.173714
0.115703 0.846063 0.000010 0.038223
0.164025 0.747288 0.000010 0.088677
0.146741 0.746796 0.000010 0.106453
0.086956 0.233968 0.000010 0.679067
0.077180 0.433587 0.000010 0.489223
0.196577 0.617445 0.000010 0.185968
0.135014 0.757266 0.000010 0.107709
0.345223 0.584862 0.000010 0.069904
0.306614 0.681852 0.000010 0.011524
0.255343 0.703416 0.000010 0.041230
0.310876 0.528439 0.000010 0.160675
0.210331 0.789649 0.000010 0.000010
0.333178 0.666802 0.000010 0.000010
0.164485 0.815200 0.000010 0.020305
0.340860 0.527317 0.000010 0.131813
0.292410 0.643048 0.000010 0.064532
0.278548 0.655932 0.000010 0.065510
0.337140 0.491810 0.000010 0.171041
0.056055 0.938136 0.000010 0.005799
0.401780 0.598200 0.000010 0.000010
0.306632 0.689632 0.000010 0.003726
0.285448 0.695981 0.000010 0.018560
0.251836 0.692692 0.000010 0.055462
0.157416 0.608696 0.000010 0.233878
0.214669 0.685366 0.000010 0.099954
0.210115 0.691557 0.000010 0.098318
0.209216 0.649217 0.000010 0.141557
0.181551 0.596698 0.000010 0.221741
0.106586 0.812770 0.000010 0.080634
0.152409 0.728689 0.000010 0.118892
0.185079 0.709883 0.000010 0.105028
0.112046 0.770910 0.000010 0.117034
0.216829 0.686714 0.000010 0.096447
0.007183 0.992797 0.000010 0.000010
0.630112 0.369868 0.000010 0.000010
0.244060 0.411160 0.000010 0.344770
0.446672 0.534691 0.000010 0.018626
0.257546 0.693994 0.000010 0.048449
0.426609 0.541380 0.000010 0.032002
0.431848 0.499554 0.000010 0.068588
0.326824 0.673156 0.000010 0.000010
0.221436 0.758039 0.000010 0.020515
0.200014 0.789568 0.000010 0.010408
0.334399 0.616354 0.000010 0.049237
0.331306 0.663067 0.000010 0.005617
0.278665 0.684638 0.000010 0.036687
0.271180 0.679028 0.000010 0.049782
0.264859 0.618375 0.000010 0.116756
0.344345 0.486894 0.000010 0.168751
0.306727 0.554390 0.000010 0.138873
0.284916 0.610401 0.000010 0.104674
0.550998 0.329180 0.000010 0.119812
0.349811 0.620177 0.000010 0.030003
0.301457 0.698523 0.000010 0.000010
0.333822 0.536582 0.000010 0.129586
0.338125 0.567240 0.000010 0.094626
0.422399 0.548949 0.000010 0.028642
0.273171 0.705417 0.000010 0.021402
0.262376 0.682962 0.000010 0.054652
0.165360 0.792493 0.000010 0.042137
0.320891 0.403808 0.000010 0.275291
0.215999 0.628739 0.000010 0.155253
0.167515 0.629267 0.000010 0.203208
0.167294 0.763232 0.000010 0.069464
0.224894 0.612455 0.000010 0.162641
0.188074 0.655756 0.000010 0.156160
0.206823 0.632864 0.000010 0.160303
0.189095 0.645360 0.000010 0.165535
0.139255 0.775011 0.000010 0.085723
0.255275 0.668863 0.000010 0.075853
0.215310 0.655655 0.000010 0.129025
0.199701 0.671331 0.000010 0.128958
0.295512 0.597937 0.000010 0.106541
0.274810 0.702396 0.000010 0.022784
0.551738 0.414709 0.000010 0.033542
0.146775 0.847886 0.000010 0.005328
0.062522 0.928545 0.000010 0.008922
0.451589 0.548391 0.000010 0.000010
0.615203 0.342911 0.000010 0.041876
0.327638 0.590828 0.000010 0.081524
0.275766 0.668229 0.000010 0.055995
0.442074 0.536766 0.000010 0.021149
0.431779 0.529883 0.000010 0.038329
0.447062 0.526152 0.000010 0.026775
0.404069 0.422272 0.000010 0.173648
0.330067 0.385471 0.000010 0.284452
0.359431 0.462402 0.000010 0.178157
0.231476 0.766352 0.000010 0.002162
0.222445 0.766433 0.000010 0.011111
0.174337 0.796931 0.000010 0.028722
0.162167 0.816584 0.000010 0.021239
0.282684 0.365657 0.000010 0.351649
0.397155 0.579881 0.000010 0.022954
0.167349 0.692298 0.000010 0.140343
0.146311 0.841141 0.000010 0.012538
0.197168 0.802812 0.000010 0.000010
0.232222 0.748710 0.000010 0.019058
0.449007 0.463087 0.000010 0.087897
0.417867 0.472021 0.000010 0.110102
0.408573 0.562004 0.000010 0.029413
0.387107 0.577067 0.000010 0.035816
0.002515 0.978248 0.000010 0.019228
0.000677 0.979601 0.000010 0.019711
0.001091 0.991355 0.000010 0.007545
0.011099 0.979583 0.000010 0.009308
0.001685 0.986368 0.000010 0.011936
0.004043 0.986510 0.000010 0.009437
0.000010 0.988992 0.000010 0.010988
0.000010 0.994674 0.000010 0.005306
0.001690 0.997711 0.000010 0.000588
0.005243 0.988420 0.000010 0.006326
0.000010 0.999970 0.000010 0.000010
0.000010 0.999970 0.000010 0.000010
0.000010 0.999970 0.000010 0.000010
0.002015 0.997965 0.000010 0.000010
0.000010 0.999970 0.000010 0.000010
0.000542 0.999438 0.000010 0.000010
0.003806 0.986800 0.000010 0.009384
0.000010 0.986200 0.000010 0.013780
0.000010 0.973546 0.000010 0.026434
0.000010 0.983061 0.000010 0.016919
0.005350 0.977976 0.000010 0.016664
0.000010 0.987198 0.000010 0.012782
0.000256 0.991111 0.000010 0.008623
0.000011 0.997467 0.000010 0.002512
0.257669 0.685652 0.000010 0.056668
0.258409 0.361625 0.000010 0.379955
0.365307 0.405216 0.000010 0.229467
0.740157 0.259823 0.000010 0.000010
0.514268 0.485712 0.000010 0.000010
0.723077 0.276903 0.000010 0.000010
0.999970 0.000010 0.000010 0.000010
0.479888 0.465969 0.000010 0.054133
0.662372 0.337608 0.000010 0.000010
0.000012 0.750121 0.249857 0.000010
0.000010 0.756322 0.243658 0.000010
0.000010 0.775683 0.224297 0.000010
0.000010 0.804495 0.195485 0.000010
0.000011 0.000010 0.999969 0.000010
0.000010 0.013361 0.986619 0.000010
0.004280 0.002313 0.993397 0.000010
0.000010 0.005975 0.994005 0.000010
0.000010 0.003186 0.996794 0.000010
0.000010 0.000010 0.999970 0.000010
0.010669 0.977352 0.000010 0.011969
0.006846 0.980091 0.000010 0.013053
0.000010 0.995502 0.000010 0.004478
0.000010 0.991025 0.000010 0.008955
0.000730 0.992077 0.000010 0.007183
0.000010 0.987530 0.000010 0.012450
0.000010 0.989390 0.000010 0.010590
0.000010 0.983268 0.000010 0.016712
0.000010 0.998250 0.000010 0.001730
0.003874 0.993096 0.000010 0.003020
0.006789 0.985476 0.000010 0.007724
0.026614 0.966802 0.000010 0.006574
0.000010 0.994160 0.000010 0.005820
0.002221 0.981773 0.000010 0.015996
0.004872 0.985000 0.000010 0.010117
0.007263 0.974454 0.000010 0.018273
0.008832 0.988422 0.000010 0.002736
0.003519 0.983335 0.000010 0.013136
0.008675 0.943039 0.000010 0.048276
0.000010 0.969162 0.000010 0.030818
0.008888 0.991092 0.000010 0.000010
0.001985 0.997995 0.000010 0.000010
0.000010 0.979428 0.000010 0.020552
0.000010 0.964452 0.000010 0.035528
0.001617 0.991522 0.000010 0.006851
0.008874 0.991106 0.000010 0.000010
0.000010 0.999970 0.000010 0.000010
0.000010 0.999970 0.000010 0.000010
0.000010 0.999859 0.000010 0.000121
0.000010 0.996452 0.000010 0.003528
0.000010 0.992995 0.000010 0.006985
0.006163 0.986734 0.000010 0.007093
0.000010 0.999970 0.000010 0.000010
0.006194 0.993786 0.000010 0.000010
0.008202 0.976348 0.000010 0.015440
0.002788 0.986860 0.000010 0.010342
0.000010 0.958557 0.000010 0.041423
0.002666 0.957108 0.000010 0.040217
0.003577 0.973255 0.000010 0.023157
0.000010 0.985116 0.000010 0.014864
0.000010 0.999970 0.000010 0.000010
0.000010 0.999970 0.000010 0.000010
0.000010 0.980012 0.000010 0.019968
0.000010 0.984690 0.000010 0.015290
0.007466 0.985238 0.000010 0.007285
0.004671 0.982530 0.000010 0.012789
0.000016 0.981620 0.000010 0.018354
0.000010 0.984897 0.000010 0.015083
0.002899 0.991220 0.000010 0.005871
0.011125 0.982619 0.000010 0.006245
0.001298 0.987265 0.000010 0.011427
0.000010 0.982580 0.000010 0.017400
0.008291 0.989065 0.000010 0.002634
0.000010 0.995359 0.000010 0.004621
0.006936 0.979540 0.000010 0.013514
0.009189 0.959956 0.000010 0.030845
0.003424 0.982141 0.000010 0.014425
0.000010 0.981717 0.000010 0.018263
0.000010 0.987447 0.000010 0.012533
0.003713 0.996267 0.000010 0.000010
0.008423 0.991557 0.000010 0.000010
0.000010 0.999970 0.000010 0.000010
0.006407 0.993573 0.000010 0.000010
0.000013 0.999967 0.000010 0.000010
0.000010 0.999970 0.000010 0.000010
0.000010 0.997242 0.000010 0.002738
0.002850 0.983533 0.000010 0.013606
0.000197 0.988911 0.000010 0.010882
0.000010 0.999970 0.000010 0.000010
0.004775 0.995205 0.000010 0.000010
0.000010 0.999970 0.000010 0.000010
0.003117 0.996863 0.000010 0.000010
0.001753 0.998227 0.000010 0.000010
0.000010 0.000010 0.999970 0.000010
0.000018 0.000010 0.999962 0.000010
0.000010 0.000010 0.999970 0.000010
0.000010 0.000010 0.999970 0.000010
0.002550 0.000010 0.997430 0.000010
0.000010 0.000010 0.999970 0.000010
0.000010 0.000013 0.999967 0.000010
0.000020 0.000010 0.999960 0.000010
0.000010 0.000010 0.999970 0.000010
0.000010 0.000010 0.999970 0.000010
0.000010 0.000010 0.999970 0.000010
0.000010 0.000010 0.999970 0.000010
0.000010 0.000010 0.999970 0.000010
0.000017 0.000010 0.999963 0.000010
0.000010 0.000010 0.999970 0.000010
0.000010 0.000010 0.999970 0.000010
0.000010 0.000010 0.999970 0.000010
0.000010 0.000010 0.999970 0.000010
0.000010 0.000010 0.999970 0.000010
0.000010 0.000010 0.999970 0.000010
0.000010 0.000010 0.999970 0.000010
0.000010 0.000010 0.999970 0.000010
0.000010 0.000019 0.999961 0.000010
0.000010 0.000010 0.999970 0.000010
0.000010 0.008986 0.990994 0.000010
0.000010 0.000010 0.999970 0.000010
0.000010 0.009407 0.990573 0.000010
0.000010 0.007560 0.992420 0.000010
0.000017 0.014594 0.985380 0.000010
0.000010 0.008106 0.991874 0.000010
0.000010 0.004614 0.995366 0.000010
0.000010 0.014366 0.985614 0.000010
0.000010 0.005725 0.994255 0.000010
0.000010 0.000901 0.999079 0.000010
0.004601 0.004254 0.991135 0.000010
0.004813 0.004636 0.990541 0.000010
0.000010 0.009216 0.990764 0.000010
0.000010 0.000010 0.999970 0.000010
0.000010 0.000010 0.999970 0.000010
0.000010 0.000010 0.999970 0.000010
0.000010 0.000010 0.999970 0.000010
0.002104 0.004678 0.993209 0.000010
0.000010 0.003581 0.996399 0.000010
0.000010 0.000010 0.999970 0.000010
0.000010 0.000010 0.999970 0.000010
0.000010 0.000010 0.999970 0.000010
0.000010 0.009081 0.990899 0.000010
0.000010 0.011471 0.988509 0.000010
0.000010 0.004052 0.995928 0.000010
0.000010 0.000010 0.999970 0.000010
0.000010 0.000010 0.999970 0.000010
0.000010 0.010838 0.989142 0.000010
0.000010 0.003952 0.996028 0.000010
0.000010 0.008238 0.991742 0.000010
0.000010 0.004471 0.995509 0.000010
0.000010 0.005341 0.994639 0.000010
0.000010 0.163419 0.000973 0.835598
0.000010 0.266716 0.177051 0.556224
0.000010 0.040742 0.000010 0.959238
0.000010 0.149949 0.000010 0.850031
0.000010 0.055878 0.000010 0.944102
0.000010 0.115155 0.000010 0.884825
0.000010 0.027682 0.000010 0.972298
0.002278 0.122245 0.000010 0.875467
0.799072 0.153286 0.000010 0.047633
0.621034 0.258548 0.000010 0.120408
0.000010 0.088661 0.000010 0.911319
0.002914 0.020107 0.000010 0.976969
0.000010 0.096107 0.000010 0.903873
0.007291 0.145740 0.000010 0.846960
0.000010 0.069883 0.002241 0.927866
0.945253 0.054727 0.000010 0.000010
0.834241 0.165739 0.000010 0.000010
0.999970 0.000010 0.000010 0.000010
0.835650 0.164330 0.000010 0.000010
0.999970 0.000010 0.000010 0.000010
0.731256 0.096165 0.066671 0.105908
0.999970 0.000010 0.000010 0.000010
0.999970 0.000010 0.000010 0.000010
0.874117 0.125863 0.000010 0.000010
0.686314 0.176024 0.047626 0.090035
0.802021 0.197959 0.000010 0.000010
0.999970 0.000010 0.000010 0.000010
0.851243 0.148737 0.000010 0.000010
0.887666 0.060656 0.000010 0.051668
0.916230 0.083750 0.000010 0.000010
0.552632 0.054012 0.393346 0.000010
0.845327 0.154653 0.000010 0.000010
0.677068 0.311298 0.000010 0.011625
0.704047 0.067050 0.067280 0.161622
0.917582 0.041118 0.000010 0.041291
0.999970 0.000010 0.000010 0.000010
0.972681 0.027299 0.000010 0.000010
0.999970 0.000010 0.000010 0.000010
0.000010 0.070544 0.000010 0.929436
0.004197 0.139402 0.000010 0.856391
0.999970 0.000010 0.000010 0.000010
0.647922 0.273737 0.000010 0.078331
0.698766 0.301214 0.000010 0.000010
0.999970 0.000010 0.000010 0.000010
0.717185 0.282795 0.000010 0.000010
0.623355 0.228758 0.000010 0.147878
0.885793 0.108762 0.000010 0.005435
0.999970 0.000010 0.000010 0.000010
0.739214 0.260766 0.000010 0.000010
0.864037 0.135943 0.000010 0.000010
0.766005 0.233975 0.000010 0.000010
0.801315 0.198665 0.000010 0.000010
0.849004 0.150976 0.000010 0.000010
0.000010 0.078464 0.000010 0.921516
0.000010 0.131335 0.000010 0.868645
0.000010 0.452130 0.000010 0.547850
0.000010 0.147647 0.000010 0.852333
0.000010 0.074407 0.005229 0.920355
0.805239 0.194741 0.000010 0.000010
0.982642 0.016350 0.000998 0.000010
0.959661 0.040319 0.000010 0.000010
0.847190 0.152790 0.000010 0.000010
0.893409 0.106571 0.000010 0.000010
0.914191 0.085789 0.000010 0.000010
0.000010 0.159801 0.000010 0.840179
0.000010 0.169940 0.000010 0.830040
0.000010 0.081428 0.000010 0.918552
0.001014 0.032391 0.000010 0.966585
0.000010 0.138082 0.000010 0.861898
0.000010 0.053727 0.946253 0.000010
0.000010 0.015256 0.984724 0.000010
0.000010 0.000562 0.999418 0.000010
0.000010 0.008953 0.991027 0.000010
0.000010 0.000010 0.999970 0.000010
0.000010 0.000010 0.999970 0.000010
0.000010 0.000010 0.999970 0.000010
0.000010 0.000514 0.999466 0.000010
0.000010 0.000010 0.999970 0.000010
0.000010 0.000010 0.999970 0.000010
0.000010 0.000010 0.999970 0.000010
0.000010 0.008995 0.990985 0.000010
0.000010 0.005258 0.994722 0.000010
0.000010 0.007066 0.992914 0.000010
0.000010 0.011157 0.988823 0.000010
0.000010 0.005422 0.994558 0.000010
0.000010 0.000010 0.999970 0.000010
0.000010 0.025325 0.000010 0.974655
0.000010 0.029250 0.000010 0.970730
0.000010 0.064727 0.000010 0.935253
0.001435 0.132681 0.000010 0.865875
0.000013 0.000010 0.999967 0.000010
0.000010 0.020557 0.979423 0.000010
0.000010 0.000013 0.999967 0.000010
0.000010 0.008089 0.991891 0.000010
0.004806 0.000010 0.995174 0.000010
0.001585 0.014601 0.983804 0.000010
0.000010 0.005736 0.994244 0.000010
0.000010 0.013569 0.986411 0.000010
0.000010 0.000010 0.999970 0.000010
0.000010 0.013489 0.986491 0.000010
0.000010 0.000010 0.999970 0.000010
0.000010 0.000010 0.999970 0.000010
0.000010 0.001765 0.998215 0.000010
0.000010 0.006941 0.993039 0.000010
0.000010 0.000010 0.999970 0.000010
0.000010 0.001374 0.998606 0.000010
0.000010 0.000010 0.999970 0.000010
0.000010 0.010822 0.989158 0.000010
0.000011 0.004739 0.995241 0.000010
0.000010 0.000010 0.999970 0.000010
0.728963 0.271017 0.000010 0.000010
0.623387 0.266260 0.000010 0.110343
0.000010 0.065489 0.000010 0.934491
0.985254 0.014726 0.000010 0.000010
0.999970 0.000010 0.000010 0.000010
0.000010 0.037154 0.000010 0.962826
0.002165 0.167150 0.003071 0.827614
0.000010 0.075825 0.000010 0.924155
0.000010 0.007461 0.992519 0.000010
0.001903 0.010425 0.987661 0.000010
0.000010 0.004550 0.995430 0.000010
0.000015 0.000010 0.999965 0.000010
0.000011 0.000010 0.999969 0.000010
0.000010 0.011054 0.988926 0.000010
0.000010 0.000010 0.999970 0.000010
0.000010 0.050429 0.949551 0.000010
0.000010 0.000010 0.999970 0.000010
0.000016 0.000010 0.999964 0.000010
0.000010 0.007658 0.992322 0.000010
0.000010 0.000010 0.999970 0.000010
0.000010 0.004329 0.995651 0.000010
0.000010 0.000010 0.999970 0.000010
0.000010 0.007816 0.992164 0.000010
0.000010 0.005303 0.994677 0.000010
0.000010 0.094452 0.905528 0.000010
0.002866 0.184446 0.000010 0.812679
0.000010 0.068625 0.000010 0.931355
0.971760 0.028220 0.000010 0.000010
0.999970 0.000010 0.000010 0.000010
0.000010 0.000010 0.999970 0.000010
0.000010 0.000010 0.999970 0.000010
0.000010 0.000010 0.999970 0.000010
0.000010 0.000010 0.999970 0.000010
0.000010 0.000010 0.999970 0.000010
0.000010 0.000010 0.999970 0.000010
0.000010 0.000010 0.999970 0.000010
0.000010 0.001002 0.998978 0.000010
0.000010 0.000010 0.999970 0.000010
0.000010 0.000010 0.999970 0.000010
0.000010 0.000010 0.999970 0.000010
0.000018 0.000010 0.999962 0.000010
0.000010 0.000019 0.999961 0.000010
0.000010 0.000010 0.999970 0.000010
0.000010 0.000010 0.999970 0.000010
0.000010 0.000010 0.999970 0.000010
0.000010 0.000010 0.999970 0.000010
0.000010 0.000010 0.999970 0.000010
0.000010 0.000010 0.999970 0.000010
0.000010 0.000010 0.999970 0.000010
0.000010 0.999970 0.000010 0.000010
0.000010 0.999970 0.000010 0.000010
0.005647 0.994333 0.000010 0.000010
0.000015 0.995316 0.000010 0.004659
0.000010 0.995308 0.000010 0.004672
0.003702 0.996278 0.000010 0.000010
0.000012 0.999968 0.000010 0.000010
0.004473 0.995507 0.000010 0.000010
0.000010 0.987611 0.000010 0.012369
0.005728 0.979633 0.000010 0.014629
0.000156 0.992633 0.000010 0.007201
0.004801 0.983281 0.000010 0.011908
0.001336 0.985101 0.000010 0.013553
0.009419 0.980686 0.000010 0.009885
0.717083 0.282897 0.000010 0.000010
0.605334 0.394646 0.000010 0.000010
0.000010 0.072372 0.000010 0.927608
0.027066 0.205475 0.000010 0.767449
0.999970 0.000010 0.000010 0.000010
0.898263 0.101717 0.000010 0.000010
0.999970 0.000010 0.000010 0.000010
0.990891 0.000010 0.009089 0.000010
0.999970 0.000010 0.000010 0.000010
0.999970 0.000010 0.000010 0.000010
0.645261 0.098103 0.000010 0.256626
0.999970 0.000010 0.000010 0.000010
0.739523 0.260457 0.000010 0.000010
0.991474 0.008506 0.000010 0.000010
0.000010 0.040283 0.000010 0.959697
0.000390 0.217001 0.000010 0.782599
0.000010 0.211932 0.000010 0.788048
0.000010 0.160374 0.000010 0.839606
0.866639 0.133341 0.000010 0.000010
0.811136 0.188844 0.000010 0.000010
0.999970 0.000010 0.000010 0.000010
0.950822 0.049158 0.000010 0.000010
0.943105 0.056875 0.000010 0.000010
0.891810 0.108170 0.000010 0.000010
0.000010 0.059988 0.000135 0.939867
0.000010 0.116566 0.000010 0.883414
0.000010 0.097042 0.000010 0.902938
0.000010 0.066691 0.000389 0.932910
0.000010 0.125411 0.000010 0.874569
0.000010 0.052774 0.000010 0.947206
0.000010 0.056227 0.000010 0.943753
0.000010 0.123014 0.000010 0.876966
0.000010 0.073008 0.000010 0.926972
0.001914 0.018164 0.005259 0.974663
0.000010 0.108570 0.000010 0.891410
0.000010 0.091020 0.000010 0.908960
0.000726 0.241708 0.000010 0.757557
0.000010 0.128447 0.000010 0.871533
0.000010 0.020739 0.000010 0.979241
0.000860 0.225445 0.000010 0.773685
0.492425 0.343477 0.099341 0.064757
0.916096 0.083884 0.000010 0.000010
0.000010 0.000010 0.999970 0.000010
0.000010 0.000010 0.999970 0.000010
0.000010 0.000013 0.999967 0.000010
0.000010 0.000010 0.999970 0.000010
0.000010 0.000010 0.999970 0.000010
0.000010 0.000010 0.999970 0.000010
0.000010 0.000010 0.999970 0.000010
0.000010 0.000010 0.999970 0.000010
0.000010 0.000010 0.999970 0.000010
0.000019 0.000010 0.999961 0.000010
0.000010 0.000010 0.999970 0.000010
0.000010 0.000010 0.999970 0.000010
0.000017 0.000010 0.999963 0.000010
0.000019 0.000010 0.999961 0.000010
0.000010 0.000010 0.999970 0.000010
0.000019 0.000012 0.999960 0.000010
0.000010 0.000010 0.999970 0.000010
0.000010 0.000010 0.999970 0.000010
0.000010 0.000010 0.999970 0.000010
0.000010 0.000010 0.999970 0.000010
0.000016 0.000010 0.999964 0.000010
0.000010 0.000010 0.999970 0.000010
0.000010 0.000013 0.999967 0.000010
0.000010 0.000010 0.999970 0.000010
0.000010 0.000010 0.999970 0.000010
0.000010 0.000010 0.999970 0.000010
0.000010 0.000017 0.999963 0.000010
0.000010 0.000010 0.999970 0.000010
0.000010 0.000010 0.999970 0.000010
0.000010 0.000010 0.999970 0.000010
0.000010 0.000010 0.999970 0.000010
0.002143 0.069233 0.004855 0.923769
0.000010 0.426249 0.000010 0.573731
0.627590 0.317011 0.000010 0.055389
0.000010 0.086624 0.000010 0.913356
0.000010 0.094167 0.000010 0.905813
0.000010 0.122135 0.000216 0.877640
0.000010 0.051946 0.000195 0.947848
0.000010 0.010712 0.005556 0.983723
0.002666 0.168615 0.000010 0.828709
0.000010 0.056794 0.000010 0.943186
0.000010 0.076042 0.000010 0.923938
0.000637 0.149005 0.000010 0.850349
0.000010 0.007154 0.000010 0.992826
0.000010 0.046679 0.000010 0.953301
0.000010 0.000010 0.000010 0.999970
0.000010 0.000010 0.000010 0.999970
0.000010 0.067726 0.000010 0.932254
0.000010 0.072093 0.000010 0.927887
0.000010 0.156886 0.000010 0.843094
0.000010 0.133309 0.000010 0.866671
0.000010 0.096990 0.000010 0.902990
0.000662 0.086513 0.008882 0.903944
0.000010 0.104237 0.000010 0.895743
0.000010 0.265397 0.000010 0.734583
0.000010 0.123093 0.000010 0.876887
0.000010 0.782483 0.217497 0.000010
0.000010 0.754341 0.245639 0.000010
0.000010 0.773810 0.221712 0.004467
0.000010 0.784217 0.215763 0.000010
0.000010 0.076791 0.000010 0.923189
0.008258 0.044403 0.000010 0.947329
0.000010 0.223639 0.000010 0.776341
0.002236 0.176170 0.002394 0.819200
0.000010 0.102159 0.000010 0.897821
0.000010 0.077172 0.001986 0.920832
0.000010 0.064424 0.000010 0.935556
0.000010 0.002977 0.997003 0.000010
0.000010 0.000010 0.999970 0.000010
0.000010 0.005027 0.994953 0.000010
0.000010 0.008027 0.991953 0.000010
0.000010 0.181947 0.000010 0.818033
0.000010 0.039984 0.000010 0.959996
0.000010 0.189550 0.000010 0.810430
0.000010 0.093366 0.000010 0.906614
0.004600 0.071758 0.000010 0.923632
0.000010 0.032484 0.000010 0.967496
0.005707 0.110209 0.000010 0.884073
0.002286 0.108990 0.001371 0.887353
0.000010 0.058446 0.004527 0.937017
0.000010 0.099007 0.001212 0.899771
0.000010 0.029758 0.000010 0.970222
0.000010 0.004161 0.000010 0.995819
0.000010 0.029475 0.000010 0.970505
0.000010 0.010104 0.000010 0.989876
0.000010 0.007104 0.000010 0.992876
0.000010 0.021055 0.000010 0.978925
0.000010 0.043016 0.000010 0.956964
0.000010 0.201161 0.000010 0.798819
0.000010 0.145820 0.000010 0.854160
0.000010 0.013798 0.000010 0.986182
0.000010 0.008650 0.000010 0.991330
0.002316 0.006781 0.000010 0.990893
0.000010 0.012469 0.000010 0.987511
0.000010 0.015769 0.000010 0.984211
0.000010 0.016684 0.000010 0.983296
0.004356 0.022593 0.006401 0.966649
0.000010 0.015111 0.000010 0.984869
0.000010 0.812391 0.187589 0.000010
0.000010 0.707143 0.292837 0.000010
0.000010 0.723511 0.276469 0.000010
0.000010 0.749352 0.247273 0.003365
0.000010 0.776536 0.223444 0.000010
0.000010 0.012868 0.000010 0.987112
0.000010 0.003896 0.000010 0.996084
0.001395 0.043108 0.000010 0.955488
0.000010 0.049810 0.000010 0.950170
0.001725 0.023487 0.000010 0.974778
0.000010 0.005511 0.000010 0.994469
0.000010 0.000010 0.000010 0.999970
0.000010 0.002737 0.000010 0.997243
0.000010 0.000010 0.001584 0.998396
0.000010 0.010686 0.000010 0.989294
0.000010 0.022688 0.000010 0.977292
0.000010 0.014732 0.000010 0.985248
0.000010 0.016458 0.000010 0.983522
0.000010 0.014860 0.000010 0.985120
0.000010 0.007039 0.003846 0.989105
0.000010 0.006651 0.000010 0.993329
0.013002 0.771696 0.195065 0.020237
0.000010 0.813560 0.186420 0.000010
0.000010 0.767623 0.232357 0.000010
0.000010 0.765810 0.234170 0.000010
0.000010 0.800795 0.199185 0.000010
0.000010 0.800733 0.199247 0.000010
0.000010 0.740116 0.259864 0.000010
0.000010 0.738127 0.261853 0.000010
0.000010 0.760475 0.239505 0.000010
0.000010 0.756135 0.243845 0.000010
0.000010 0.014025 0.000010 0.985955
0.000010 0.017304 0.004405 0.978281
0.000010 0.007910 0.000010 0.992070
0.000010 0.034049 0.000010 0.965931
0.000010 0.024868 0.000010 0.975112
0.000010 0.007528 0.000010 0.992452
0.000010 0.784599 0.215381 0.000010
0.000010 0.788265 0.211715 0.000010
0.000010 0.704185 0.295795 0.000010
0.000010 0.694630 0.305350 0.000010
0.000010 0.680093 0.319887 0.000010
0.000010 0.677159 0.322821 0.000010
0.000010 0.799613 0.196883 0.003494
0.000010 0.793169 0.199335 0.007486
0.000010 0.801851 0.185389 0.012750
0.000010 0.741432 0.258548 0.000010
0.000010 0.781569 0.218411 0.000010
0.000010 0.787283 0.212697 0.000010
0.000010 0.771057 0.222926 0.006007
0.000010 0.035301 0.000010 0.964679
0.003834 0.003025 0.000010 0.993131
0.000010 0.007974 0.000724 0.991292
0.000010 0.000010 0.000010 0.999970
0.000010 0.018253 0.000010 0.981727
0.000010 0.008525 0.000010 0.991455
0.000010 0.669337 0.330643 0.000010
0.000010 0.675784 0.324196 0.000010
0.000010 0.677997 0.321983 0.000010
0.000010 0.649085 0.350895 0.000010
0.000010 0.738877 0.261103 0.000010
0.000010 0.779918 0.220062 0.000010
0.000010 0.774446 0.225534 0.000010
0.000010 0.772282 0.227698 0.000010
0.000010 0.787536 0.212444 0.000010
0.000010 0.000010 0.000010 0.999970
0.000010 0.011217 0.000010 0.988763
0.000010 0.015063 0.000010 0.984917
0.000010 0.023077 0.000010 0.976903
0.000010 0.013413 0.000010 0.986567
0.000010 0.001524 0.000010 0.998456
0.000010 0.012948 0.000010 0.987032
0.000010 0.001119 0.000010 0.998861
0.000010 0.000010 0.000010 0.999970
0.000010 0.705816 0.294164 0.000010
0.000010 0.677438 0.322542 0.000010
0.000010 0.677437 0.322543 0.000010
0.000010 0.685413 0.314567 0.000010
0.000010 0.674396 0.325584 0.000010
0.000010 0.694947 0.305033 0.000010
0.000010 0.669722 0.330258 0.000010
0.000010 0.673691 0.317890 0.008409
0.000010 0.663446 0.336534 0.000010
0.000010 0.667024 0.332956 0.000010
0.000010 0.666931 0.333049 0.000010
0.000010 0.676592 0.323388 0.000010
0.000010 0.000010 0.004599 0.995381
0.000010 0.012114 0.000010 0.987866
0.000010 0.000010 0.000010 0.999970
0.000010 0.000010 0.000010 0.999970
0.000010 0.027882 0.000010 0.972098
0.000010 0.020540 0.000010 0.979440
0.000010 0.079603 0.000010 0.920377
0.005397 0.009321 0.000057 0.985224
0.000010 0.010155 0.000010 0.989825
0.000010 0.007504 0.000010 0.992476
0.000010 0.021557 0.000010 0.978423
0.000010 0.022829 0.000010 0.977151
0.000010 0.000146 0.000010 0.999834
0.000010 0.000010 0.005494 0.994486
0.000010 0.015463 0.000010 0.984517
0.000010 0.010116 0.000706 0.989168
0.000010 0.015348 0.000010 0.984632
0.000010 0.033594 0.010305 0.956090
0.000010 0.020632 0.000010 0.979348
0.000010 0.023432 0.000010 0.976548
0.000010 0.004099 0.000010 0.995881
0.000010 0.013160 0.000010 0.986820
0.000010 0.004654 0.007020 0.988316
0.000010 0.011028 0.000010 0.988952
0.000010 0.011700 0.000010 0.988280
0.000010 0.009925 0.000010 0.990055
0.000010 0.010669 0.000010 0.989311
0.000010 0.001144 0.000010 0.998836
0.000010 0.015863 0.000010 0.984117
0.000010 0.017825 0.000010 0.982155
0.000010 0.017274 0.000010 0.982706
0.002419 0.001594 0.000010 0.995978
0.000010 0.016822 0.000010 0.983158
0.000010 0.013084 0.000010 0.986896
0.000010 0.019187 0.000010 0.980793
0.000010 0.009647 0.000010 0.990333
0.000010 0.006220 0.002444 0.991326
0.000010 0.000010 0.000010 0.999970
0.000010 0.000010 0.000010 0.999970
0.000010 0.000010 0.000010 0.999970
0.000010 0.000010 0.000010 0.999970
0.000010 0.000010 0.000010 0.999970
0.000010 0.000010 0.000010 0.999970
0.000010 0.000010 0.000010 0.999970
0.000010 0.000010 0.000010 0.999970
0.000010 0.000010 0.000010 0.999970
0.000010 0.000010 0.000010 0.999970
0.000010 0.000010 0.000010 0.999970
0.000010 0.000010 0.000010 0.999970
