0.000010 0.000010 0.381928 0.000010 0.000010 0.000010 0.618022
0.000010 0.000010 0.363093 0.000010 0.000010 0.000010 0.636857
0.000010 0.000010 0.421832 0.000010 0.000010 0.000010 0.578118
0.000010 0.000010 0.371387 0.000010 0.000010 0.000010 0.628563
0.000010 0.000010 0.419694 0.000010 0.000010 0.000010 0.580256
0.000010 0.000010 0.413401 0.000010 0.000010 0.000010 0.586549
0.000010 0.000010 0.358703 0.000010 0.000010 0.000010 0.641247
0.000010 0.000010 0.376602 0.000010 0.000010 0.000010 0.623348
0.000010 0.000010 0.359699 0.000010 0.000010 0.000010 0.640251
0.000010 0.000010 0.410306 0.000010 0.000010 0.000010 0.589644
0.000010 0.000010 0.391240 0.000010 0.000010 0.000010 0.608710
0.000010 0.000010 0.349034 0.000010 0.000010 0.000010 0.650916
0.000010 0.000010 0.422078 0.000010 0.000010 0.000010 0.577872
0.000010 0.000010 0.432421 0.000010 0.000010 0.000010 0.567529
0.000010 0.000010 0.401667 0.000010 0.000010 0.000010 0.598283
0.000010 0.000010 0.388383 0.000010 0.000010 0.000010 0.611567
0.000010 0.000010 0.396036 0.000010 0.000010 0.000010 0.603914
0.000010 0.000010 0.368336 0.000010 0.000010 0.000010 0.631614
0.000010 0.000010 0.412694 0.000010 0.000010 0.000010 0.587256
0.000010 0.000010 0.388209 0.000010 0.000010 0.000010 0.611741
0.000010 0.000010 0.407761 0.000010 0.000010 0.000010 0.592189
0.000010 0.000010 0.395625 0.000010 0.000010 0.000010 0.604325
0.000010 0.000010 0.397533 0.000010 0.000010 0.000010 0.602417
0.000010 0.000010 0.389072 0.000010 0.000010 0.000010 0.610878
0.000010 0.000010 0.419026 0.000010 0.000010 0.000010 0.580924
0.000010 0.000010 0.415448 0.000010 0.000010 0.000010 0.584502
0.000010 0.000010 0.357741 0.000010 0.000010 0.000010 0.642209
0.000010 0.000010 0.335455 0.000010 0.000010 0.000010 0.664495
0.000010 0.000010 0.373776 0.000010 0.000010 0.000010 0.626174
0.000010 0.000010 0.393166 0.000010 0.000010 0.000010 0.606784
0.000010 0.000010 0.333374 0.000010 0.000010 0.000010 0.666576
0.000010 0.000010 0.373363 0.000010 0.000010 0.000010 0.626587
0.000010 0.000010 0.324196 0.000010 0.000010 0.000010 0.675754
0.000010 0.000010 0.349834 0.000010 0.000010 0.000010 0.650116
0.000010 0.000010 0.418820 0.000010 0.000010 0.000010 0.581130
0.000010 0.000010 0.359887 0.000010 0.000010 0.000010 0.640063
0.000010 0.000010 0.353764 0.000010 0.000010 0.000010 0.646186
0.000015 0.000010 0.375385 0.000010 0.000010 0.000010 0.624560
0.000010 0.000010 0.391337 0.000010 0.000010 0.000010 0.608613
0.000010 0.000010 0.410008 0.000010 0.000010 0.000010 0.589942
0.000010 0.000010 0.343060 0.000010 0.000010 0.000010 0.656890
0.000010 0.000010 0.364179 0.000010 0.000010 0.000010 0.635771
0.000010 0.000010 0.345213 0.000010 0.000010 0.000010 0.654737
0.000010 0.000010 0.367109 0.000010 0.000010 0.000010 0.632841
0.000010 0.000010 0.406761 0.000010 0.000010 0.000010 0.593189
0.000011 0.000010 0.369560 0.000010 0.000010 0.000010 0.630390
0.000010 0.000010 0.371606 0.000010 0.000010 0.000010 0.628344
0.000010 0.000010 0.341906 0.000010 0.000010 0.000010 0.658044
0.000010 0.000010 0.388498 0.000010 0.000010 0.000010 0.611452
0.000010 0.000010 0.372876 0.000010 0.000010 0.000010 0.627074
0.000010 0.000010 0.342455 0.000010 0.000010 0.000010 0.657495
0.000010 0.000010 0.390005 0.000010 0.000010 0.000010 0.609945
0.000010 0.000010 0.994457 0.000010 0.000010 0.005493 0.000010
0.000010 0.000010 0.995575 0.000010 0.000010 0.004375 0.000010
0.000010 0.000010 0.893142 0.000010 0.000010 0.000010 0.106808
0.000010 0.000033 0.999917 0.000010 0.000010 0.000010 0.000010
0.000010 0.002626 0.989287 0.002641 0.000010 0.005416 0.000010
0.000010 0.010134 0.989816 0.000010 0.000010 0.000010 0.000010
0.000010 0.002992 0.996958 0.000010 0.000010 0.000010 0.000010
0.000010 0.002739 0.990783 0.000010 0.000010 0.006438 0.000010
0.000010 0.000010 0.759982 0.030627 0.000010 0.000010 0.209351
0.000010 0.002473 0.992699 0.000010 0.000010 0.004787 0.000010
0.000010 0.000010 0.999940 0.000010 0.000010 0.000010 0.000010
0.000010 0.004779 0.995171 0.000010 0.000010 0.000010 0.000010
0.000010 0.000010 0.999940 0.000010 0.000010 0.000010 0.000010
0.000010 0.000119 0.999831 0.000010 0.000010 0.000010 0.000010
0.000010 0.000010 0.999940 0.000010 0.000010 0.000010 0.000010
0.000010 0.000792 0.957734 0.000010 0.000010 0.002879 0.038565
0.000010 0.002288 0.882636 0.016404 0.000010 0.000010 0.098642
0.000010 0.000010 0.334034 0.000010 0.000010 0.000010 0.665916
0.000010 0.000010 0.327389 0.000010 0.000010 0.000010 0.672561
0.000010 0.000010 0.343525 0.000010 0.000010 0.000010 0.656425
0.000010 0.000010 0.378227 0.000010 0.000010 0.000010 0.621723
0.000010 0.000010 0.338586 0.000010 0.000010 0.000010 0.661364
0.000010 0.000010 0.337084 0.000010 0.000010 0.000010 0.662866
0.000010 0.000010 0.360752 0.000010 0.000010 0.000010 0.639198
0.000010 0.000010 0.355806 0.000010 0.000010 0.000010 0.644144
0.000010 0.000010 0.374822 0.000010 0.000010 0.000010 0.625128
0.000010 0.000010 0.332615 0.000010 0.000010 0.000010 0.667335
0.000010 0.000010 0.373456 0.000010 0.000010 0.000010 0.626494
0.000010 0.000010 0.361859 0.000010 0.000010 0.000010 0.638091
0.000010 0.000010 0.325095 0.000010 0.000014 0.000010 0.674851
0.000010 0.000010 0.358320 0.000010 0.000010 0.000010 0.641630
0.000010 0.000010 0.321782 0.000010 0.000010 0.000010 0.678168
0.000010 0.000010 0.347059 0.000010 0.000010 0.000010 0.652891
0.000010 0.000010 0.288496 0.000010 0.000010 0.000010 0.711454
0.000010 0.000010 0.376448 0.000010 0.000010 0.000010 0.623502
0.000010 0.000010 0.360242 0.000017 0.000010 0.000010 0.639701
0.000010 0.000010 0.304287 0.000010 0.000010 0.000010 0.695663
0.000010 0.000010 0.356962 0.000010 0.000010 0.000010 0.642988
0.000010 0.000010 0.356161 0.000010 0.000010 0.000010 0.643789
0.000010 0.000010 0.345244 0.000010 0.000010 0.000010 0.654706
0.000010 0.000010 0.345949 0.000010 0.000010 0.000010 0.654001
0.000010 0.000010 0.338918 0.000010 0.000010 0.000010 0.661032
0.000010 0.000010 0.375698 0.000010 0.000010 0.000010 0.624252
0.000010 0.000010 0.339680 0.000010 0.000010 0.000010 0.660270
0.000010 0.000010 0.361923 0.000010 0.000010 0.000010 0.638027
0.000010 0.000010 0.310812 0.000010 0.000010 0.000010 0.689138
0.000014 0.000010 0.368688 0.000010 0.000010 0.000010 0.631258
0.000010 0.000010 0.382080 0.000010 0.000010 0.000010 0.617870
0.000010 0.000010 0.999940 0.000010 0.000010 0.000010 0.000010
0.000010 0.000010 0.999940 0.000010 0.000010 0.000010 0.000010
0.000010 0.000010 0.958145 0.000010 0.000010 0.000010 0.041805
0.000010 0.000010 0.999940 0.000010 0.000010 0.000010 0.000010
0.000010 0.003853 0.996097 0.000010 0.000010 0.000010 0.000010
0.000010 0.025812 0.974138 0.000010 0.000010 0.000010 0.000010
0.000010 0.000010 0.962852 0.000010 0.000010 0.000010 0.037098
0.000010 0.000010 0.999940 0.000010 0.000010 0.000010 0.000010
0.000010 0.000010 0.954746 0.000010 0.000010 0.000010 0.045204
0.000010 0.000010 0.999940 0.000010 0.000010 0.000010 0.000010
0.000010 0.000010 0.831340 0.000010 0.000010 0.000010 0.168610
0.000010 0.000010 0.999937 0.000010 0.000010 0.000013 0.000010
0.000010 0.000010 0.999940 0.000010 0.000010 0.000010 0.000010
0.000010 0.001499 0.998451 0.000010 0.000010 0.000010 0.000010
0.000010 0.000010 0.999940 0.000010 0.000010 0.000010 0.000010
0.000010 0.000010 0.999940 0.000010 0.000010 0.000010 0.000010
0.000010 0.000010 0.999940 0.000010 0.000010 0.000010 0.000010
0.000010 0.000010 0.987850 0.012100 0.000010 0.000010 0.000010
0.000010 0.000010 0.998551 0.001399 0.000010 0.000010 0.000010
0.000010 0.000010 0.999764 0.000186 0.000010 0.000010 0.000010
0.000010 0.000010 0.922273 0.000010 0.000010 0.000010 0.077677
0.000010 0.010214 0.989727 0.000010 0.000010 0.000019 0.000010
0.000010 0.000010 0.999940 0.000010 0.000010 0.000010 0.000010
0.000010 0.000010 0.992515 0.000010 0.000010 0.000010 0.007435
0.000010 0.000010 0.833826 0.000017 0.000010 0.000010 0.166116
0.000010 0.000010 0.999940 0.000010 0.000010 0.000010 0.000010
0.000010 0.000010 0.999054 0.000010 0.000010 0.000896 0.000010
0.000010 0.000010 0.999940 0.000010 0.000010 0.000010 0.000010
0.000010 0.000010 0.999940 0.000010 0.000010 0.000010 0.000010
0.000010 0.004014 0.954072 0.000010 0.000010 0.000010 0.041874
0.000010 0.008053 0.991539 0.000010 0.000010 0.000368 0.000010
0.000010 0.003369 0.996581 0.000010 0.000010 0.000010 0.000010
0.000010 0.000010 0.999940 0.000010 0.000010 0.000010 0.000010
0.000010 0.000010 0.999940 0.000010 0.000010 0.000010 0.000010
0.000010 0.000010 0.999940 0.000010 0.000010 0.000010 0.000010
0.000010 0.000010 0.999940 0.000010 0.000010 0.000010 0.000010
0.000010 0.000010 0.999940 0.000010 0.000010 0.000010 0.000010
0.000010 0.000010 0.950284 0.000010 0.000010 0.000010 0.049666
0.000010 0.000010 0.975221 0.000010 0.000010 0.000010 0.024729
0.000010 0.000010 0.999323 0.000010 0.000010 0.000627 0.000010
0.000010 0.001011 0.987691 0.009899 0.000010 0.000010 0.001370
0.000010 0.000010 0.941093 0.000010 0.000010 0.000010 0.058857
0.000010 0.000010 0.999940 0.000010 0.000010 0.000010 0.000010
0.000010 0.016237 0.983713 0.000010 0.000010 0.000010 0.000010
0.000010 0.000010 0.905068 0.000010 0.000010 0.000010 0.094882
0.000010 0.000010 0.999940 0.000010 0.000010 0.000010 0.000010
0.000010 0.000010 0.947917 0.011915 0.000010 0.000010 0.040128
0.000010 0.000010 0.773207 0.049167 0.000010 0.000010 0.177587
0.000010 0.000010 0.999940 0.000010 0.000010 0.000010 0.000010
0.000010 0.001069 0.998881 0.000010 0.000010 0.000010 0.000010
0.000010 0.000010 0.729118 0.000010 0.000010 0.000010 0.270832
0.000010 0.000010 0.999940 0.000010 0.000010 0.000010 0.000010
0.000010 0.000010 0.974882 0.000010 0.000010 0.000010 0.025068
0.000010 0.000010 0.999940 0.000010 0.000010 0.000010 0.000010
0.000010 0.000010 0.776550 0.000530 0.000010 0.000010 0.222880
0.000010 0.000010 0.999940 0.000010 0.000010 0.000010 0.000010
0.000010 0.000010 0.999940 0.000010 0.000010 0.000010 0.000010
0.000010 0.000010 0.921240 0.000010 0.000010 0.000010 0.078710
0.000010 0.004362 0.995588 0.000010 0.000010 0.000010 0.000010
0.000010 0.000010 0.993030 0.000010 0.000010 0.000010 0.006920
0.000010 0.000010 0.998309 0.000010 0.000010 0.001641 0.000010
0.000010 0.000010 0.999940 0.000010 0.000010 0.000010 0.000010
0.000010 0.000010 0.999940 0.000010 0.000010 0.000010 0.000010
0.000010 0.000010 0.992388 0.007562 0.000010 0.000010 0.000010
0.000010 0.000010 0.999940 0.000010 0.000010 0.000010 0.000010
0.000010 0.000010 0.999078 0.000010 0.000010 0.000872 0.000010
0.000010 0.000010 0.999940 0.000010 0.000010 0.000010 0.000010
0.000010 0.000010 0.991060 0.000010 0.000010 0.000010 0.008890
0.000010 0.000010 0.999940 0.000010 0.000010 0.000010 0.000010
0.000010 0.000010 0.999936 0.000010 0.000010 0.000014 0.000010
0.000010 0.000010 0.995622 0.000010 0.000010 0.004328 0.000010
0.000010 0.000010 0.999940 0.000010 0.000010 0.000010 0.000010
0.000010 0.006340 0.991658 0.000010 0.000010 0.001962 0.000010
0.000010 0.000010 0.999940 0.000010 0.000010 0.000010 0.000010
0.000010 0.000010 0.974897 0.000010 0.000010 0.000010 0.025053
0.000010 0.000010 0.999940 0.000010 0.000010 0.000010 0.000010
0.000010 0.000010 0.999940 0.000010 0.000010 0.000010 0.000010
0.000010 0.000010 0.816500 0.000010 0.000010 0.000010 0.183450
0.000010 0.000010 0.999940 0.000010 0.000010 0.000010 0.000010
0.000010 0.000010 0.999940 0.000010 0.000010 0.000010 0.000010
0.000010 0.000010 0.999940 0.000010 0.000010 0.000010 0.000010
0.000010 0.000010 0.999940 0.000010 0.000010 0.000010 0.000010
0.000010 0.999940 0.000010 0.000010 0.000010 0.000010 0.000010
0.000010 0.999940 0.000010 0.000010 0.000010 0.000010 0.000010
0.000010 0.999940 0.000010 0.000010 0.000010 0.000010 0.000010
0.000010 0.999940 0.000010 0.000010 0.000010 0.000010 0.000010
0.000010 0.999940 0.000010 0.000010 0.000010 0.000010 0.000010
0.000010 0.999940 0.000010 0.000010 0.000010 0.000010 0.000010
0.000010 0.999940 0.000010 0.000010 0.000010 0.000010 0.000010
0.000010 0.999940 0.000010 0.000010 0.000010 0.000010 0.000010
0.000010 0.999940 0.000010 0.000010 0.000010 0.000010 0.000010
0.000010 0.999940 0.000010 0.000010 0.000010 0.000010 0.000010
0.000010 0.999940 0.000010 0.000010 0.000010 0.000010 0.000010
0.000010 0.999940 0.000010 0.000010 0.000010 0.000010 0.000010
0.000010 0.999940 0.000010 0.000010 0.000010 0.000010 0.000010
0.000010 0.999940 0.000010 0.000010 0.000010 0.000010 0.000010
0.000010 0.999940 0.000010 0.000010 0.000010 0.000010 0.000010
0.000010 0.999940 0.000010 0.000010 0.000010 0.000010 0.000010
0.000010 0.999940 0.000010 0.000010 0.000010 0.000010 0.000010
0.000010 0.999940 0.000010 0.000010 0.000010 0.000010 0.000010
0.000010 0.999940 0.000010 0.000010 0.000010 0.000010 0.000010
0.000010 0.999940 0.000010 0.000010 0.000010 0.000010 0.000010
0.000010 0.999940 0.000010 0.000010 0.000010 0.000010 0.000010
0.000010 0.999940 0.000010 0.000010 0.000010 0.000010 0.000010
0.000010 0.999940 0.000010 0.000010 0.000010 0.000010 0.000010
0.000010 0.999940 0.000010 0.000010 0.000010 0.000010 0.000010
0.000010 0.999940 0.000010 0.000010 0.000010 0.000010 0.000010
0.000010 0.999940 0.000010 0.000010 0.000010 0.000010 0.000010
0.000010 0.999940 0.000010 0.000010 0.000010 0.000010 0.000010
0.000010 0.999940 0.000010 0.000010 0.000010 0.000010 0.000010
0.000010 0.999940 0.000010 0.000010 0.000010 0.000010 0.000010
0.000010 0.999940 0.000010 0.000010 0.000010 0.000010 0.000010
0.000010 0.999940 0.000010 0.000010 0.000010 0.000010 0.000010
0.000010 0.999940 0.000010 0.000010 0.000010 0.000010 0.000010
0.000010 0.999940 0.000010 0.000010 0.000010 0.000010 0.000010
0.000010 0.999940 0.000010 0.000010 0.000010 0.000010 0.000010
0.000010 0.999940 0.000010 0.000010 0.000010 0.000010 0.000010
0.000010 0.999940 0.000010 0.000010 0.000010 0.000010 0.000010
0.000010 0.999940 0.000010 0.000010 0.000010 0.000010 0.000010
0.000010 0.999940 0.000010 0.000010 0.000010 0.000010 0.000010
0.000010 0.999940 0.000010 0.000010 0.000010 0.000010 0.000010
0.000010 0.999940 0.000010 0.000010 0.000010 0.000010 0.000010
0.000010 0.999940 0.000010 0.000010 0.000010 0.000010 0.000010
0.011885 0.000010 0.000010 0.000010 0.063439 0.166247 0.758400
0.061828 0.000010 0.000010 0.000010 0.110071 0.211951 0.616120
0.039862 0.000010 0.000010 0.009959 0.030228 0.122705 0.797225
0.000010 0.999940 0.000010 0.000010 0.000010 0.000010 0.000010
0.000010 0.999940 0.000010 0.000010 0.000010 0.000010 0.000010
0.000010 0.999940 0.000010 0.000010 0.000010 0.000010 0.000010
0.000010 0.999940 0.000010 0.000010 0.000010 0.000010 0.000010
0.000010 0.999940 0.000010 0.000010 0.000010 0.000010 0.000010
0.000010 0.999940 0.000010 0.000010 0.000010 0.000010 0.000010
0.000010 0.999940 0.000010 0.000010 0.000010 0.000010 0.000010
0.000010 0.999940 0.000010 0.000010 0.000010 0.000010 0.000010
0.000010 0.999940 0.000010 0.000010 0.000010 0.000010 0.000010
0.000010 0.999940 0.000010 0.000010 0.000010 0.000010 0.000010
0.000010 0.974423 0.000010 0.000010 0.000010 0.019302 0.006235
0.000010 0.999940 0.000010 0.000010 0.000010 0.000010 0.000010
0.000010 0.999940 0.000010 0.000010 0.000010 0.000010 0.000010
0.000010 0.999940 0.000010 0.000010 0.000010 0.000010 0.000010
0.000010 0.999940 0.000010 0.000010 0.000010 0.000010 0.000010
0.000010 0.999940 0.000010 0.000010 0.000010 0.000010 0.000010
0.000010 0.999940 0.000010 0.000010 0.000010 0.000010 0.000010
0.000010 0.999940 0.000010 0.000010 0.000010 0.000010 0.000010
0.000010 0.999940 0.000010 0.000010 0.000010 0.000010 0.000010
0.000010 0.999940 0.000010 0.000010 0.000010 0.000010 0.000010
0.000010 0.999940 0.000010 0.000010 0.000010 0.000010 0.000010
0.000010 0.999940 0.000010 0.000010 0.000010 0.000010 0.000010
0.000010 0.999940 0.000010 0.000010 0.000010 0.000010 0.000010
0.000010 0.999940 0.000010 0.000010 0.000010 0.000010 0.000010
0.023734 0.947763 0.006493 0.000010 0.007289 0.000010 0.014701
0.000010 0.999940 0.000010 0.000010 0.000010 0.000010 0.000010
0.000010 0.999940 0.000010 0.000010 0.000010 0.000010 0.000010
0.000010 0.999940 0.000010 0.000010 0.000010 0.000010 0.000010
0.000010 0.999940 0.000010 0.000010 0.000010 0.000010 0.000010
0.000010 0.999940 0.000010 0.000010 0.000010 0.000010 0.000010
0.000010 0.999940 0.000010 0.000010 0.000010 0.000010 0.000010
0.000010 0.999940 0.000010 0.000010 0.000010 0.000010 0.000010
0.000010 0.999940 0.000010 0.000010 0.000010 0.000010 0.000010
0.028929 0.000010 0.000010 0.000010 0.118286 0.139877 0.712877
0.052830 0.000010 0.000010 0.006702 0.109350 0.158908 0.672189
0.019257 0.000010 0.000010 0.005451 0.046593 0.130581 0.798099
0.033893 0.000010 0.000010 0.010362 0.038682 0.171479 0.745565
0.000010 0.999940 0.000010 0.000010 0.000010 0.000010 0.000010
0.000010 0.999940 0.000010 0.000010 0.000010 0.000010 0.000010
0.000010 0.999940 0.000010 0.000010 0.000010 0.000010 0.000010
0.000010 0.999940 0.000010 0.000010 0.000010 0.000010 0.000010
0.000010 0.999940 0.000010 0.000010 0.000010 0.000010 0.000010
0.000010 0.999937 0.000013 0.000010 0.000010 0.000010 0.000010
0.000010 0.999940 0.000010 0.000010 0.000010 0.000010 0.000010
0.000010 0.999940 0.000010 0.000010 0.000010 0.000010 0.000010
0.000010 0.999940 0.000010 0.000010 0.000010 0.000010 0.000010
0.000010 0.999940 0.000010 0.000010 0.000010 0.000010 0.000010
0.000010 0.999940 0.000010 0.000010 0.000010 0.000010 0.000010
0.000010 0.999940 0.000010 0.000010 0.000010 0.000010 0.000010
0.000010 0.999940 0.000010 0.000010 0.000010 0.000010 0.000010
0.000010 0.999940 0.000010 0.000010 0.000010 0.000010 0.000010
0.000010 0.999940 0.000010 0.000010 0.000010 0.000010 0.000010
0.000010 0.999940 0.000010 0.000010 0.000010 0.000010 0.000010
0.000010 0.999940 0.000010 0.000010 0.000010 0.000010 0.000010
0.000010 0.999940 0.000010 0.000010 0.000010 0.000010 0.000010
0.000010 0.999940 0.000010 0.000010 0.000010 0.000010 0.000010
0.000010 0.999940 0.000010 0.000010 0.000010 0.000010 0.000010
0.000010 0.999940 0.000010 0.000010 0.000010 0.000010 0.000010
0.000011 0.999939 0.000010 0.000010 0.000010 0.000010 0.000010
0.000010 0.999940 0.000010 0.000010 0.000010 0.000010 0.000010
0.000010 0.999940 0.000010 0.000010 0.000010 0.000010 0.000010
0.000010 0.999940 0.000010 0.000010 0.000010 0.000010 0.000010
0.000010 0.999940 0.000010 0.000010 0.000010 0.000010 0.000010
0.000010 0.000010 0.000010 0.000010 0.013339 0.088399 0.898222
0.000010 0.004217 0.000010 0.002110 0.043739 0.136996 0.812918
0.034863 0.000010 0.000010 0.000010 0.064641 0.222561 0.677905
0.019328 0.000010 0.000010 0.000010 0.031115 0.115714 0.833813
0.013138 0.000010 0.000011 0.000010 0.057306 0.121514 0.808010
0.014850 0.000010 0.118217 0.000010 0.031352 0.057896 0.777666
0.044701 0.000075 0.000010 0.000010 0.067836 0.159057 0.728310
0.000010 0.000010 0.000010 0.000019 0.048771 0.065218 0.885962
0.047047 0.000010 0.000010 0.000010 0.037789 0.240832 0.674302
0.000010 0.999940 0.000010 0.000010 0.000010 0.000010 0.000010
0.000010 0.999940 0.000010 0.000010 0.000010 0.000010 0.000010
0.000010 0.999940 0.000010 0.000010 0.000010 0.000010 0.000010
0.000010 0.999940 0.000010 0.000010 0.000010 0.000010 0.000010
0.000010 0.990232 0.000010 0.009718 0.000010 0.000010 0.000010
0.000010 0.999940 0.000010 0.000010 0.000010 0.000010 0.000010
0.000010 0.999940 0.000010 0.000010 0.000010 0.000010 0.000010
0.000010 0.999940 0.000010 0.000010 0.000010 0.000010 0.000010
0.000010 0.999940 0.000010 0.000010 0.000010 0.000010 0.000010
0.000010 0.999940 0.000010 0.000010 0.000010 0.000010 0.000010
0.000010 0.999940 0.000010 0.000010 0.000010 0.000010 0.000010
0.000010 0.999940 0.000010 0.000010 0.000010 0.000010 0.000010
0.000010 0.999940 0.000010 0.000010 0.000010 0.000010 0.000010
0.000010 0.999940 0.000010 0.000010 0.000010 0.000010 0.000010
0.038350 0.000010 0.000010 0.000010 0.037767 0.104282 0.819572
0.038112 0.000010 0.000010 0.000010 0.070383 0.152903 0.738572
0.143648 0.000010 0.000011 0.000010 0.079656 0.139399 0.637266
0.096464 0.000010 0.000010 0.000010 0.109010 0.208021 0.586476
0.125739 0.000010 0.000010 0.009741 0.089331 0.187577 0.587592
0.016709 0.000010 0.000010 0.000010 0.034922 0.181693 0.766647
0.049320 0.000010 0.000010 0.000010 0.069619 0.117675 0.763356
0.052547 0.000010 0.000010 0.002750 0.073040 0.163137 0.708507
0.027105 0.000010 0.000010 0.000010 0.058331 0.124718 0.789816
0.000010 0.000010 0.000010 0.000010 0.063326 0.151243 0.785391
0.195176 0.000010 0.000010 0.019922 0.147607 0.140397 0.496877
0.075256 0.000010 0.000010 0.000010 0.094116 0.124118 0.706480
0.024776 0.000010 0.000010 0.000010 0.036531 0.149431 0.789233
0.011960 0.000010 0.000010 0.002000 0.062536 0.158185 0.765299
0.011481 0.000010 0.000010 0.000010 0.062936 0.172003 0.753550
0.000010 0.000010 0.000010 0.000010 0.043150 0.166510 0.790300
0.015792 0.000010 0.000010 0.000010 0.055453 0.152475 0.776250
0.043604 0.000010 0.000010 0.000010 0.024417 0.167325 0.764624
0.041647 0.000010 0.000010 0.000010 0.041643 0.061501 0.855179
0.084135 0.000010 0.000010 0.003506 0.107694 0.195448 0.609196
0.052537 0.000010 0.000010 0.003227 0.101956 0.139778 0.702482
0.055243 0.000010 0.000010 0.000010 0.025496 0.227467 0.691765
0.103356 0.000010 0.000010 0.000010 0.094166 0.179784 0.622665
0.028502 0.000010 0.000010 0.000010 0.057986 0.173219 0.740263
0.033673 0.000010 0.000010 0.007906 0.086943 0.130567 0.740891
0.080597 0.000010 0.000010 0.000010 0.041793 0.199195 0.678385
0.082742 0.001070 0.000010 0.005065 0.087588 0.125063 0.698460
0.097750 0.000010 0.000010 0.004681 0.041443 0.157101 0.699006
0.116062 0.000010 0.000010 0.005884 0.135195 0.130706 0.612132
0.046572 0.000010 0.000010 0.000010 0.079604 0.137713 0.736081
0.060843 0.000010 0.000010 0.000010 0.044945 0.142069 0.752113
0.003590 0.000010 0.000010 0.000010 0.080724 0.170614 0.745042
0.017146 0.000010 0.000010 0.000010 0.069877 0.147861 0.765086
0.067908 0.000010 0.000010 0.000010 0.072093 0.177890 0.682078
0.046712 0.000010 0.000010 0.000010 0.114830 0.143659 0.694770
0.013969 0.007217 0.000010 0.006262 0.057589 0.129030 0.785924
0.012044 0.002501 0.010822 0.008265 0.059461 0.089372 0.817534
0.130940 0.000010 0.000010 0.000010 0.089688 0.129647 0.649695
0.289363 0.000010 0.000011 0.000010 0.354863 0.075184 0.280559
0.044418 0.000010 0.000010 0.005480 0.078921 0.151026 0.720134
0.041713 0.000010 0.000010 0.000010 0.066508 0.165585 0.726164
0.000010 0.000010 0.000010 0.000010 0.003161 0.082342 0.914457
0.000010 0.001273 0.000010 0.000010 0.000010 0.310382 0.688305
0.037917 0.018639 0.000010 0.000010 0.011130 0.120950 0.811345
0.005964 0.000010 0.000010 0.022450 0.030580 0.323908 0.617078
0.036226 0.000010 0.000010 0.000010 0.023818 0.249322 0.690605
0.036476 0.000010 0.000010 0.000010 0.093752 0.316321 0.553421
0.035341 0.000010 0.000010 0.021839 0.050657 0.284743 0.607399
0.029860 0.000010 0.000010 0.000010 0.019182 0.269566 0.681362
0.011339 0.000010 0.000010 0.004161 0.037446 0.286839 0.660195
0.000010 0.000010 0.000010 0.011312 0.013276 0.173943 0.801439
0.002322 0.000010 0.000010 0.004429 0.109928 0.247419 0.635883
0.028972 0.000010 0.000011 0.000010 0.057046 0.298407 0.615545
0.000016 0.000010 0.000010 0.000010 0.012880 0.387024 0.600050
0.075451 0.000010 0.000012 0.000010 0.091331 0.324404 0.508782
0.000431 0.000010 0.000010 0.000010 0.031011 0.308899 0.659629
0.059085 0.000010 0.000010 0.008994 0.121848 0.387510 0.422543
0.003853 0.000010 0.000010 0.000010 0.043499 0.277387 0.675230
0.075995 0.000010 0.000010 0.007537 0.015550 0.472115 0.428782
0.108186 0.000010 0.000010 0.000010 0.067304 0.183272 0.641208
0.032352 0.000010 0.000010 0.012650 0.058050 0.170424 0.726505
0.024159 0.000010 0.000010 0.000010 0.061060 0.130747 0.784004
0.115561 0.000010 0.000010 0.000010 0.104542 0.153793 0.626075
0.000010 0.000010 0.000010 0.037243 0.022824 0.072457 0.867447
0.033349 0.000010 0.000010 0.000530 0.078984 0.168654 0.718463
0.112339 0.000010 0.000010 0.000010 0.063217 0.155747 0.668667
0.023879 0.000010 0.000010 0.000010 0.030817 0.063384 0.881891
0.021121 0.000010 0.000010 0.000010 0.032306 0.127006 0.819537
0.034512 0.000010 0.000010 0.000010 0.046288 0.169576 0.749593
0.017729 0.000036 0.000010 0.000010 0.047368 0.216689 0.718159
0.009261 0.000010 0.000010 0.000010 0.120613 0.166559 0.703537
0.046487 0.000010 0.000010 0.000010 0.064467 0.174851 0.714164
0.088986 0.000010 0.000010 0.000010 0.084922 0.268130 0.557931
0.073990 0.000010 0.000010 0.000720 0.122758 0.238746 0.563767
0.076643 0.000010 0.000010 0.000010 0.069138 0.236701 0.617488
0.000217 0.000010 0.000010 0.000010 0.083861 0.223992 0.691900
0.016187 0.000010 0.000010 0.000010 0.040940 0.159745 0.783098
0.083303 0.000010 0.000010 0.000010 0.093287 0.160965 0.662416
0.000010 0.000010 0.000010 0.004305 0.037307 0.104457 0.853901
0.030471 0.000010 0.000010 0.016133 0.060306 0.147027 0.746043
0.027334 0.000010 0.000010 0.000010 0.082352 0.130905 0.759379
0.466771 0.000010 0.000010 0.000010 0.214653 0.083094 0.235453
0.297754 0.000010 0.000010 0.027111 0.194384 0.066730 0.414002
0.098233 0.000010 0.000010 0.000010 0.090597 0.186783 0.624356
0.071890 0.000010 0.000010 0.007793 0.037071 0.115493 0.767732
0.025738 0.000010 0.000010 0.000475 0.045891 0.334609 0.593267
0.010221 0.005571 0.000010 0.000010 0.000010 0.291390 0.692788
0.021808 0.000010 0.000010 0.000010 0.019815 0.244721 0.713625
0.061386 0.000010 0.000010 0.005344 0.102353 0.301953 0.528943
0.000010 0.000010 0.000010 0.000010 0.000010 0.192287 0.807663
0.000010 0.000010 0.000010 0.000010 0.000010 0.321102 0.678848
0.006426 0.002286 0.000010 0.000010 0.010764 0.147890 0.832614
0.078004 0.000010 0.000010 0.000010 0.056273 0.330075 0.535618
0.004730 0.000010 0.000010 0.000010 0.061823 0.281200 0.652217
0.000010 0.000010 0.000010 0.003699 0.067710 0.268201 0.660360
0.099891 0.000010 0.000010 0.015484 0.072221 0.327287 0.485097
0.000010 0.000010 0.000010 0.000010 0.000010 0.047710 0.952240
0.000010 0.000010 0.000010 0.001377 0.000010 0.389878 0.608705
0.000010 0.000010 0.000010 0.000010 0.005561 0.292379 0.702019
0.000010 0.000010 0.000010 0.000010 0.019660 0.274395 0.705905
0.019049 0.000010 0.000010 0.000010 0.037931 0.240205 0.702786
0.143171 0.000010 0.000010 0.000010 0.094218 0.145057 0.617524
0.007124 0.000010 0.000010 0.004828 0.094882 0.202475 0.690671
0.029941 0.000777 0.000010 0.018227 0.070626 0.196435 0.683983
0.043923 0.000010 0.000010 0.008212 0.101153 0.198189 0.648504
0.118221 0.000010 0.000010 0.000010 0.107182 0.165210 0.609357
0.039494 0.005062 0.000010 0.001416 0.042685 0.095428 0.815904
0.037007 0.000010 0.000010 0.000010 0.086698 0.138686 0.737579
0.040795 0.000010 0.000010 0.003369 0.066402 0.168981 0.720433
0.038016 0.000010 0.000010 0.000010 0.082481 0.099937 0.779536
0.000010 0.004375 0.000010 0.000010 0.098702 0.202418 0.694475
0.000010 0.000010 0.349862 0.000010 0.000010 0.000010 0.650088
0.000010 0.000010 0.010261 0.018638 0.000010 0.616203 0.354868
0.198882 0.000010 0.009974 0.000010 0.149281 0.239373 0.402469
0.000010 0.000010 0.000011 0.000010 0.019448 0.436056 0.544456
0.000010 0.000010 0.000010 0.000010 0.049382 0.247970 0.702608
0.007633 0.000010 0.000010 0.013252 0.024485 0.414222 0.540388
0.014476 0.000010 0.000010 0.000010 0.054878 0.421541 0.509075
0.000010 0.000010 0.000010 0.000010 0.000010 0.315309 0.684641
0.000010 0.000010 0.000010 0.000010 0.020717 0.207836 0.771407
0.005974 0.000010 0.000010 0.000010 0.002967 0.182048 0.808982
0.007966 0.000010 0.000010 0.000010 0.043271 0.327743 0.620991
0.000010 0.000010 0.000010 0.000010 0.005632 0.318769 0.675559
0.008132 0.000010 0.000010 0.000010 0.029563 0.269180 0.693094
0.016337 0.000010 0.000010 0.006005 0.034543 0.260909 0.682186
0.059952 0.000010 0.000010 0.009841 0.059217 0.255937 0.615033
0.084338 0.000010 0.000010 0.000010 0.086765 0.335414 0.493452
0.081360 0.000010 0.006833 0.011489 0.059961 0.296618 0.543729
0.061928 0.007631 0.000010 0.000010 0.043378 0.270553 0.616489
0.031560 0.000010 0.000010 0.000010 0.089826 0.539971 0.338613
0.000414 0.000010 0.000010 0.000010 0.030705 0.337961 0.630890
0.000010 0.000010 0.000010 0.000010 0.000010 0.286016 0.713934
0.058000 0.000010 0.000010 0.000010 0.074330 0.323758 0.543882
0.000010 0.000010 0.000011 0.000010 0.098528 0.329577 0.571854
0.000010 0.000010 0.000010 0.000010 0.028471 0.409927 0.561562
0.000010 0.000010 0.000010 0.000010 0.020533 0.262156 0.717270
0.026603 0.000010 0.000010 0.000010 0.028751 0.249079 0.695537
0.018398 0.000010 0.000010 0.007580 0.024780 0.152135 0.797088
0.171565 0.000010 0.000010 0.000010 0.105713 0.313263 0.409429
0.036833 0.000010 0.000010 0.000010 0.122815 0.205692 0.634630
0.078799 0.000010 0.000010 0.008719 0.128397 0.154232 0.629833
0.014648 0.000010 0.000010 0.000010 0.057250 0.149095 0.778977
0.055768 0.000010 0.000010 0.002176 0.111044 0.216424 0.614569
0.042022 0.000010 0.000010 0.000010 0.118333 0.175397 0.664218
0.069844 0.005325 0.000010 0.007024 0.093431 0.193412 0.630953
0.064213 0.000010 0.000010 0.011287 0.104335 0.173187 0.646958
0.032516 0.000010 0.000010 0.014662 0.055101 0.121709 0.775992
0.000010 0.000010 0.000010 0.000010 0.077798 0.241196 0.680965
0.035285 0.000010 0.000010 0.013983 0.096833 0.200238 0.653641
0.045584 0.000010 0.000010 0.008668 0.086398 0.189633 0.669697
0.028475 0.000010 0.000010 0.000010 0.080830 0.286720 0.603945
0.000010 0.000010 0.000010 0.007772 0.023615 0.262437 0.706146
0.007625 0.000010 0.000010 0.011140 0.026828 0.540830 0.413557
0.000010 0.000010 0.000010 0.000010 0.000010 0.130493 0.869457
0.000010 0.000010 0.000012 0.003587 0.000010 0.054692 0.941680
0.000010 0.000010 0.000010 0.026903 0.000010 0.436644 0.536414
0.012218 0.000010 0.000010 0.010446 0.030224 0.604661 0.342430
0.021312 0.000050 0.000010 0.000010 0.062274 0.317977 0.598368
0.010319 0.000010 0.000010 0.023071 0.047104 0.263549 0.655937
0.000010 0.000010 0.000010 0.000010 0.021637 0.427295 0.551028
0.031187 0.000010 0.000010 0.001980 0.007841 0.418889 0.540083
0.000010 0.000010 0.000010 0.000010 0.027983 0.437092 0.534885
0.132002 0.000010 0.000010 0.002772 0.042531 0.394213 0.428462
0.151265 0.000010 0.000010 0.000010 0.135769 0.323250 0.389686
0.042255 0.000010 0.000010 0.000010 0.138330 0.347977 0.471408
0.000010 0.000010 0.000010 0.000010 0.000010 0.213666 0.786284
0.000010 0.000010 0.000010 0.000010 0.009327 0.206625 0.784008
0.006442 0.000010 0.000010 0.000010 0.023330 0.162959 0.807239
0.000010 0.000010 0.000010 0.000010 0.020714 0.143548 0.835698
0.149075 0.000010 0.000010 0.000010 0.206379 0.277878 0.366639
0.003340 0.000010 0.000010 0.007371 0.019469 0.385506 0.584295
0.055480 0.000010 0.000010 0.000010 0.087556 0.154589 0.702346
0.005070 0.000010 0.000010 0.009120 0.005209 0.131010 0.849570
0.000010 0.000010 0.000010 0.000010 0.000010 0.176051 0.823899
0.000010 0.000010 0.000010 0.000010 0.018049 0.221783 0.760128
0.042323 0.000010 0.000010 0.000010 0.047301 0.439813 0.470533
0.049556 0.000010 0.000010 0.000010 0.063031 0.408422 0.478961
0.000010 0.000010 0.000010 0.000010 0.030060 0.395298 0.574602
0.000010 0.000010 0.000010 0.000010 0.036309 0.374520 0.589131
0.000010 0.000010 0.000013 0.018255 0.014426 0.000010 0.967277
0.002472 0.000010 0.040164 0.001966 0.014580 0.000010 0.940798
0.000010 0.000010 0.000010 0.000010 0.000010 0.000010 0.999940
0.000010 0.002465 0.000010 0.000010 0.000010 0.007556 0.989939
0.002043 0.000010 0.000010 0.014163 0.000010 0.000010 0.983754
0.001171 0.000010 0.000010 0.008783 0.000010 0.001902 0.988114
0.000010 0.000010 0.000010 0.000010 0.001717 0.000010 0.998233
0.000010 0.000010 0.000012 0.000010 0.000010 0.000010 0.999938
0.000010 0.000010 0.016404 0.000010 0.000010 0.000010 0.983546
0.000010 0.000010 0.051362 0.000010 0.000010 0.000010 0.948588
0.000010 0.000010 0.000010 0.000010 0.000010 0.000010 0.999940
0.000010 0.000010 0.004573 0.000010 0.000010 0.000010 0.995377
0.000010 0.000010 0.010538 0.000010 0.000010 0.000010 0.989412
0.000010 0.000010 0.033654 0.000010 0.000010 0.000010 0.966296
0.000010 0.000010 0.044033 0.000010 0.000010 0.000010 0.955917
0.000011 0.000010 0.053604 0.000010 0.000010 0.000010 0.946345
0.000010 0.000010 0.000010 0.000010 0.000010 0.000010 0.999940
0.000010 0.000010 0.000010 0.000010 0.009276 0.000010 0.990674
0.000010 0.000010 0.000010 0.007581 0.023121 0.000010 0.969257
0.000010 0.000010 0.010728 0.000010 0.012173 0.000010 0.977059
0.000010 0.002795 0.028090 0.000010 0.015511 0.000010 0.953574
0.000010 0.000010 0.008849 0.000010 0.007652 0.000010 0.983458
0.000010 0.000010 0.058035 0.000010 0.000010 0.000010 0.941915
0.000010 0.000010 0.026715 0.000010 0.000010 0.000010 0.973235
0.010087 0.000010 0.000010 0.000010 0.047450 0.244760 0.697673
0.215261 0.000010 0.000010 0.000010 0.167035 0.252700 0.364974
0.130714 0.000010 0.000010 0.024778 0.098860 0.354987 0.390641
0.000010 0.000010 0.000010 0.000010 0.000010 0.729713 0.270237
0.000010 0.000010 0.000659 0.020833 0.000010 0.501505 0.476973
0.000010 0.000010 0.000010 0.000010 0.000010 0.709988 0.289962
0.000010 0.000010 0.000010 0.000010 0.000010 0.999940 0.000010
0.026685 0.000010 0.000010 0.000010 0.028488 0.470771 0.474026
0.000010 0.000010 0.000010 0.000010 0.000010 0.651347 0.348603
0.000010 0.000010 0.081821 0.796427 0.000010 0.000737 0.120985
0.000010 0.000010 0.062391 0.773304 0.000010 0.005533 0.158742
0.000020 0.000010 0.053113 0.769294 0.000010 0.002561 0.174992
0.000010 0.000010 0.023816 0.721715 0.000010 0.000010 0.254429
0.000010 0.989049 0.000010 0.010901 0.000010 0.000010 0.000010
0.000010 0.965121 0.000010 0.034829 0.000010 0.000010 0.000010
0.000010 0.982415 0.000010 0.017535 0.000010 0.000010 0.000010
0.000010 0.977101 0.000010 0.022849 0.000010 0.000010 0.000010
0.000010 0.974018 0.000010 0.025932 0.000010 0.000010 0.000010
0.000010 0.989717 0.000010 0.010233 0.000010 0.000010 0.000010
0.000010 0.000010 0.004283 0.003152 0.008608 0.008488 0.975448
0.000010 0.000395 0.040006 0.000010 0.007607 0.000010 0.951963
0.000010 0.000010 0.027847 0.000010 0.000010 0.000010 0.972103
0.000010 0.000010 0.010790 0.000010 0.000010 0.000010 0.989160
0.000010 0.000010 0.000010 0.012431 0.000010 0.000010 0.987519
0.000010 0.000010 0.000013 0.000010 0.005558 0.000010 0.994390
0.000010 0.000010 0.000013 0.000010 0.001915 0.000010 0.998033
0.000010 0.000010 0.017972 0.000010 0.012571 0.000010 0.969418
0.000010 0.000010 0.010152 0.010661 0.000010 0.000010 0.979147
0.000010 0.000014 0.048016 0.002203 0.000010 0.000010 0.949737
0.000010 0.002173 0.004874 0.000010 0.000010 0.000010 0.992913
0.000010 0.000010 0.000010 0.002072 0.000010 0.022119 0.975769
0.000010 0.000010 0.000010 0.006274 0.000010 0.000010 0.993676
0.000010 0.000010 0.000010 0.000010 0.012927 0.000010 0.987023
0.002272 0.000010 0.000010 0.000822 0.000010 0.000010 0.996866
0.000010 0.006881 0.000010 0.000010 0.014596 0.000010 0.978482
0.000010 0.000010 0.036018 0.001780 0.000010 0.003260 0.958912
0.000010 0.002774 0.000010 0.022659 0.007486 0.000010 0.967051
0.000278 0.004767 0.000010 0.010127 0.045297 0.000771 0.938750
0.008165 0.000010 0.000010 0.018209 0.018570 0.000010 0.955026
0.000010 0.000010 0.000010 0.000010 0.000010 0.006144 0.993806
0.000010 0.000010 0.060544 0.000010 0.000010 0.000010 0.939406
0.000723 0.000010 0.038258 0.013106 0.017427 0.000010 0.930465
0.025733 0.000010 0.011307 0.002346 0.009456 0.000010 0.951139
0.000010 0.000010 0.000010 0.006919 0.000010 0.000010 0.993031
0.000010 0.000010 0.035935 0.000010 0.000010 0.005755 0.958270
0.000010 0.000010 0.015704 0.000010 0.000011 0.000010 0.984246
0.000010 0.000010 0.000010 0.000010 0.000010 0.000010 0.999940
0.000010 0.000010 0.027374 0.000010 0.000010 0.000010 0.972576
0.000010 0.000010 0.009324 0.000010 0.000010 0.000010 0.990626
0.000010 0.000010 0.023039 0.000010 0.000010 0.000010 0.976911
0.000010 0.000010 0.040279 0.000010 0.000010 0.000010 0.959671
0.000012 0.000010 0.023314 0.000010 0.000010 0.000010 0.976634
0.000010 0.000010 0.057174 0.000010 0.000010 0.000010 0.942776
0.006251 0.000010 0.049428 0.000010 0.005423 0.000010 0.938868
0.000010 0.000010 0.089781 0.001984 0.007311 0.000010 0.900894
0.023497 0.000010 0.000012 0.000010 0.015749 0.000010 0.960712
0.006372 0.000010 0.000012 0.008381 0.033034 0.000010 0.952180
0.000010 0.000010 0.000012 0.011631 0.019192 0.000010 0.969135
0.000010 0.000010 0.000010 0.000010 0.012681 0.000010 0.987269
0.000010 0.000010 0.043999 0.000010 0.000010 0.000010 0.955951
0.000010 0.000010 0.000010 0.000010 0.000010 0.000010 0.999940
0.011510 0.000010 0.040701 0.012782 0.004131 0.000010 0.930857
0.000010 0.000010 0.050731 0.003294 0.012756 0.000010 0.933188
0.000010 0.000726 0.060627 0.010202 0.000010 0.000010 0.928415
0.006975 0.000010 0.070989 0.006581 0.000010 0.000010 0.915425
0.000010 0.000010 0.045289 0.000010 0.015251 0.000010 0.939420
0.000010 0.000010 0.054250 0.015502 0.011337 0.000010 0.918882
0.000010 0.000010 0.000011 0.000010 0.000010 0.000010 0.999939
0.000010 0.000010 0.005381 0.000010 0.000010 0.004375 0.990204
0.000010 0.008395 0.000010 0.000277 0.002685 0.000010 0.988612
0.000010 0.000010 0.010105 0.000010 0.014021 0.000010 0.975834
0.000010 0.000010 0.000010 0.000709 0.000010 0.000693 0.998559
0.000010 0.000010 0.053358 0.000010 0.000010 0.000010 0.946592
0.000010 0.000010 0.000010 0.006288 0.011474 0.001022 0.981185
0.011203 0.000010 0.000010 0.024356 0.018826 0.001499 0.944096
0.000010 0.000010 0.000012 0.014322 0.008588 0.000010 0.977047
0.000010 0.000010 0.000012 0.009871 0.014736 0.000010 0.975350
0.000010 0.000010 0.038198 0.000010 0.008151 0.000010 0.953610
0.000010 0.000010 0.000013 0.000010 0.000010 0.000010 0.999937
0.000010 0.000010 0.010103 0.009258 0.000010 0.000010 0.980599
0.000010 0.000010 0.038439 0.000010 0.000010 0.000010 0.961511
0.000013 0.000010 0.036079 0.000010 0.000010 0.001124 0.962754
0.000010 0.000010 0.002583 0.002332 0.000010 0.000010 0.995046
0.000010 0.000010 0.035027 0.000010 0.000010 0.000010 0.964923
0.000010 0.000010 0.001003 0.000020 0.000010 0.000010 0.998938
0.000010 0.000010 0.015550 0.003558 0.009365 0.000010 0.971498
0.000010 0.000010 0.000010 0.000010 0.006118 0.000010 0.993832
0.000013 0.000010 0.042502 0.003068 0.000011 0.000010 0.954385
0.000010 0.000010 0.044700 0.000010 0.000010 0.000010 0.955250
0.000010 0.000010 0.343399 0.000010 0.000010 0.000010 0.656551
0.000010 0.000010 0.355705 0.000010 0.000010 0.000010 0.644245
0.000010 0.000010 0.324532 0.000010 0.000010 0.000010 0.675418
0.000010 0.999940 0.000010 0.000010 0.000010 0.000010 0.000010
0.000010 0.999940 0.000010 0.000010 0.000010 0.000010 0.000010
0.000010 0.999940 0.000010 0.000010 0.000010 0.000010 0.000010
0.000010 0.999940 0.000010 0.000010 0.000010 0.000010 0.000010
0.000010 0.999940 0.000010 0.000010 0.000010 0.000010 0.000010
0.000010 0.999940 0.000010 0.000010 0.000010 0.000010 0.000010
0.000010 0.999940 0.000010 0.000010 0.000010 0.000010 0.000010
0.000010 0.999940 0.000010 0.000010 0.000010 0.000010 0.000010
0.000010 0.999940 0.000010 0.000010 0.000010 0.000010 0.000010
0.000010 0.999940 0.000010 0.000010 0.000010 0.000010 0.000010
0.000010 0.999940 0.000010 0.000010 0.000010 0.000010 0.000010
0.000010 0.999940 0.000010 0.000010 0.000010 0.000010 0.000010
0.000010 0.998923 0.000010 0.001027 0.000010 0.000010 0.000010
0.000010 0.999940 0.000010 0.000010 0.000010 0.000010 0.000010
0.000010 0.999940 0.000010 0.000010 0.000010 0.000010 0.000010
0.000010 0.999940 0.000010 0.000010 0.000010 0.000010 0.000010
0.000010 0.999940 0.000010 0.000010 0.000010 0.000010 0.000010
0.000010 0.999940 0.000010 0.000010 0.000010 0.000010 0.000010
0.000010 0.999940 0.000010 0.000010 0.000010 0.000010 0.000010
0.000010 0.994623 0.000010 0.005327 0.000010 0.000010 0.000010
0.000010 0.999940 0.000010 0.000010 0.000010 0.000010 0.000010
0.000010 0.999940 0.000010 0.000010 0.000010 0.000010 0.000010
0.000010 0.985330 0.000010 0.014620 0.000010 0.000010 0.000010
0.000010 0.985435 0.000010 0.014515 0.000010 0.000010 0.000010
0.000010 0.980837 0.000014 0.019108 0.000010 0.000010 0.000010
0.000010 0.993718 0.000010 0.006232 0.000010 0.000010 0.000010
0.000010 0.976717 0.000010 0.023233 0.000010 0.000010 0.000010
