0.000010 0.000010 0.617696 0.000010 0.000010 0.000010 0.382243 0.000010
0.000010 0.000010 0.636443 0.000010 0.000010 0.000010 0.363497 0.000010
0.000010 0.000010 0.577749 0.000010 0.000010 0.000010 0.422191 0.000010
0.000010 0.000010 0.628217 0.000010 0.000010 0.000010 0.371723 0.000010
0.000010 0.000010 0.579931 0.000010 0.000010 0.000010 0.420009 0.000010
0.000010 0.000010 0.586080 0.000010 0.000010 0.000010 0.413860 0.000010
0.000010 0.000010 0.640766 0.000010 0.000010 0.000010 0.359174 0.000010
0.000010 0.000011 0.623010 0.000010 0.000010 0.000010 0.376929 0.000010
0.000010 0.000010 0.639911 0.000010 0.000010 0.000010 0.360029 0.000010
0.000010 0.000010 0.589217 0.000010 0.000010 0.000010 0.410723 0.000010
0.000010 0.000010 0.607983 0.000010 0.000010 0.000010 0.391957 0.000010
0.000010 0.000010 0.650472 0.000010 0.000010 0.000010 0.349468 0.000010
0.000010 0.000010 0.577532 0.000010 0.000010 0.000010 0.422408 0.000010
0.000010 0.000010 0.567052 0.000010 0.000010 0.000010 0.432888 0.000010
0.000010 0.000011 0.597826 0.000010 0.000010 0.000010 0.402114 0.000010
0.000010 0.000010 0.611028 0.000010 0.000010 0.000010 0.388912 0.000010
0.000010 0.000011 0.603554 0.000010 0.000011 0.000010 0.396385 0.000010
0.000010 0.000011 0.631058 0.000010 0.000010 0.000010 0.368881 0.000010
0.000010 0.000010 0.586456 0.000010 0.000010 0.000010 0.413484 0.000010
0.000010 0.000010 0.611435 0.000010 0.000010 0.000010 0.388505 0.000010
0.000010 0.000010 0.591694 0.000010 0.000010 0.000010 0.408246 0.000010
0.000010 0.000010 0.603834 0.000010 0.000010 0.000010 0.396106 0.000010
0.000010 0.000010 0.601939 0.000010 0.000010 0.000010 0.398001 0.000010
0.000010 0.000010 0.610389 0.000010 0.000010 0.000010 0.389551 0.000010
0.000010 0.000010 0.580665 0.000010 0.000010 0.000010 0.419275 0.000010
0.000010 0.000010 0.584140 0.000010 0.000010 0.000010 0.415800 0.000010
0.000010 0.000010 0.641958 0.000013 0.000010 0.000010 0.357979 0.000010
0.000010 0.000010 0.664342 0.000010 0.000010 0.000010 0.335598 0.000010
0.000010 0.000010 0.625734 0.000010 0.000010 0.000010 0.374206 0.000010
0.000010 0.000010 0.606382 0.000010 0.000010 0.000010 0.393558 0.000010
0.000010 0.000010 0.666545 0.000010 0.000010 0.000010 0.333395 0.000010
0.000010 0.000010 0.626347 0.000010 0.000010 0.000010 0.373593 0.000010
0.000010 0.000011 0.675597 0.000010 0.000010 0.000010 0.324342 0.000010
0.000010 0.000011 0.649677 0.000010 0.000010 0.000010 0.350262 0.000010
0.000010 0.000010 0.580706 0.000010 0.000010 0.000010 0.419234 0.000010
0.000010 0.000010 0.639652 0.000010 0.000010 0.000010 0.360288 0.000010
0.000010 0.000011 0.646021 0.000010 0.000010 0.000010 0.353918 0.000010
0.000010 0.000010 0.624337 0.000010 0.000010 0.000010 0.375603 0.000010
0.000010 0.000010 0.608357 0.000010 0.000010 0.000010 0.391583 0.000010
0.000010 0.000010 0.589519 0.000010 0.000010 0.000010 0.410421 0.000010
0.000010 0.000010 0.656351 0.000010 0.000010 0.000010 0.343589 0.000010
0.000010 0.000010 0.635312 0.000010 0.000010 0.000010 0.364628 0.000010
0.000010 0.000010 0.654546 0.000010 0.000010 0.000010 0.345394 0.000010
0.000010 0.000010 0.632403 0.000010 0.000010 0.000010 0.367537 0.000010
0.000010 0.000010 0.592838 0.000010 0.000010 0.000010 0.407102 0.000010
0.000010 0.000010 0.630236 0.000010 0.000010 0.000010 0.369704 0.000010
0.000010 0.000010 0.627844 0.000010 0.000010 0.000010 0.372096 0.000010
0.000010 0.000010 0.657639 0.000010 0.000010 0.000010 0.342301 0.000010
0.000010 0.000010 0.611303 0.000014 0.000010 0.000010 0.388632 0.000010
0.000010 0.000011 0.626648 0.000010 0.000010 0.000010 0.373291 0.000010
0.000010 0.000010 0.657220 0.000010 0.000010 0.000010 0.342720 0.000010
0.000010 0.000010 0.609664 0.000010 0.000010 0.000010 0.390275 0.000010
0.000010 0.000010 0.000010 0.000010 0.000010 0.001532 0.993671 0.004747
0.000010 0.000010 0.000010 0.000010 0.000010 0.000010 0.995534 0.004406
0.000010 0.000010 0.106506 0.000010 0.000010 0.000010 0.893434 0.000010
0.000010 0.000010 0.000010 0.000010 0.000010 0.003013 0.996927 0.000010
0.000010 0.001990 0.000010 0.000010 0.000010 0.004422 0.988952 0.004596
0.000010 0.000010 0.000010 0.000010 0.000010 0.011344 0.988596 0.000010
0.000010 0.000010 0.000010 0.000010 0.000010 0.003884 0.996056 0.000010
0.000010 0.000010 0.000010 0.000010 0.000010 0.004588 0.989985 0.005377
0.000010 0.030838 0.209073 0.000010 0.000010 0.000010 0.760039 0.000010
0.000010 0.000010 0.000010 0.000010 0.000010 0.006236 0.991018 0.002696
0.000010 0.000010 0.000010 0.000010 0.000010 0.000010 0.999930 0.000010
0.000010 0.000010 0.000010 0.000010 0.000010 0.006018 0.993922 0.000010
0.000010 0.000010 0.000010 0.000010 0.000010 0.000010 0.999930 0.000010
0.000010 0.000010 0.000010 0.000010 0.000010 0.004237 0.995703 0.000010
0.000010 0.000010 0.000010 0.000010 0.000010 0.000010 0.999930 0.000010
0.002509 0.000010 0.038391 0.000010 0.000010 0.000010 0.956919 0.002141
0.002615 0.016372 0.098365 0.000010 0.000010 0.000010 0.882608 0.000010
0.000010 0.000010 0.665814 0.000010 0.000010 0.000010 0.334126 0.000010
0.000010 0.000011 0.672117 0.000010 0.000010 0.000010 0.327822 0.000010
0.000010 0.000010 0.656049 0.000010 0.000010 0.000010 0.343891 0.000010
0.000010 0.000010 0.621218 0.000010 0.000010 0.000010 0.378722 0.000010
0.000010 0.000010 0.661034 0.000010 0.000010 0.000010 0.338906 0.000010
0.000010 0.000010 0.662732 0.000010 0.000010 0.000010 0.337208 0.000010
0.000010 0.000010 0.638726 0.000010 0.000010 0.000010 0.361214 0.000010
0.000010 0.000010 0.643379 0.000010 0.000010 0.000010 0.356561 0.000010
0.000010 0.000010 0.624808 0.000010 0.000010 0.000010 0.375132 0.000010
0.000010 0.000010 0.667132 0.000010 0.000010 0.000010 0.332808 0.000010
0.000010 0.000010 0.626242 0.000010 0.000010 0.000010 0.373698 0.000010
0.000010 0.000010 0.637689 0.000010 0.000010 0.000010 0.362251 0.000010
0.000010 0.000010 0.674591 0.000010 0.000010 0.000010 0.325349 0.000010
0.000010 0.000010 0.641267 0.000010 0.000010 0.000010 0.358673 0.000010
0.000010 0.000010 0.678064 0.000010 0.000010 0.000010 0.321876 0.000010
0.000010 0.000010 0.652349 0.000010 0.000010 0.000010 0.347591 0.000010
0.000010 0.000010 0.711216 0.000010 0.000010 0.000010 0.288724 0.000010
0.000010 0.000010 0.623276 0.000010 0.000010 0.000010 0.376664 0.000010
0.000010 0.000010 0.639281 0.000010 0.000010 0.000010 0.360659 0.000010
0.000010 0.000010 0.695324 0.000010 0.000010 0.000010 0.304616 0.000010
0.000010 0.000011 0.642476 0.000010 0.000010 0.000010 0.357463 0.000010
0.000010 0.000010 0.643543 0.000010 0.000010 0.000010 0.356397 0.000010
0.000010 0.000010 0.654442 0.000010 0.000010 0.000010 0.345498 0.000010
0.000010 0.000011 0.653492 0.000010 0.000010 0.000010 0.346447 0.000010
0.000010 0.000010 0.660664 0.000010 0.000010 0.000010 0.339276 0.000010
0.000010 0.000010 0.623850 0.000010 0.000010 0.000010 0.376090 0.000010
0.000010 0.000010 0.658847 0.000010 0.000010 0.000010 0.341093 0.000010
0.000010 0.000010 0.637892 0.000010 0.000010 0.000010 0.362048 0.000010
0.000010 0.000010 0.688753 0.000010 0.000010 0.000010 0.311187 0.000010
0.000010 0.000010 0.631009 0.000010 0.000010 0.000010 0.368931 0.000010
0.000010 0.000010 0.617397 0.000010 0.000010 0.000010 0.382543 0.000010
0.000010 0.000010 0.000010 0.000010 0.000010 0.000010 0.999930 0.000010
0.000010 0.000010 0.000010 0.000010 0.000010 0.000010 0.999930 0.000010
0.000010 0.000010 0.041413 0.000010 0.000010 0.000010 0.958527 0.000010
0.000010 0.000010 0.000010 0.000010 0.000010 0.000010 0.999930 0.000010
0.004281 0.000010 0.000010 0.000010 0.000010 0.000010 0.995659 0.000010
0.010113 0.000010 0.000010 0.000010 0.000010 0.015837 0.973999 0.000010
0.000010 0.000010 0.036769 0.000010 0.000010 0.000010 0.963171 0.000010
0.000010 0.000010 0.000010 0.000010 0.000010 0.000010 0.999930 0.000010
0.000010 0.000010 0.044735 0.000010 0.000010 0.000010 0.955205 0.000010
0.000010 0.000010 0.000010 0.000010 0.000010 0.000010 0.999930 0.000010
0.000010 0.000010 0.168353 0.000010 0.000010 0.000010 0.831587 0.000010
0.000010 0.000010 0.000010 0.000010 0.000010 0.000010 0.999930 0.000010
0.000010 0.000010 0.000010 0.000010 0.000010 0.000010 0.999930 0.000010
0.002171 0.000010 0.000010 0.000010 0.000010 0.000010 0.997769 0.000010
0.000010 0.000010 0.000010 0.000010 0.000010 0.000010 0.999930 0.000010
0.000010 0.000010 0.000010 0.000010 0.000010 0.000010 0.999930 0.000010
0.000010 0.000010 0.000010 0.000010 0.000010 0.000010 0.999930 0.000010
0.000010 0.012420 0.000010 0.000010 0.000010 0.000010 0.987520 0.000010
0.000010 0.001746 0.000010 0.000010 0.000010 0.000010 0.998194 0.000010
0.000010 0.000599 0.000010 0.000010 0.000010 0.000010 0.999341 0.000010
0.000010 0.000010 0.077348 0.000010 0.000010 0.000010 0.922592 0.000010
0.000010 0.000010 0.000010 0.000010 0.000010 0.011246 0.988694 0.000010
0.000010 0.000010 0.000010 0.000010 0.000010 0.000010 0.999930 0.000010
0.000010 0.000010 0.007115 0.000010 0.000010 0.000010 0.992825 0.000010
0.000010 0.000010 0.165840 0.000010 0.000010 0.000010 0.834100 0.000010
0.000010 0.000010 0.000010 0.000010 0.000010 0.002145 0.997795 0.000010
0.000010 0.000010 0.000010 0.000010 0.000010 0.000010 0.999045 0.000895
0.000010 0.000010 0.000010 0.000010 0.000010 0.000010 0.999930 0.000010
0.000010 0.000010 0.000010 0.000010 0.000010 0.000010 0.999930 0.000010
0.004751 0.000010 0.041296 0.000010 0.000010 0.000010 0.953904 0.000010
0.009166 0.000010 0.000010 0.000010 0.000010 0.000010 0.990696 0.000087
0.005558 0.000010 0.000010 0.000010 0.000010 0.000010 0.994382 0.000010
0.000010 0.000010 0.000010 0.000010 0.000010 0.000010 0.999930 0.000010
0.000010 0.000010 0.000010 0.000010 0.000010 0.000010 0.999930 0.000010
0.000010 0.000010 0.000010 0.000010 0.000010 0.000010 0.999930 0.000010
0.000010 0.000010 0.000010 0.000010 0.000010 0.000010 0.999930 0.000010
0.000010 0.000010 0.000010 0.000010 0.000010 0.000010 0.999930 0.000010
0.000010 0.000010 0.049345 0.000010 0.000010 0.000010 0.950595 0.000010
0.000010 0.000010 0.024621 0.000010 0.000010 0.000010 0.975319 0.000010
0.000010 0.000010 0.000010 0.000010 0.000010 0.001225 0.998715 0.000010
0.000010 0.009883 0.001311 0.000010 0.000010 0.001475 0.987291 0.000010
0.000010 0.000010 0.058646 0.000010 0.000010 0.000010 0.941294 0.000010
0.000010 0.000010 0.000010 0.000010 0.000010 0.000010 0.999930 0.000010
0.000010 0.000010 0.000010 0.000010 0.000010 0.017406 0.982534 0.000010
0.000010 0.000010 0.094745 0.000010 0.000010 0.000010 0.905195 0.000010
0.000010 0.000010 0.000010 0.000010 0.000010 0.000010 0.999930 0.000010
0.000010 0.012196 0.039954 0.000010 0.000010 0.000010 0.947800 0.000010
0.000010 0.049389 0.177193 0.000010 0.000010 0.000010 0.773368 0.000010
0.000010 0.000010 0.000010 0.000010 0.000010 0.003385 0.996555 0.000010
0.001600 0.000010 0.000010 0.000010 0.000010 0.000010 0.998340 0.000010
0.000010 0.000010 0.270466 0.000010 0.000010 0.000010 0.729474 0.000010
0.000010 0.000010 0.000010 0.000010 0.000010 0.000010 0.999930 0.000010
0.000010 0.000010 0.024859 0.000010 0.000010 0.000010 0.975081 0.000010
0.000010 0.000010 0.000010 0.000010 0.000010 0.000010 0.999930 0.000010
0.000010 0.000792 0.222559 0.000010 0.000010 0.000010 0.776600 0.000010
0.000010 0.000010 0.000010 0.000010 0.000010 0.000010 0.999930 0.000010
0.000010 0.000010 0.000010 0.000010 0.000010 0.000010 0.999930 0.000010
0.000010 0.000010 0.078500 0.000010 0.000010 0.000010 0.921440 0.000010
0.004753 0.000010 0.000010 0.000010 0.000010 0.000010 0.995187 0.000010
0.000010 0.000010 0.006963 0.000010 0.000010 0.000010 0.992977 0.000010
0.000010 0.000010 0.000010 0.000010 0.000010 0.000010 0.998146 0.001794
0.000018 0.000010 0.000010 0.000010 0.000010 0.000010 0.999922 0.000010
0.000010 0.000010 0.000010 0.000010 0.000010 0.000010 0.999930 0.000010
0.000010 0.007863 0.000010 0.000010 0.000010 0.000010 0.992077 0.000010
0.000015 0.000010 0.000010 0.000010 0.000010 0.000010 0.999925 0.000010
0.000010 0.000010 0.000010 0.000010 0.000010 0.003299 0.996641 0.000010
0.000010 0.000010 0.000010 0.000010 0.000010 0.000010 0.999930 0.000010
0.000010 0.000010 0.008704 0.000010 0.000010 0.000931 0.990315 0.000010
0.000010 0.000010 0.000010 0.000010 0.000010 0.000010 0.999930 0.000010
0.000010 0.000010 0.000010 0.000010 0.000010 0.000010 0.999930 0.000010
0.000010 0.000010 0.000010 0.000010 0.000010 0.000010 0.995457 0.004483
0.000010 0.000010 0.000010 0.000010 0.000010 0.000010 0.999930 0.000010
0.000010 0.000010 0.000010 0.000010 0.000010 0.010030 0.989910 0.000010
0.000010 0.000010 0.000010 0.000010 0.000010 0.000010 0.999930 0.000010
0.000010 0.000010 0.024807 0.000010 0.000010 0.000010 0.975133 0.000010
0.000010 0.000010 0.000010 0.000010 0.000010 0.000010 0.999930 0.000010
0.000010 0.000010 0.000010 0.000010 0.000010 0.000010 0.999930 0.000010
0.000010 0.000010 0.183183 0.000010 0.000010 0.000010 0.816757 0.000010
0.000010 0.000010 0.000010 0.000010 0.000010 0.000010 0.999930 0.000010
0.000010 0.000010 0.000010 0.000010 0.000010 0.000010 0.999930 0.000010
0.000010 0.000010 0.000010 0.000010 0.000010 0.000123 0.999817 0.000010
0.000010 0.000010 0.000010 0.000010 0.000010 0.000010 0.999930 0.000010
0.616546 0.000010 0.000010 0.000010 0.000010 0.383394 0.000010 0.000010
0.574225 0.000010 0.000010 0.000010 0.000010 0.425715 0.000010 0.000010
0.647163 0.000010 0.000010 0.000010 0.000010 0.352777 0.000010 0.000010
0.641629 0.000010 0.000010 0.000010 0.000010 0.358311 0.000010 0.000010
0.627335 0.000010 0.000010 0.000010 0.000010 0.372605 0.000010 0.000010
0.642591 0.000013 0.000010 0.000016 0.000010 0.357340 0.000010 0.000010
0.645495 0.000010 0.000010 0.000010 0.000010 0.354445 0.000010 0.000010
0.572566 0.000010 0.000010 0.000010 0.000010 0.427374 0.000010 0.000010
0.636373 0.000010 0.000010 0.000010 0.000010 0.363567 0.000010 0.000010
0.623909 0.000010 0.000012 0.000010 0.000010 0.376029 0.000010 0.000010
0.632273 0.000010 0.000010 0.000010 0.000010 0.367667 0.000010 0.000010
0.616884 0.000010 0.000010 0.000010 0.000010 0.383046 0.000020 0.000010
0.636919 0.000010 0.000010 0.000010 0.000010 0.363021 0.000010 0.000010
0.604306 0.000010 0.000010 0.000010 0.000010 0.395634 0.000010 0.000010
0.619809 0.000011 0.000010 0.000010 0.000010 0.380130 0.000010 0.000010
0.613447 0.000010 0.000010 0.000010 0.000010 0.386493 0.000010 0.000010
0.616202 0.000010 0.000010 0.000010 0.000010 0.383738 0.000010 0.000010
0.617177 0.000010 0.000010 0.000010 0.000010 0.382763 0.000010 0.000010
0.575802 0.000010 0.000010 0.000010 0.000010 0.424138 0.000010 0.000010
0.635339 0.000010 0.000010 0.000010 0.000010 0.364601 0.000010 0.000010
0.642029 0.000010 0.000010 0.000010 0.000010 0.357911 0.000010 0.000010
0.622489 0.000010 0.000010 0.000010 0.000010 0.377451 0.000010 0.000010
0.638978 0.000010 0.000011 0.000010 0.000010 0.360961 0.000010 0.000010
0.604407 0.000010 0.000010 0.000010 0.000010 0.395533 0.000010 0.000010
0.645223 0.000010 0.000010 0.000010 0.000010 0.354717 0.000010 0.000010
0.640966 0.000013 0.000010 0.000010 0.000010 0.358971 0.000010 0.000010
0.609161 0.000010 0.000010 0.000010 0.000010 0.390779 0.000010 0.000010
0.624869 0.000010 0.000010 0.000010 0.000010 0.375071 0.000010 0.000010
0.637190 0.000010 0.000010 0.000010 0.000010 0.362750 0.000010 0.000010
0.636688 0.000010 0.000010 0.000010 0.000010 0.363252 0.000010 0.000010
0.556912 0.000010 0.000010 0.000010 0.000010 0.443028 0.000010 0.000010
0.656775 0.000010 0.000010 0.000010 0.000010 0.343156 0.000019 0.000010
0.573045 0.000010 0.000010 0.000010 0.000010 0.426895 0.000010 0.000010
0.611761 0.000010 0.000010 0.000010 0.000010 0.388179 0.000010 0.000010
0.676336 0.000010 0.000010 0.000010 0.000010 0.323604 0.000010 0.000010
0.638984 0.000010 0.000011 0.000010 0.000010 0.360955 0.000010 0.000010
0.632013 0.000010 0.000010 0.000010 0.000010 0.367927 0.000010 0.000010
0.658615 0.000010 0.000010 0.000010 0.000010 0.341325 0.000010 0.000010
0.614701 0.000010 0.000010 0.000010 0.000010 0.385239 0.000010 0.000010
0.616013 0.000010 0.000010 0.000010 0.000010 0.383927 0.000010 0.000010
0.656760 0.000010 0.000010 0.000010 0.000010 0.343180 0.000010 0.000010
0.000010 0.000010 0.758335 0.011811 0.063448 0.000010 0.000010 0.166366
0.000010 0.000010 0.615918 0.061857 0.109971 0.000010 0.000010 0.212214
0.000010 0.010057 0.797096 0.039815 0.030222 0.000010 0.000010 0.122780
0.557774 0.000010 0.000010 0.000010 0.000010 0.442166 0.000010 0.000010
0.562694 0.000010 0.000010 0.000010 0.000010 0.437246 0.000010 0.000010
0.484676 0.000010 0.000010 0.000010 0.000010 0.515264 0.000010 0.000010
0.611943 0.000010 0.000011 0.000010 0.000010 0.387996 0.000010 0.000010
0.574427 0.000010 0.000010 0.000010 0.000010 0.425513 0.000010 0.000010
0.576594 0.000010 0.000010 0.000010 0.000010 0.423346 0.000010 0.000010
0.547251 0.000010 0.000010 0.000010 0.000010 0.452689 0.000010 0.000010
0.719113 0.000010 0.000010 0.000010 0.000010 0.280827 0.000010 0.000010
0.580251 0.000010 0.000010 0.000010 0.000010 0.419689 0.000010 0.000010
0.679998 0.000010 0.000010 0.000010 0.000010 0.319942 0.000010 0.000010
0.341217 0.000010 0.002083 0.000010 0.000010 0.645903 0.000010 0.010757
0.544223 0.000010 0.000010 0.000010 0.000010 0.455717 0.000010 0.000010
0.559376 0.000011 0.000020 0.000010 0.000010 0.440553 0.000010 0.000010
0.534979 0.000010 0.000010 0.000010 0.000010 0.464961 0.000010 0.000010
0.613491 0.000010 0.000010 0.000010 0.000010 0.386449 0.000010 0.000010
0.479828 0.000010 0.000010 0.000010 0.000010 0.520112 0.000010 0.000010
0.584768 0.000010 0.000010 0.000010 0.000010 0.415172 0.000010 0.000010
0.540244 0.000010 0.000010 0.000010 0.000010 0.459696 0.000010 0.000010
0.551650 0.000010 0.000010 0.000010 0.000010 0.448290 0.000010 0.000010
0.564164 0.000010 0.000010 0.000010 0.000010 0.435776 0.000010 0.000010
0.612879 0.000010 0.000010 0.000010 0.000010 0.387061 0.000010 0.000010
0.575646 0.000010 0.000010 0.000010 0.000010 0.424294 0.000010 0.000010
0.617157 0.000010 0.000010 0.000010 0.000010 0.382783 0.000010 0.000010
0.613085 0.000010 0.000010 0.000010 0.000010 0.386855 0.000010 0.000010
0.548764 0.000010 0.014518 0.023646 0.007231 0.400135 0.005688 0.000010
0.563725 0.000012 0.000010 0.000010 0.000010 0.436213 0.000010 0.000010
0.682976 0.000010 0.000010 0.000010 0.000010 0.316964 0.000010 0.000010
0.564732 0.000010 0.000010 0.000010 0.000010 0.435208 0.000010 0.000010
0.632799 0.000010 0.000010 0.000010 0.000010 0.367141 0.000010 0.000010
0.585707 0.000013 0.000011 0.000010 0.000010 0.414230 0.000010 0.000010
0.610004 0.000010 0.000010 0.000010 0.000010 0.389936 0.000010 0.000010
0.624463 0.000013 0.000010 0.000010 0.000010 0.375474 0.000010 0.000010
0.590702 0.000010 0.000010 0.000010 0.000010 0.409238 0.000010 0.000010
0.000010 0.000010 0.712785 0.029001 0.118159 0.000010 0.000010 0.140015
0.000010 0.006817 0.671991 0.052901 0.109220 0.000010 0.000010 0.159042
0.000010 0.005531 0.797985 0.019267 0.046524 0.000010 0.000010 0.130663
0.000010 0.010495 0.745309 0.033927 0.038563 0.000010 0.000010 0.171676
0.784593 0.000011 0.000010 0.000010 0.000010 0.215346 0.000010 0.000010
0.739379 0.000010 0.000010 0.000019 0.000010 0.260552 0.000010 0.000010
0.749585 0.000010 0.000010 0.000010 0.000010 0.250354 0.000010 0.000010
0.714612 0.000010 0.000010 0.000010 0.000010 0.285328 0.000010 0.000010
0.729025 0.000011 0.000010 0.000017 0.000010 0.270907 0.000010 0.000010
0.763696 0.000010 0.000010 0.000010 0.000010 0.236244 0.000010 0.000010
0.739311 0.000010 0.000010 0.000010 0.000010 0.260629 0.000010 0.000010
0.742130 0.000010 0.000010 0.000010 0.000010 0.257810 0.000010 0.000010
0.748802 0.000010 0.000010 0.000011 0.000010 0.251137 0.000011 0.000010
0.735830 0.000010 0.000010 0.000010 0.000010 0.264110 0.000010 0.000010
0.729443 0.000010 0.000010 0.000010 0.000010 0.270497 0.000010 0.000010
0.730695 0.000011 0.000010 0.000010 0.000010 0.269244 0.000010 0.000010
0.723168 0.000010 0.000010 0.000010 0.000010 0.276772 0.000010 0.000010
0.765903 0.000010 0.000010 0.000010 0.000010 0.234037 0.000010 0.000010
0.756234 0.000010 0.000010 0.000010 0.000010 0.243706 0.000010 0.000010
0.722480 0.000011 0.000010 0.000010 0.000010 0.277459 0.000010 0.000010
0.764703 0.000010 0.000010 0.000010 0.000010 0.235237 0.000010 0.000010
0.692413 0.000010 0.000010 0.000010 0.000010 0.307527 0.000010 0.000010
0.701455 0.000010 0.000010 0.000010 0.000010 0.298485 0.000010 0.000010
0.753700 0.000010 0.000010 0.000010 0.000010 0.246240 0.000010 0.000010
0.722818 0.000010 0.000010 0.000010 0.000010 0.277121 0.000010 0.000010
0.756542 0.000010 0.000011 0.000010 0.000010 0.243391 0.000016 0.000010
0.729358 0.000011 0.000010 0.000010 0.000010 0.270581 0.000010 0.000010
0.752184 0.000010 0.000010 0.000010 0.000010 0.247756 0.000010 0.000010
0.760199 0.000011 0.000010 0.000010 0.000010 0.239739 0.000010 0.000010
0.746714 0.000011 0.000010 0.000010 0.000010 0.253226 0.000010 0.000010
0.000010 0.000010 0.898123 0.000010 0.013277 0.000010 0.000010 0.088550
0.000010 0.000623 0.813032 0.000010 0.043584 0.006856 0.000010 0.135875
0.000010 0.000014 0.677586 0.034615 0.064799 0.000010 0.000010 0.222956
0.000010 0.000010 0.833769 0.019328 0.031064 0.000010 0.000010 0.115799
0.000010 0.000010 0.807904 0.013121 0.057269 0.000010 0.000010 0.121666
0.000010 0.000018 0.777552 0.014840 0.031341 0.000010 0.118356 0.057874
0.000850 0.000010 0.727943 0.044743 0.067646 0.000011 0.000010 0.158787
0.000010 0.000017 0.885923 0.000010 0.048739 0.000010 0.000010 0.065281
0.000010 0.000010 0.674122 0.046913 0.037813 0.000010 0.000010 0.241112
0.999930 0.000010 0.000010 0.000010 0.000010 0.000010 0.000010 0.000010
0.999930 0.000010 0.000010 0.000010 0.000010 0.000010 0.000010 0.000010
0.999930 0.000010 0.000010 0.000010 0.000010 0.000010 0.000010 0.000010
0.999929 0.000011 0.000010 0.000010 0.000010 0.000010 0.000010 0.000010
0.999930 0.000010 0.000010 0.000010 0.000010 0.000010 0.000010 0.000010
0.999930 0.000010 0.000010 0.000010 0.000010 0.000010 0.000010 0.000010
0.999929 0.000011 0.000010 0.000010 0.000010 0.000010 0.000010 0.000010
0.999929 0.000011 0.000010 0.000010 0.000010 0.000010 0.000010 0.000010
0.982859 0.000010 0.000010 0.000016 0.000010 0.017075 0.000010 0.000010
0.999930 0.000010 0.000010 0.000010 0.000010 0.000010 0.000010 0.000010
0.999929 0.000011 0.000010 0.000010 0.000010 0.000010 0.000010 0.000010
0.999930 0.000010 0.000010 0.000010 0.000010 0.000010 0.000010 0.000010
0.999930 0.000010 0.000010 0.000010 0.000010 0.000010 0.000010 0.000010
0.999925 0.000010 0.000010 0.000015 0.000010 0.000010 0.000010 0.000010
0.000010 0.000010 0.819451 0.038175 0.037890 0.000010 0.000010 0.104444
0.000010 0.000019 0.738378 0.038062 0.070371 0.000010 0.000010 0.153140
0.000010 0.000010 0.637152 0.143520 0.079724 0.000010 0.000010 0.139563
0.000010 0.000016 0.586262 0.096333 0.109075 0.000010 0.000010 0.208284
0.000010 0.009757 0.587386 0.125928 0.089068 0.000010 0.000010 0.187832
0.000010 0.000010 0.766544 0.016544 0.035011 0.000010 0.000010 0.181861
0.000010 0.000010 0.763298 0.049260 0.069629 0.000010 0.000010 0.117773
0.000010 0.002750 0.708422 0.052557 0.072964 0.000010 0.000010 0.163276
0.000010 0.000010 0.789765 0.026971 0.058406 0.000010 0.000010 0.124818
0.000010 0.000010 0.785291 0.000010 0.063259 0.000010 0.000010 0.151400
0.000010 0.019992 0.496675 0.198434 0.144251 0.000010 0.000010 0.140618
0.000010 0.000010 0.706397 0.075206 0.094122 0.000010 0.000010 0.124235
0.000010 0.000016 0.789193 0.024722 0.036535 0.000010 0.000010 0.149504
0.000010 0.002030 0.765093 0.012036 0.062389 0.000010 0.000010 0.158422
0.000010 0.000010 0.753339 0.011277 0.063065 0.000010 0.000010 0.172278
0.000010 0.000011 0.790173 0.000010 0.043078 0.000010 0.000010 0.166699
0.000010 0.000010 0.776079 0.015691 0.055494 0.000010 0.000010 0.152696
0.000010 0.000010 0.764419 0.043677 0.024246 0.000010 0.000010 0.167618
0.000010 0.000010 0.855154 0.041651 0.041599 0.000010 0.000010 0.061556
0.000010 0.003665 0.608892 0.084039 0.107715 0.000010 0.000010 0.195659
0.000010 0.003408 0.702248 0.052516 0.101906 0.000010 0.000010 0.139892
0.000010 0.000010 0.691506 0.055116 0.025529 0.000010 0.000010 0.227808
0.000010 0.000017 0.622534 0.103268 0.094194 0.000010 0.000010 0.179957
0.000010 0.000010 0.740040 0.028423 0.057995 0.000010 0.000010 0.173502
0.000010 0.008009 0.740737 0.033613 0.086948 0.000010 0.000010 0.130662
0.000010 0.000010 0.678013 0.080704 0.041615 0.000010 0.000010 0.199628
0.003567 0.003083 0.698852 0.082626 0.087584 0.000010 0.000010 0.124269
0.000010 0.004683 0.698845 0.097694 0.041436 0.000010 0.000010 0.157312
0.001442 0.004756 0.612222 0.115931 0.135212 0.000011 0.000010 0.130416
0.000010 0.000010 0.735909 0.046478 0.079637 0.000010 0.000010 0.137936
0.000010 0.000017 0.751905 0.060731 0.044999 0.000010 0.000010 0.142317
0.000010 0.000010 0.744840 0.003526 0.080722 0.000010 0.000010 0.170872
0.000010 0.000010 0.764993 0.017060 0.069898 0.000010 0.000010 0.148009
0.000010 0.000010 0.681885 0.067726 0.072219 0.000010 0.000010 0.178129
0.000010 0.000010 0.694645 0.046644 0.114845 0.000010 0.000010 0.143826
0.009013 0.004888 0.786024 0.013880 0.057535 0.000010 0.000010 0.128640
0.000010 0.006848 0.818499 0.012009 0.059328 0.004902 0.010008 0.088396
0.000010 0.000010 0.649505 0.130838 0.089741 0.000010 0.000010 0.129877
0.000010 0.000010 0.280506 0.289550 0.354653 0.000010 0.000010 0.075250
0.000010 0.005664 0.719930 0.044285 0.078980 0.000010 0.000010 0.151111
0.000010 0.000010 0.726106 0.041633 0.066528 0.000010 0.000010 0.165693
0.000010 0.000010 0.914352 0.000010 0.003083 0.000010 0.000010 0.082515
0.000010 0.000010 0.687567 0.000010 0.000010 0.002680 0.000010 0.309704
0.004257 0.000010 0.810932 0.037671 0.011294 0.015860 0.000010 0.119967
0.000010 0.022600 0.616792 0.005769 0.030615 0.000010 0.000010 0.324194
0.000010 0.000010 0.690446 0.036243 0.023683 0.000010 0.000010 0.249588
0.000010 0.000010 0.553184 0.036413 0.093718 0.000010 0.000010 0.316646
0.000010 0.021855 0.607167 0.035204 0.050677 0.000010 0.000010 0.285067
0.000010 0.000010 0.681184 0.029868 0.019047 0.000010 0.000010 0.269862
0.000010 0.004388 0.659875 0.011252 0.037387 0.000010 0.000010 0.287068
0.000010 0.011367 0.801278 0.000010 0.013193 0.000010 0.000010 0.174123
0.000010 0.004593 0.635588 0.002228 0.109924 0.000010 0.000010 0.247637
0.000010 0.000010 0.615368 0.028745 0.057157 0.000010 0.000010 0.298690
0.000010 0.000010 0.599905 0.000010 0.012618 0.000010 0.000010 0.387427
0.000010 0.000019 0.508559 0.075548 0.091133 0.000010 0.000010 0.324710
0.000010 0.000010 0.659461 0.000010 0.031298 0.000010 0.000010 0.309190
0.000010 0.009157 0.422199 0.059009 0.121806 0.000010 0.000010 0.387799
0.000010 0.000010 0.674997 0.003588 0.043632 0.000010 0.000010 0.277743
0.000010 0.007855 0.428287 0.076177 0.015193 0.000010 0.000010 0.472459
0.000010 0.000011 0.640944 0.108105 0.067306 0.000010 0.000010 0.183603
0.000010 0.012753 0.726244 0.032255 0.058063 0.000010 0.000010 0.170654
0.000010 0.000010 0.783889 0.024124 0.061036 0.000010 0.000010 0.130911
0.000010 0.000010 0.625875 0.115366 0.104682 0.000010 0.000010 0.154037
0.000010 0.037306 0.867368 0.000010 0.022779 0.000010 0.000010 0.072507
0.000010 0.000429 0.718337 0.033195 0.079084 0.000010 0.000010 0.168925
0.000010 0.000010 0.668652 0.112395 0.063114 0.000010 0.000010 0.155799
0.000010 0.000015 0.881820 0.023873 0.030780 0.000010 0.000010 0.063482
0.000010 0.000010 0.819401 0.021161 0.032197 0.000010 0.000010 0.127201
0.000010 0.000010 0.749480 0.034697 0.046039 0.000010 0.000010 0.169745
0.001785 0.000010 0.717312 0.017533 0.047306 0.000010 0.000010 0.216034
0.000010 0.000010 0.703443 0.009355 0.120461 0.000010 0.000010 0.166701
0.000010 0.000010 0.714103 0.046690 0.064200 0.000010 0.000010 0.174967
0.000010 0.000010 0.557766 0.088839 0.084987 0.000010 0.000010 0.268368
0.000010 0.000905 0.563410 0.073667 0.122993 0.000010 0.000010 0.238995
0.000010 0.000012 0.617177 0.076760 0.068922 0.000010 0.000010 0.237099
0.000010 0.000020 0.691681 0.000019 0.083977 0.000010 0.000010 0.224273
0.000010 0.000010 0.782980 0.016055 0.041015 0.000010 0.000010 0.159910
0.000010 0.000010 0.662374 0.083328 0.093208 0.000010 0.000010 0.161050
0.000010 0.004418 0.853730 0.000010 0.037262 0.000010 0.000010 0.104550
0.000010 0.016214 0.745866 0.030332 0.060383 0.000010 0.000010 0.147175
0.000010 0.000010 0.759303 0.027261 0.082378 0.000010 0.000010 0.131018
0.000010 0.000010 0.235459 0.466501 0.214852 0.000010 0.000010 0.083147
0.000010 0.027169 0.413927 0.297601 0.194496 0.000010 0.000010 0.066777
0.000010 0.000010 0.624143 0.098129 0.090645 0.000010 0.000010 0.187043
0.000010 0.007733 0.767659 0.071946 0.036967 0.000010 0.000010 0.115664
0.000010 0.000729 0.592883 0.025708 0.045773 0.000010 0.000010 0.334876
0.005369 0.000010 0.692675 0.010009 0.000010 0.000010 0.000010 0.291906
0.000010 0.000010 0.713433 0.021788 0.019731 0.000010 0.000010 0.245008
0.000010 0.005537 0.528592 0.061193 0.102448 0.000010 0.000010 0.302201
0.000010 0.000010 0.807388 0.000010 0.000010 0.000010 0.000010 0.192552
0.000010 0.000010 0.678549 0.000010 0.000010 0.000010 0.000010 0.321391
0.005471 0.000010 0.831147 0.006223 0.010702 0.000010 0.000010 0.146428
0.000010 0.000010 0.535384 0.077941 0.056240 0.000010 0.000010 0.330394
0.000010 0.000010 0.651997 0.004390 0.062071 0.000010 0.000010 0.281502
0.000010 0.003693 0.660146 0.000010 0.067629 0.000010 0.000010 0.268492
0.000010 0.015718 0.484713 0.099693 0.072313 0.000010 0.000010 0.327533
0.000010 0.000010 0.952258 0.000010 0.000010 0.000010 0.000010 0.047682
0.000010 0.001412 0.608388 0.000010 0.000010 0.000010 0.000010 0.390151
0.000010 0.000010 0.701943 0.000010 0.005268 0.000010 0.000010 0.292739
0.000010 0.000010 0.705691 0.000017 0.019476 0.000010 0.000010 0.274776
0.000010 0.000010 0.702632 0.018953 0.037924 0.000010 0.000010 0.240450
0.000010 0.000013 0.617341 0.143153 0.094179 0.000010 0.000010 0.145284
0.000010 0.004778 0.690564 0.007074 0.094859 0.000010 0.000010 0.202696
0.003613 0.016192 0.684188 0.029677 0.070704 0.000010 0.000010 0.195605
0.000010 0.008305 0.648122 0.043743 0.101258 0.000010 0.000010 0.198541
0.000010 0.000010 0.606092 0.117915 0.107357 0.000010 0.000010 0.168596
0.007146 0.000018 0.815830 0.039458 0.042585 0.000010 0.000010 0.094943
0.000010 0.000010 0.737489 0.036976 0.086681 0.000010 0.000010 0.138814
0.000010 0.003489 0.720165 0.040624 0.066494 0.000010 0.000010 0.169198
0.000010 0.000010 0.779453 0.037915 0.082545 0.000010 0.000010 0.100047
0.000010 0.000010 0.694190 0.000010 0.098587 0.005138 0.000010 0.202046
0.000010 0.000010 0.649637 0.000010 0.000010 0.000010 0.350303 0.000010
0.000010 0.019010 0.354131 0.000010 0.000010 0.000010 0.010297 0.616523
0.000010 0.000010 0.402436 0.198850 0.149255 0.000010 0.009786 0.239643
0.000010 0.000010 0.544239 0.000010 0.019204 0.000010 0.000010 0.436507
0.000010 0.000010 0.702436 0.000010 0.049274 0.000010 0.000010 0.248240
0.000010 0.013392 0.540080 0.007709 0.024168 0.000010 0.000010 0.414620
0.000010 0.000010 0.508826 0.014206 0.054979 0.000010 0.000010 0.421949
0.000010 0.000010 0.684366 0.000010 0.000010 0.000010 0.000010 0.315574
0.000010 0.000013 0.771127 0.000010 0.020605 0.000010 0.000010 0.208215
0.000010 0.000018 0.808805 0.005821 0.002983 0.000010 0.000010 0.182344
0.000010 0.000010 0.620800 0.007777 0.043348 0.000010 0.000010 0.328035
0.000010 0.000010 0.675500 0.000010 0.005240 0.000010 0.000010 0.319210
0.000010 0.000010 0.692933 0.008056 0.029534 0.000010 0.000010 0.269437
0.000010 0.006164 0.681918 0.016124 0.034628 0.000010 0.000010 0.261135
0.000010 0.010053 0.614742 0.059834 0.059242 0.000010 0.000010 0.256099
0.000010 0.000010 0.493206 0.084172 0.086837 0.000010 0.000010 0.335746
0.000010 0.011592 0.543352 0.081154 0.060072 0.000010 0.006924 0.296887
0.007504 0.000010 0.616301 0.061855 0.043356 0.000010 0.000010 0.270953
0.000010 0.000010 0.338258 0.031666 0.089586 0.000010 0.000010 0.540450
0.000010 0.000010 0.630669 0.000260 0.030712 0.000010 0.000010 0.338319
0.000010 0.000010 0.713718 0.000010 0.000010 0.000010 0.000010 0.286222
0.000010 0.000010 0.543676 0.058283 0.073943 0.000010 0.000010 0.324058
0.000010 0.000010 0.571601 0.000010 0.098415 0.000010 0.000010 0.329934
0.000010 0.000018 0.561346 0.000010 0.028255 0.000010 0.000010 0.410341
0.000010 0.000010 0.717113 0.000010 0.020379 0.000010 0.000010 0.262457
0.000010 0.000010 0.695418 0.026522 0.028745 0.000010 0.000010 0.249276
0.000010 0.007648 0.796918 0.018349 0.024764 0.000010 0.000010 0.152291
0.000010 0.000010 0.409240 0.171623 0.105584 0.000010 0.000010 0.313513
0.000010 0.000010 0.634410 0.036689 0.122874 0.000010 0.000010 0.205986
0.000010 0.008749 0.629714 0.078809 0.128335 0.000010 0.000010 0.154363
0.000010 0.000010 0.778928 0.014640 0.057205 0.000010 0.000010 0.149187
0.000010 0.002369 0.614120 0.055815 0.110912 0.000010 0.000010 0.216753
0.000010 0.000010 0.663968 0.041823 0.118484 0.000010 0.000010 0.175685
0.000010 0.007295 0.630758 0.069676 0.093529 0.005376 0.000010 0.193347
0.000010 0.011449 0.646869 0.064100 0.104384 0.000013 0.000010 0.173165
0.000010 0.014592 0.775917 0.032486 0.055076 0.000010 0.000010 0.121900
0.000010 0.000010 0.680759 0.000010 0.077699 0.000010 0.000010 0.241492
0.000010 0.014000 0.653416 0.035098 0.096945 0.000010 0.000010 0.200511
0.000010 0.008738 0.669484 0.045372 0.086542 0.000010 0.000010 0.189835
0.000010 0.000010 0.603760 0.028446 0.080744 0.000010 0.000010 0.287009
0.000010 0.007772 0.705956 0.000010 0.023491 0.000010 0.000010 0.262742
0.000010 0.011451 0.413041 0.007502 0.026639 0.000010 0.000010 0.541338
0.000010 0.000010 0.869326 0.000010 0.000010 0.000010 0.000010 0.130614
0.000010 0.003560 0.941590 0.000010 0.000010 0.000010 0.000010 0.054800
0.000010 0.026918 0.536069 0.000010 0.000010 0.000010 0.000010 0.436963
0.000010 0.010786 0.341828 0.011969 0.030132 0.000010 0.000010 0.605256
0.001090 0.000010 0.597790 0.020980 0.062396 0.000010 0.000010 0.317713
0.000072 0.023085 0.655721 0.010183 0.047133 0.000010 0.000010 0.263786
0.000010 0.000010 0.550830 0.000010 0.021381 0.000010 0.000010 0.427739
0.000010 0.002314 0.539694 0.030994 0.007818 0.000010 0.000010 0.419150
0.000010 0.000010 0.534583 0.000010 0.027850 0.000010 0.000010 0.437518
0.000010 0.003063 0.428004 0.131792 0.042616 0.000010 0.000010 0.394495
0.000010 0.000010 0.388478 0.151074 0.135542 0.002937 0.000010 0.321940
0.000010 0.000010 0.471185 0.042236 0.138258 0.000010 0.000010 0.348281
0.000010 0.000010 0.783457 0.000014 0.000010 0.000010 0.000010 0.216479
0.000010 0.000010 0.783886 0.000012 0.009166 0.000010 0.000010 0.206895
0.000010 0.000010 0.806956 0.006282 0.023403 0.000010 0.000010 0.163319
0.000010 0.000019 0.835529 0.000010 0.020630 0.000010 0.000010 0.143782
0.000010 0.000010 0.366387 0.148937 0.206457 0.000010 0.000010 0.278179
0.000010 0.007524 0.583975 0.002582 0.019923 0.000159 0.000010 0.385817
0.000010 0.000013 0.702273 0.055414 0.087572 0.000010 0.000010 0.154698
0.000010 0.009066 0.849479 0.005090 0.005118 0.000010 0.000010 0.131217
0.000010 0.000010 0.823683 0.000010 0.000010 0.000010 0.000010 0.176257
0.000198 0.000010 0.759962 0.000010 0.017934 0.000010 0.000010 0.221866
0.000010 0.000010 0.470197 0.042151 0.047337 0.000010 0.000010 0.440275
0.000015 0.000010 0.478701 0.049278 0.063196 0.000010 0.000010 0.408780
0.000010 0.000010 0.574393 0.000010 0.029864 0.000010 0.000010 0.395693
0.000010 0.000010 0.588905 0.000010 0.036161 0.000010 0.000010 0.374884
0.000010 0.018234 0.967303 0.000010 0.014414 0.000010 0.000010 0.000010
0.000010 0.001954 0.940694 0.002542 0.014504 0.000010 0.040277 0.000010
0.000010 0.000010 0.999930 0.000010 0.000010 0.000010 0.000010 0.000010
0.000010 0.000010 0.989266 0.000010 0.000010 0.003680 0.000010 0.007004
0.000010 0.014165 0.983764 0.002021 0.000010 0.000010 0.000010 0.000010
0.000010 0.008836 0.988107 0.001141 0.000010 0.000010 0.000010 0.001876
0.000010 0.000010 0.998256 0.000010 0.001684 0.000010 0.000010 0.000010
0.000010 0.000010 0.999930 0.000010 0.000010 0.000010 0.000010 0.000010
0.000010 0.000010 0.983179 0.000010 0.000010 0.000010 0.016761 0.000010
0.000010 0.000010 0.948443 0.000010 0.000010 0.000010 0.051497 0.000010
0.000010 0.000010 0.999930 0.000010 0.000010 0.000010 0.000010 0.000010
0.000010 0.000010 0.994826 0.000010 0.000010 0.000010 0.005114 0.000010
0.000010 0.000010 0.989106 0.000010 0.000010 0.000010 0.010834 0.000010
0.000010 0.000010 0.966004 0.000010 0.000010 0.000010 0.033936 0.000010
0.000010 0.000010 0.955667 0.000010 0.000010 0.000010 0.044273 0.000010
0.000010 0.000010 0.945963 0.000010 0.000010 0.000010 0.053977 0.000010
0.000586 0.000010 0.999354 0.000010 0.000010 0.000010 0.000010 0.000010
0.000010 0.000010 0.990682 0.000010 0.009258 0.000010 0.000010 0.000010
0.000010 0.007537 0.969305 0.000010 0.023109 0.000010 0.000010 0.000010
0.000010 0.000010 0.976883 0.000010 0.012156 0.000010 0.010911 0.000010
0.003089 0.000010 0.953203 0.000010 0.015481 0.000010 0.028188 0.000010
0.000010 0.000010 0.983245 0.000010 0.007635 0.000010 0.009070 0.000010
0.000010 0.000010 0.941644 0.000010 0.000010 0.000010 0.058296 0.000010
0.000010 0.000012 0.972951 0.000010 0.000010 0.000010 0.026987 0.000010
0.000010 0.000010 0.697514 0.009919 0.047525 0.000010 0.000010 0.245002
0.000010 0.000010 0.364815 0.215288 0.166957 0.000010 0.000010 0.252900
0.000010 0.024936 0.390310 0.130605 0.098867 0.000010 0.000010 0.355252
0.000010 0.000010 0.269601 0.000010 0.000010 0.000010 0.000010 0.730339
0.000010 0.021008 0.476297 0.000010 0.000010 0.000010 0.000819 0.501836
0.000010 0.000010 0.289454 0.000010 0.000010 0.000010 0.000010 0.710486
0.000010 0.000010 0.000010 0.000010 0.000010 0.000010 0.000010 0.999930
0.000010 0.000010 0.473702 0.026399 0.028651 0.000010 0.000010 0.471208
0.000010 0.000010 0.348042 0.000010 0.000010 0.000010 0.000010 0.651898
0.000010 0.796869 0.121157 0.000010 0.000010 0.000010 0.081218 0.000716
0.000010 0.773700 0.158687 0.000010 0.000010 0.000010 0.062252 0.005321
0.000010 0.769372 0.174806 0.000010 0.000010 0.000010 0.053220 0.002562
0.000010 0.721838 0.254230 0.000010 0.000010 0.000010 0.023882 0.000010
0.931600 0.000010 0.000010 0.000010 0.000010 0.068340 0.000010 0.000010
0.952629 0.026478 0.000010 0.000010 0.000010 0.020843 0.000010 0.000010
0.972741 0.004221 0.000010 0.000010 0.000010 0.019457 0.000010 0.003541
0.959533 0.012758 0.000010 0.000010 0.000010 0.027659 0.000010 0.000010
0.930240 0.019979 0.000010 0.000010 0.000010 0.049731 0.000010 0.000010
0.936245 0.000010 0.000010 0.000010 0.000010 0.063695 0.000010 0.000010
0.000010 0.003075 0.975241 0.000010 0.008599 0.000010 0.004545 0.008510
0.001313 0.000010 0.951993 0.000010 0.007426 0.000010 0.039228 0.000010
0.000010 0.000010 0.971920 0.000010 0.000010 0.000010 0.028020 0.000010
0.000010 0.000010 0.988856 0.000010 0.000010 0.000010 0.011084 0.000010
0.000010 0.012423 0.987517 0.000010 0.000010 0.000010 0.000010 0.000010
0.000010 0.000010 0.994406 0.000010 0.005534 0.000010 0.000010 0.000010
0.000010 0.000010 0.998068 0.000010 0.001872 0.000010 0.000010 0.000010
0.000010 0.000010 0.969216 0.000010 0.012562 0.000010 0.018171 0.000010
0.000010 0.010713 0.978794 0.000010 0.000010 0.000010 0.010443 0.000010
0.000010 0.002256 0.949694 0.000010 0.000010 0.000010 0.048000 0.000010
0.002220 0.000010 0.992736 0.000010 0.000010 0.000010 0.004994 0.000010
0.000010 0.002030 0.975751 0.000010 0.000010 0.000010 0.000010 0.022169
0.000010 0.006200 0.993740 0.000010 0.000010 0.000010 0.000010 0.000010
0.001001 0.000010 0.986199 0.000010 0.012750 0.000010 0.000010 0.000010
0.000010 0.000772 0.996924 0.002254 0.000010 0.000010 0.000010 0.000010
0.006960 0.000021 0.978389 0.000010 0.014590 0.000010 0.000010 0.000010
0.000010 0.001752 0.958752 0.000010 0.000010 0.000010 0.036194 0.003262
0.005748 0.019569 0.967347 0.000010 0.007296 0.000010 0.000010 0.000010
0.006675 0.008604 0.939002 0.000072 0.045405 0.000010 0.000010 0.000223
0.000010 0.018184 0.955049 0.008161 0.018565 0.000010 0.000010 0.000010
0.000010 0.000010 0.993771 0.000010 0.000010 0.000010 0.000010 0.006169
