0.000010 0.000010 0.820533 0.179437 0.000010
0.000010 0.122592 0.877378 0.000010 0.000010
0.000010 0.000010 0.703147 0.296823 0.000010
0.000010 0.000010 0.999960 0.000010 0.000010
0.000010 0.000010 0.588380 0.411590 0.000010
0.000010 0.072501 0.787735 0.139744 0.000010
0.000010 0.032230 0.887248 0.080502 0.000010
0.000010 0.134548 0.725976 0.139456 0.000010
0.000010 0.000010 0.820794 0.179176 0.000010
0.000010 0.056000 0.943970 0.000010 0.000010
0.000010 0.000010 0.000010 0.999960 0.000010
0.000010 0.000010 0.000010 0.999960 0.000010
0.000010 0.000010 0.000010 0.999960 0.000010
0.000010 0.000010 0.000010 0.999960 0.000010
0.000010 0.000010 0.000010 0.999960 0.000010
0.000010 0.000010 0.289856 0.710114 0.000010
0.000010 0.000010 0.000010 0.999960 0.000010
0.000010 0.000010 0.000010 0.999960 0.000010
0.000010 0.000010 0.999960 0.000010 0.000010
0.000010 0.149074 0.850896 0.000010 0.000010
0.000010 0.188835 0.752026 0.059120 0.000010
0.000010 0.000010 0.000010 0.000010 0.999960
0.000010 0.000010 0.000010 0.000010 0.999960
0.000010 0.000010 0.000010 0.000010 0.999960
0.000010 0.000010 0.000010 0.000010 0.999960
0.000010 0.030604 0.406270 0.563106 0.000010
0.000010 0.000010 0.000010 0.000010 0.999960
0.000010 0.000010 0.000010 0.000010 0.999960
0.000010 0.000010 0.000010 0.038471 0.961499
0.000010 0.000010 0.000010 0.000010 0.999960
0.000010 0.000010 0.000010 0.024714 0.975256
0.000010 0.000010 0.000010 0.000010 0.999960
0.000010 0.999960 0.000010 0.000010 0.000010
0.000010 0.999960 0.000010 0.000010 0.000010
0.967209 0.000010 0.000010 0.000010 0.032761
0.734270 0.002379 0.115189 0.000010 0.148152
0.750406 0.140607 0.000010 0.108967 0.000010
0.637747 0.000010 0.063278 0.206556 0.092408
0.999960 0.000010 0.000010 0.000010 0.000010
0.922013 0.077957 0.000010 0.000010 0.000010
0.642154 0.035446 0.000010 0.196222 0.126168
0.950415 0.000010 0.000010 0.049555 0.000010
0.622392 0.000010 0.257139 0.066334 0.054125
0.600628 0.027006 0.077870 0.159389 0.135107
0.580622 0.148819 0.113925 0.080380 0.076254
0.824455 0.021867 0.000010 0.088005 0.065664
0.940471 0.059499 0.000010 0.000010 0.000010
0.905997 0.093580 0.000010 0.000403 0.000010
0.999960 0.000010 0.000010 0.000010 0.000010
0.671208 0.000010 0.054568 0.138601 0.135614
0.540640 0.102092 0.102140 0.118026 0.137103
0.901292 0.000010 0.008927 0.089761 0.000010
0.905915 0.000010 0.000010 0.019632 0.074433
0.797066 0.000010 0.000010 0.153446 0.049468
0.650599 0.040619 0.050646 0.155011 0.103126
0.775171 0.000010 0.011135 0.141355 0.072329
0.865242 0.077814 0.000010 0.056924 0.000010
0.618498 0.061916 0.000010 0.199242 0.120334
0.704878 0.113777 0.000010 0.141901 0.039434
0.262068 0.000010 0.598747 0.139165 0.000010
0.000010 0.000010 0.912650 0.087320 0.000010
0.000010 0.000010 0.825776 0.174194 0.000010
0.000010 0.000010 0.999960 0.000010 0.000010
0.000010 0.000010 0.999960 0.000010 0.000010
0.000010 0.045078 0.870346 0.084556 0.000010
0.000010 0.000010 0.861266 0.138704 0.000010
0.000010 0.000010 0.999960 0.000010 0.000010
0.000010 0.000010 0.766164 0.233806 0.000010
0.000010 0.000010 0.690017 0.309953 0.000010
0.000010 0.000010 0.999960 0.000010 0.000010
0.000010 0.065784 0.915188 0.019009 0.000010
0.000010 0.043373 0.908692 0.047915 0.000010
0.000010 0.000010 0.980599 0.019371 0.000010
0.000010 0.000010 0.972684 0.027286 0.000010
0.000010 0.078689 0.848800 0.072490 0.000010
0.000010 0.000010 0.999960 0.000010 0.000010
0.000010 0.000010 0.999960 0.000010 0.000010
0.000010 0.000010 0.999960 0.000010 0.000010
0.000010 0.000010 0.962516 0.037454 0.000010
0.000010 0.000010 0.842567 0.157403 0.000010
0.000010 0.000010 0.999960 0.000010 0.000010
0.000010 0.000010 0.999960 0.000010 0.000010
0.000010 0.000010 0.910009 0.089961 0.000010
0.000010 0.000010 0.919829 0.080141 0.000010
