0.546107 0.263511 0.000010 0.190362 0.000010
0.000010 0.000010 0.000010 0.999960 0.000010
0.540103 0.219103 0.000010 0.240774 0.000010
0.999960 0.000010 0.000010 0.000010 0.000010
0.602364 0.397606 0.000010 0.000010 0.000010
0.603913 0.131250 0.000010 0.264817 0.000010
0.704221 0.000010 0.000010 0.295749 0.000010
0.698232 0.173591 0.000010 0.128157 0.000010
0.648008 0.206154 0.000010 0.145819 0.000010
0.834850 0.000010 0.000010 0.165120 0.000010
0.000010 0.999960 0.000010 0.000010 0.000010
0.000010 0.999960 0.000010 0.000010 0.000010
0.000010 0.999960 0.000010 0.000010 0.000010
0.000010 0.999960 0.000010 0.000010 0.000010
0.000010 0.999960 0.000010 0.000010 0.000010
0.000010 0.769030 0.000010 0.230940 0.000010
0.000010 0.999960 0.000010 0.000010 0.000010
0.000010 0.999960 0.000010 0.000010 0.000010
0.000010 0.000010 0.000010 0.999960 0.000010
0.000010 0.000010 0.000010 0.999960 0.000010
0.000010 0.000010 0.000010 0.999960 0.000010
0.000010 0.000010 0.000010 0.000010 0.999960
0.000010 0.000010 0.000010 0.000010 0.999960
0.000010 0.000010 0.000010 0.000010 0.999960
0.000010 0.000010 0.000010 0.000010 0.999960
0.289549 0.562134 0.000010 0.148298 0.000010
0.000010 0.000010 0.000010 0.000010 0.999960
0.000010 0.000010 0.000010 0.000010 0.999960
0.000010 0.040975 0.000010 0.000010 0.958995
0.000010 0.000010 0.000010 0.000010 0.999960
0.000010 0.017652 0.000010 0.000010 0.982318
0.000010 0.000010 0.000010 0.000010 0.999960
0.000010 0.000010 0.188892 0.626934 0.184153
0.000010 0.000010 0.000010 0.720409 0.279561
0.008100 0.000010 0.972432 0.000010 0.019449
0.128006 0.000010 0.740873 0.000010 0.131101
0.087361 0.098123 0.814497 0.000010 0.000010
0.081339 0.198943 0.636415 0.000010 0.083292
0.000010 0.000010 0.999960 0.000010 0.000010
0.042291 0.000010 0.957679 0.000010 0.000010
0.000010 0.202500 0.649710 0.016517 0.131263
0.069844 0.000010 0.930126 0.000010 0.000010
0.288173 0.042472 0.627528 0.000010 0.041818
0.000010 0.101215 0.597562 0.172220 0.128993
0.000010 0.048676 0.610018 0.246645 0.094651
0.000010 0.094162 0.842320 0.000010 0.063498
0.000010 0.000010 0.929449 0.070521 0.000010
0.000010 0.000010 0.937091 0.062879 0.000010
0.000010 0.000010 0.999960 0.000010 0.000010
0.055306 0.132346 0.677433 0.013003 0.121912
0.000010 0.023597 0.552563 0.288955 0.134875
0.000010 0.021375 0.874678 0.103926 0.000010
0.000010 0.024876 0.912484 0.000010 0.062620
0.000010 0.153871 0.811190 0.000010 0.034919
0.000010 0.044902 0.655367 0.209920 0.089801
0.000010 0.000010 0.738297 0.210616 0.051066
0.000010 0.084049 0.915921 0.000010 0.000010
0.000010 0.221251 0.647608 0.000010 0.131121
0.032167 0.106933 0.738504 0.063987 0.058409
0.634591 0.102811 0.262578 0.000010 0.000010
0.999960 0.000010 0.000010 0.000010 0.000010
0.878307 0.121663 0.000010 0.000010 0.000010
0.999960 0.000010 0.000010 0.000010 0.000010
0.862362 0.000010 0.000010 0.137608 0.000010
0.999960 0.000010 0.000010 0.000010 0.000010
0.919228 0.080742 0.000010 0.000010 0.000010
0.869046 0.000010 0.000010 0.130924 0.000010
0.777420 0.222550 0.000010 0.000010 0.000010
0.657777 0.342193 0.000010 0.000010 0.000010
0.999960 0.000010 0.000010 0.000010 0.000010
0.707518 0.000010 0.000010 0.292452 0.000010
0.737562 0.000013 0.000010 0.262405 0.000010
0.755070 0.000010 0.000010 0.244900 0.000010
0.712974 0.013550 0.000010 0.273456 0.000010
0.585611 0.049299 0.000010 0.365070 0.000010
0.869409 0.000010 0.000010 0.130561 0.000010
0.999960 0.000010 0.000010 0.000010 0.000010
0.775445 0.000010 0.000010 0.224525 0.000010
0.698820 0.072133 0.000010 0.229027 0.000010
0.903653 0.096317 0.000010 0.000010 0.000010
0.999960 0.000010 0.000010 0.000010 0.000010
0.707303 0.000010 0.000010 0.292667 0.000010
0.999960 0.000010 0.000010 0.000010 0.000010
0.999960 0.000010 0.000010 0.000010 0.000010
