0.158597 0.000010 0.841393
0.000010 0.000010 0.999980
0.318169 0.000010 0.681821
0.000010 0.000010 0.999980
0.364976 0.000010 0.635014
0.110070 0.000010 0.889920
0.000010 0.000010 0.999980
0.150981 0.000010 0.849009
0.204522 0.000010 0.795468
0.000010 0.000010 0.999980
0.999980 0.000010 0.000010
0.999980 0.000010 0.000010
0.999980 0.000010 0.000010
0.999980 0.000010 0.000010
0.999980 0.000010 0.000010
0.999980 0.000010 0.000010
0.999980 0.000010 0.000010
0.999980 0.000010 0.000010
0.000010 0.000010 0.999980
0.000010 0.000010 0.999980
0.030191 0.057732 0.912076
0.166618 0.833372 0.000010
0.000010 0.842681 0.157309
0.111254 0.881977 0.006769
0.000010 0.898310 0.101680
0.587044 0.000010 0.412946
0.139778 0.860212 0.000010
0.184399 0.815591 0.000010
0.172091 0.790946 0.036963
0.079034 0.824126 0.096840
0.181063 0.818927 0.000010
0.188882 0.811108 0.000010
0.000010 0.451059 0.548931
0.000010 0.400523 0.599467
0.000010 0.999980 0.000010
0.000010 0.878199 0.121791
0.159024 0.840966 0.000010
0.258281 0.731542 0.010177
0.000010 0.999980 0.000010
0.000010 0.990822 0.009168
0.226814 0.773176 0.000010
0.064558 0.935432 0.000010
0.112755 0.672717 0.214528
0.177491 0.734176 0.088333
0.111197 0.723849 0.164954
0.095661 0.904329 0.000010
0.000010 0.986415 0.013575
0.051981 0.948009 0.000010
0.000010 0.999980 0.000010
0.202713 0.797277 0.000010
0.115365 0.708783 0.175852
0.100748 0.899242 0.000010
0.022987 0.977003 0.000010
0.145726 0.854264 0.000010
0.160753 0.765059 0.074189
0.164552 0.835438 0.000010
0.086533 0.913457 0.000010
0.234171 0.765819 0.000010
0.124218 0.817315 0.058466
0.117637 0.260500 0.621863
0.082321 0.000010 0.917669
0.177720 0.000010 0.822270
0.000010 0.000010 0.999980
0.000010 0.000010 0.999980
0.073410 0.000010 0.926580
0.189395 0.000010 0.810595
0.000010 0.000010 0.999980
0.255817 0.000010 0.744173
0.325411 0.000010 0.674579
0.000010 0.000010 0.999980
0.000010 0.000010 0.999980
0.026311 0.000010 0.973679
0.000010 0.000010 0.999980
0.049074 0.000010 0.950916
0.061101 0.000010 0.938889
0.000010 0.000010 0.999980
0.000010 0.000010 0.999980
0.000010 0.000010 0.999980
0.091054 0.000010 0.908936
0.175366 0.000010 0.824624
0.000010 0.000010 0.999980
0.000010 0.000010 0.999980
0.103536 0.000010 0.896454
0.110942 0.000010 0.889048
