0.000010 0.000010 0.820225 0.000010 0.179745
0.000010 0.123865 0.876105 0.000010 0.000010
0.000010 0.000010 0.771444 0.000010 0.228526
0.000010 0.000010 0.999960 0.000010 0.000010
0.000010 0.000010 0.590575 0.000010 0.409395
0.000010 0.072614 0.781470 0.000010 0.145896
0.000010 0.030625 0.883400 0.000010 0.085955
0.000010 0.134437 0.727409 0.000010 0.138135
0.000010 0.000010 0.821585 0.000010 0.178385
0.000010 0.056936 0.943034 0.000010 0.000010
0.000010 0.000010 0.000010 0.000010 0.999960
0.000010 0.000010 0.000010 0.000010 0.999960
0.000010 0.000010 0.000010 0.000010 0.999960
0.000010 0.000010 0.000010 0.000010 0.999960
0.000010 0.000010 0.000010 0.000010 0.999960
0.000010 0.000010 0.292735 0.000010 0.707235
0.000010 0.000010 0.000010 0.000010 0.999960
0.000010 0.000010 0.000010 0.000010 0.999960
0.000010 0.000010 0.999960 0.000010 0.000010
0.000010 0.148965 0.844598 0.000010 0.006417
0.000010 0.188546 0.740309 0.000010 0.071125
0.999960 0.000010 0.000010 0.000010 0.000010
0.999960 0.000010 0.000010 0.000010 0.000010
0.999960 0.000010 0.000010 0.000010 0.000010
0.999960 0.000010 0.000010 0.000010 0.000010
0.000010 0.029158 0.404677 0.000010 0.566145
0.999960 0.000010 0.000010 0.000010 0.000010
0.999960 0.000010 0.000010 0.000010 0.000010
0.958714 0.000010 0.000010 0.000010 0.041256
0.999960 0.000010 0.000010 0.000010 0.000010
0.974890 0.000010 0.000010 0.000010 0.025080
0.999960 0.000010 0.000010 0.000010 0.000010
0.000010 0.999960 0.000010 0.000010 0.000010
0.000010 0.999960 0.000010 0.000010 0.000010
0.033129 0.000010 0.000010 0.966841 0.000010
0.148317 0.002780 0.115552 0.733341 0.000010
0.000010 0.140302 0.000010 0.748698 0.110979
0.092331 0.000010 0.048206 0.636618 0.222835
0.000010 0.000010 0.000010 0.999960 0.000010
0.000010 0.078102 0.000010 0.921868 0.000010
0.125633 0.034553 0.000010 0.640831 0.198973
0.000010 0.000010 0.000010 0.945760 0.054210
0.053575 0.000010 0.252851 0.621492 0.072072
0.134924 0.026995 0.067925 0.599572 0.170584
0.076043 0.149626 0.109046 0.579046 0.086238
0.064701 0.020483 0.000010 0.822986 0.091821
0.000010 0.059905 0.000010 0.940065 0.000010
0.000010 0.094104 0.000010 0.904676 0.001201
0.000010 0.000010 0.000010 0.999960 0.000010
0.135283 0.000010 0.048393 0.670250 0.146065
0.136960 0.102382 0.094328 0.539239 0.127091
0.000010 0.000010 0.004781 0.899642 0.095557
0.073583 0.000010 0.000010 0.902583 0.023814
0.048419 0.000010 0.000010 0.795948 0.155613
0.102991 0.039007 0.034323 0.649695 0.173985
0.072269 0.000010 0.005685 0.773817 0.148219
0.000010 0.077590 0.000010 0.864008 0.058383
0.119771 0.060193 0.000010 0.617187 0.202839
0.038529 0.112788 0.000010 0.703445 0.145227
0.000010 0.000010 0.601180 0.261660 0.137141
0.000010 0.000010 0.910768 0.000010 0.089202
0.000010 0.000010 0.817750 0.000010 0.182220
0.000010 0.000010 0.999960 0.000010 0.000010
0.000010 0.000010 0.999960 0.000010 0.000010
0.000010 0.045118 0.868870 0.000010 0.085992
0.000010 0.000010 0.855894 0.000010 0.144076
0.000010 0.000010 0.999960 0.000010 0.000010
0.000010 0.000010 0.763963 0.000010 0.236007
0.000010 0.000010 0.764671 0.000010 0.235299
0.000010 0.000010 0.999960 0.000010 0.000010
0.000010 0.065561 0.907406 0.000010 0.027012
0.000010 0.042218 0.899768 0.000010 0.057995
0.000010 0.000010 0.969817 0.000010 0.030153
0.000010 0.000010 0.959235 0.000010 0.040735
0.000010 0.080630 0.855704 0.000010 0.063645
0.000010 0.000010 0.999960 0.000010 0.000010
0.000010 0.000010 0.999960 0.000010 0.000010
0.000010 0.000010 0.999960 0.000010 0.000010
0.000010 0.000010 0.957889 0.000010 0.042081
0.000010 0.000010 0.841539 0.000010 0.158431
0.000010 0.000010 0.999960 0.000010 0.000010
0.000010 0.000010 0.999960 0.000010 0.000010
0.000010 0.000010 0.904525 0.000010 0.095445
0.000010 0.000010 0.917353 0.000010 0.082617
