0.192231 0.253644 0.554104 0.000010 0.000010
0.000010 0.999960 0.000010 0.000010 0.000010
0.350576 0.001472 0.647932 0.000010 0.000010
0.000010 0.000010 0.999960 0.000010 0.000010
0.381226 0.000010 0.618744 0.000010 0.000010
0.107408 0.271736 0.620836 0.000010 0.000010
0.000010 0.220478 0.779492 0.000010 0.000010
0.162152 0.139908 0.697919 0.000010 0.000010
0.214693 0.144634 0.640653 0.000010 0.000010
0.000010 0.165716 0.834254 0.000010 0.000010
0.999960 0.000010 0.000010 0.000010 0.000010
0.999960 0.000010 0.000010 0.000010 0.000010
0.999960 0.000010 0.000010 0.000010 0.000010
0.999960 0.000010 0.000010 0.000010 0.000010
0.999960 0.000010 0.000010 0.000010 0.000010
0.999960 0.000010 0.000010 0.000010 0.000010
0.999960 0.000010 0.000010 0.000010 0.000010
0.999960 0.000010 0.000010 0.000010 0.000010
0.000010 0.999960 0.000010 0.000010 0.000010
0.000010 0.999960 0.000010 0.000010 0.000010
0.000010 0.999960 0.000010 0.000010 0.000010
0.000010 0.000010 0.000010 0.999960 0.000010
0.000010 0.000010 0.000010 0.999960 0.000010
0.000010 0.000010 0.000010 0.999960 0.000010
0.000010 0.000010 0.000010 0.999960 0.000010
0.562158 0.157724 0.280098 0.000010 0.000010
0.000010 0.000010 0.000010 0.999960 0.000010
0.000010 0.000010 0.000010 0.999960 0.000010
0.035722 0.000010 0.000010 0.964248 0.000010
0.000010 0.000010 0.000010 0.999960 0.000010
0.017834 0.000010 0.000010 0.982136 0.000010
0.000010 0.000010 0.000010 0.999960 0.000010
0.000010 0.623457 0.000010 0.192167 0.184355
0.000010 0.714039 0.000010 0.285931 0.000010
0.000010 0.000010 0.011161 0.015075 0.973744
0.000010 0.000010 0.127111 0.130305 0.742564
0.099769 0.000010 0.085164 0.000010 0.815047
0.179733 0.000010 0.098068 0.083096 0.639094
0.000010 0.000010 0.000010 0.000010 0.999960
0.000010 0.000010 0.037230 0.000010 0.962740
0.180240 0.039674 0.000010 0.130056 0.650020
0.000010 0.000010 0.063760 0.000010 0.936210
0.036044 0.000010 0.294879 0.040626 0.628441
0.087795 0.184040 0.000010 0.130297 0.597857
0.068731 0.225040 0.000010 0.096024 0.610194
0.094583 0.000010 0.000010 0.061376 0.844021
0.000010 0.055392 0.000010 0.000010 0.944578
0.000010 0.075462 0.000010 0.000010 0.924508
0.000010 0.000010 0.000010 0.000010 0.999960
0.158613 0.004669 0.036204 0.120792 0.679721
0.014513 0.297838 0.000010 0.137258 0.550381
0.004657 0.119675 0.000010 0.000010 0.875648
0.020722 0.000010 0.000010 0.063038 0.916220
0.152252 0.000010 0.000010 0.035517 0.812211
0.040681 0.211389 0.000010 0.089373 0.658548
0.000010 0.207087 0.000010 0.053852 0.739041
0.084560 0.000010 0.000010 0.000010 0.915410
0.220672 0.000015 0.000010 0.131114 0.648188
0.099380 0.104798 0.000010 0.058361 0.737451
0.093721 0.041109 0.604346 0.000010 0.260815
0.000010 0.000010 0.999960 0.000010 0.000010
0.119175 0.000010 0.880795 0.000010 0.000010
0.000010 0.000010 0.999960 0.000010 0.000010
0.000010 0.153795 0.846175 0.000010 0.000010
0.000010 0.000010 0.999960 0.000010 0.000010
0.110172 0.000010 0.889798 0.000010 0.000010
0.000010 0.000010 0.999960 0.000010 0.000010
0.228886 0.000010 0.771084 0.000010 0.000010
0.326606 0.055652 0.617723 0.000010 0.000010
0.000010 0.074735 0.925235 0.000010 0.000010
0.000010 0.288197 0.711773 0.000010 0.000010
0.000010 0.230403 0.769567 0.000010 0.000010
0.000010 0.227952 0.772018 0.000010 0.000010
0.038752 0.234079 0.727150 0.000010 0.000010
0.054125 0.357334 0.588521 0.000010 0.000010
0.000010 0.126544 0.873426 0.000010 0.000010
0.000010 0.000010 0.999960 0.000010 0.000010
0.018256 0.206838 0.774886 0.000010 0.000010
0.092186 0.130322 0.777472 0.000010 0.000010
0.082733 0.000010 0.917237 0.000010 0.000010
0.000010 0.000010 0.999960 0.000010 0.000010
0.000010 0.252039 0.747931 0.000010 0.000010
0.000010 0.000010 0.999960 0.000010 0.000010
0.006323 0.000010 0.993647 0.000010 0.000010
