0.000010 0.000010 0.000010 0.000010 0.000010 0.000010 0.000010 0.380679 0.619251
0.000010 0.000010 0.000010 0.000010 0.000010 0.000010 0.000010 0.362268 0.637662
0.000010 0.000010 0.000010 0.000010 0.000010 0.000010 0.000010 0.420489 0.579441
0.000010 0.000010 0.000010 0.000010 0.000010 0.000010 0.000010 0.370172 0.629758
0.000010 0.000010 0.000010 0.000010 0.000010 0.000010 0.000010 0.418296 0.581634
0.000010 0.000010 0.000010 0.000010 0.000010 0.000010 0.000010 0.412019 0.587911
0.000010 0.000010 0.000010 0.000010 0.000010 0.000010 0.000010 0.357593 0.642337
0.000010 0.000010 0.000010 0.000010 0.000010 0.000010 0.000010 0.375309 0.624621
0.000010 0.000010 0.000010 0.000010 0.000010 0.000010 0.000010 0.358377 0.641553
0.000010 0.000010 0.000010 0.000010 0.000010 0.000010 0.000010 0.408853 0.591077
0.000010 0.000010 0.000010 0.000010 0.000010 0.000010 0.000010 0.389687 0.610243
0.000010 0.000010 0.000010 0.000010 0.000010 0.000010 0.000010 0.348047 0.651883
0.000010 0.000010 0.000010 0.000010 0.000010 0.000010 0.000010 0.420824 0.579106
0.000010 0.000010 0.000010 0.000010 0.000010 0.000010 0.000010 0.430893 0.569037
0.000010 0.000010 0.000010 0.000010 0.000010 0.000010 0.000010 0.400370 0.599560
0.000010 0.000010 0.000010 0.000010 0.000010 0.000010 0.000010 0.387322 0.612608
0.000010 0.000010 0.000010 0.000010 0.000010 0.000010 0.000010 0.394486 0.605444
0.000010 0.000010 0.000010 0.000010 0.000010 0.000010 0.000010 0.367792 0.632138
0.000010 0.000010 0.000010 0.000010 0.000010 0.000010 0.000010 0.411640 0.588290
0.000010 0.000010 0.000010 0.000010 0.000010 0.000010 0.000010 0.386860 0.613070
0.000010 0.000010 0.000010 0.000010 0.000010 0.000010 0.000010 0.406592 0.593338
0.000010 0.000010 0.000010 0.000010 0.000010 0.000010 0.000010 0.394631 0.605299
0.000010 0.000012 0.000010 0.000010 0.000010 0.000010 0.000010 0.396494 0.603434
0.000010 0.000010 0.000010 0.000010 0.000010 0.000010 0.000010 0.387746 0.612184
0.000010 0.000010 0.000010 0.000010 0.000010 0.000010 0.000010 0.417776 0.582154
0.000010 0.000010 0.000010 0.000010 0.000010 0.000010 0.000010 0.414201 0.585729
0.000010 0.000010 0.000010 0.000010 0.000010 0.000010 0.000010 0.356503 0.643427
0.000010 0.000010 0.000010 0.000010 0.000010 0.000010 0.000010 0.334217 0.665713
0.000010 0.000010 0.000010 0.000010 0.000010 0.000010 0.000010 0.372680 0.627250
0.000010 0.000010 0.000010 0.000010 0.000010 0.000010 0.000010 0.391843 0.608087
0.000010 0.000010 0.000010 0.000016 0.000010 0.000010 0.000010 0.332836 0.667088
0.000010 0.000010 0.000010 0.000010 0.000010 0.000010 0.000010 0.372057 0.627873
0.000010 0.000010 0.000010 0.000010 0.000010 0.000010 0.000010 0.322681 0.677249
0.000010 0.000010 0.000010 0.000010 0.000010 0.000010 0.000010 0.348469 0.651461
0.000010 0.000010 0.000010 0.000010 0.000010 0.000010 0.000010 0.417798 0.582132
0.000010 0.000010 0.000010 0.000010 0.000010 0.000010 0.000010 0.358345 0.641585
0.000010 0.000010 0.000010 0.000010 0.000010 0.000010 0.000010 0.351868 0.648062
0.000010 0.000010 0.000010 0.000010 0.000010 0.000010 0.000010 0.374842 0.625088
0.000010 0.000010 0.000010 0.000010 0.000010 0.000010 0.000010 0.389853 0.610077
0.000010 0.000010 0.000010 0.000010 0.000010 0.000010 0.000010 0.409192 0.590738
0.000010 0.000010 0.000010 0.000010 0.000010 0.000010 0.000010 0.340858 0.659072
0.000010 0.000010 0.000010 0.000010 0.000010 0.000010 0.000010 0.363183 0.636747
0.000010 0.000010 0.000010 0.000010 0.000010 0.000010 0.000010 0.343895 0.656035
0.000010 0.000010 0.000010 0.000010 0.000010 0.000010 0.000010 0.365761 0.634169
0.000010 0.000010 0.000010 0.000010 0.000010 0.000010 0.000010 0.405423 0.594507
0.000010 0.000010 0.000010 0.000010 0.000010 0.000010 0.000010 0.368086 0.631844
0.000010 0.000010 0.000010 0.000010 0.000010 0.000010 0.000010 0.370377 0.629553
0.000010 0.000010 0.000018 0.000010 0.000010 0.000010 0.000010 0.340778 0.659143
0.000012 0.000010 0.000010 0.000010 0.000010 0.000010 0.000010 0.386899 0.613029
0.000010 0.000010 0.000010 0.000010 0.000010 0.000010 0.000010 0.371339 0.628591
0.000010 0.000010 0.000010 0.000010 0.000010 0.000010 0.000010 0.341507 0.658423
0.000010 0.000010 0.000010 0.000010 0.000010 0.000010 0.000010 0.388599 0.611331
0.000016 0.000010 0.000010 0.000010 0.000010 0.004745 0.001276 0.993913 0.000010
0.000012 0.000010 0.000010 0.000010 0.000010 0.004292 0.000018 0.995629 0.000010
0.000010 0.000010 0.000010 0.000010 0.000010 0.000010 0.000010 0.892761 0.107169
0.000010 0.000010 0.000010 0.000010 0.000010 0.000010 0.002708 0.997222 0.000010
0.000010 0.000010 0.001805 0.000010 0.000010 0.004578 0.004257 0.989310 0.000010
0.000010 0.000010 0.000010 0.000010 0.000010 0.000010 0.011188 0.988742 0.000010
0.000010 0.000010 0.000010 0.000010 0.000010 0.000010 0.003608 0.996322 0.000010
0.000010 0.000010 0.000010 0.000015 0.000010 0.005418 0.004300 0.990217 0.000010
0.000010 0.000010 0.030721 0.000010 0.000010 0.000010 0.000010 0.759805 0.209414
0.000010 0.000010 0.000010 0.000010 0.000010 0.002727 0.005920 0.991293 0.000010
0.000010 0.000010 0.000010 0.000010 0.000010 0.000010 0.000010 0.999920 0.000010
0.000010 0.000010 0.000015 0.000010 0.000010 0.000011 0.005762 0.994161 0.000010
0.000010 0.000010 0.000010 0.000010 0.000010 0.000010 0.000010 0.999920 0.000010
0.000010 0.000010 0.000010 0.000010 0.000010 0.000010 0.004002 0.995928 0.000010
0.000010 0.000010 0.000010 0.000010 0.000010 0.000010 0.000010 0.999920 0.000010
0.002226 0.000010 0.000010 0.000010 0.000010 0.002149 0.000010 0.956851 0.038723
0.002477 0.000010 0.016156 0.000010 0.000010 0.000010 0.000010 0.882180 0.099137
0.000010 0.000010 0.000010 0.000010 0.000010 0.000012 0.000010 0.332775 0.667154
0.000010 0.000010 0.000010 0.000010 0.000010 0.000020 0.000010 0.326287 0.673633
0.000010 0.000010 0.000010 0.000010 0.000010 0.000012 0.000010 0.342358 0.657569
0.000010 0.000010 0.000010 0.000010 0.000010 0.000010 0.000010 0.377647 0.622283
0.000010 0.000010 0.000010 0.000010 0.000010 0.000013 0.000010 0.337403 0.662524
0.000010 0.000010 0.000010 0.000010 0.000010 0.000010 0.000010 0.336745 0.663185
0.000010 0.000010 0.000010 0.000010 0.000010 0.000010 0.000010 0.359740 0.640190
0.000010 0.000010 0.000010 0.000010 0.000010 0.000010 0.000010 0.354602 0.645328
0.000010 0.000010 0.000010 0.000010 0.000010 0.000010 0.000010 0.373720 0.626210
0.000010 0.000010 0.000010 0.000010 0.000010 0.000010 0.000010 0.331060 0.668870
0.000010 0.000010 0.000010 0.000010 0.000010 0.000010 0.000010 0.372588 0.627342
0.000010 0.000010 0.000010 0.000010 0.000010 0.000018 0.000010 0.360668 0.639253
0.000010 0.000010 0.000010 0.000010 0.000010 0.000010 0.000010 0.324241 0.675689
0.000010 0.000010 0.000010 0.000010 0.000010 0.000010 0.000010 0.357139 0.642791
0.000010 0.000010 0.000010 0.000010 0.000010 0.000010 0.000010 0.320069 0.679861
0.000010 0.000010 0.000010 0.000010 0.000010 0.000010 0.000010 0.345918 0.654012
0.000010 0.000010 0.000010 0.000010 0.000010 0.000010 0.000010 0.287184 0.712746
0.000010 0.000010 0.000010 0.000010 0.000010 0.000010 0.000010 0.375044 0.624886
0.000010 0.000010 0.000010 0.000010 0.000010 0.000010 0.000010 0.359307 0.640623
0.000010 0.000010 0.000010 0.000010 0.000010 0.000010 0.000010 0.303104 0.696826
0.000010 0.000010 0.000010 0.000010 0.000010 0.000010 0.000010 0.356099 0.643831
0.000010 0.000010 0.000010 0.000010 0.000010 0.000010 0.000010 0.354612 0.645318
0.000010 0.000010 0.000010 0.000010 0.000010 0.000010 0.000010 0.343214 0.656716
0.000010 0.000010 0.000010 0.000010 0.000010 0.000010 0.000010 0.344786 0.655144
0.000010 0.000010 0.000010 0.000010 0.000010 0.000010 0.000010 0.338038 0.661892
0.000010 0.000010 0.000010 0.000010 0.000010 0.000010 0.000010 0.374979 0.624951
0.000010 0.000010 0.000010 0.000010 0.000010 0.000010 0.000010 0.339692 0.660238
0.000010 0.000010 0.000010 0.000010 0.000010 0.000010 0.000010 0.360683 0.639247
0.000010 0.000010 0.000010 0.000010 0.000010 0.000010 0.000010 0.309857 0.690073
0.000010 0.000010 0.000010 0.000010 0.000010 0.000010 0.000010 0.366473 0.633457
0.000010 0.000010 0.000010 0.000010 0.000010 0.000010 0.000010 0.380887 0.619043
0.000010 0.000010 0.000010 0.000010 0.000010 0.000010 0.000010 0.999920 0.000010
0.000010 0.000010 0.000010 0.000010 0.000010 0.000010 0.000010 0.999920 0.000010
0.000010 0.000010 0.000010 0.000010 0.000010 0.000010 0.000010 0.957706 0.042224
0.000010 0.000010 0.000010 0.000010 0.000010 0.000010 0.000010 0.999920 0.000010
0.003984 0.000010 0.000010 0.000010 0.000010 0.000010 0.000010 0.995946 0.000010
0.009960 0.000010 0.000010 0.000010 0.000010 0.000010 0.015776 0.974204 0.000010
0.000010 0.000010 0.000010 0.000010 0.000010 0.000010 0.000010 0.962457 0.037473
0.000010 0.000010 0.000010 0.000010 0.000010 0.000010 0.000010 0.999920 0.000010
0.000010 0.000010 0.000010 0.000010 0.000010 0.000010 0.000010 0.954435 0.045495
0.000010 0.000010 0.000010 0.000010 0.000010 0.000010 0.000010 0.999920 0.000010
0.000010 0.000010 0.000010 0.000010 0.000010 0.000010 0.000010 0.830444 0.169486
0.000010 0.000010 0.000010 0.000010 0.000010 0.000010 0.000010 0.999920 0.000010
0.000010 0.000010 0.000010 0.000010 0.000010 0.000010 0.000010 0.999920 0.000010
0.001967 0.000010 0.000010 0.000010 0.000010 0.000010 0.000010 0.997963 0.000010
0.000010 0.000010 0.000010 0.000010 0.000010 0.000010 0.000010 0.999920 0.000010
0.000010 0.000010 0.000010 0.000010 0.000010 0.000010 0.000010 0.999920 0.000010
0.000010 0.000010 0.000010 0.000010 0.000010 0.000010 0.000010 0.999920 0.000010
0.000010 0.000010 0.012107 0.000010 0.000010 0.000010 0.000010 0.987823 0.000010
0.000010 0.000010 0.001491 0.000010 0.000010 0.000010 0.000010 0.998439 0.000010
0.000010 0.000010 0.000344 0.000010 0.000010 0.000010 0.000010 0.999586 0.000010
0.000010 0.000010 0.000010 0.000010 0.000010 0.000010 0.000010 0.922113 0.077817
0.000010 0.000010 0.000010 0.000010 0.000010 0.000010 0.011036 0.988894 0.000010
0.000010 0.000010 0.000010 0.000010 0.000010 0.000010 0.000010 0.999920 0.000010
0.000011 0.000010 0.000010 0.000010 0.000010 0.000010 0.000010 0.991692 0.008237
0.000010 0.000010 0.000010 0.000010 0.000010 0.000010 0.000010 0.833283 0.166647
0.000010 0.000010 0.000010 0.000010 0.000010 0.000010 0.001900 0.998030 0.000010
0.000010 0.000010 0.000010 0.000010 0.000010 0.000770 0.000010 0.999160 0.000010
0.000010 0.000010 0.000010 0.000010 0.000010 0.000010 0.000010 0.999920 0.000010
0.000010 0.000010 0.000010 0.000010 0.000010 0.000010 0.000010 0.999920 0.000010
0.004471 0.000010 0.000010 0.000010 0.000010 0.000010 0.000010 0.953675 0.041794
0.008945 0.000010 0.000010 0.000010 0.000010 0.000016 0.000013 0.990976 0.000010
0.005331 0.000010 0.000010 0.000010 0.000010 0.000010 0.000010 0.994599 0.000010
0.000010 0.000010 0.000010 0.000010 0.000010 0.000010 0.000010 0.999920 0.000010
0.000010 0.000010 0.000010 0.000010 0.000010 0.000010 0.000010 0.999920 0.000010
0.000010 0.000010 0.000010 0.000010 0.000010 0.000010 0.000010 0.999920 0.000010
0.000010 0.000010 0.000010 0.000010 0.000010 0.000010 0.000010 0.999920 0.000010
0.000010 0.000010 0.000010 0.000010 0.000010 0.000010 0.000010 0.999920 0.000010
0.000012 0.000010 0.000010 0.000010 0.000010 0.000010 0.000010 0.950264 0.049664
0.000010 0.000010 0.000010 0.000010 0.000010 0.000010 0.000010 0.974561 0.025369
0.000010 0.000010 0.000010 0.000010 0.000010 0.000015 0.000976 0.998949 0.000010
0.000010 0.000010 0.009629 0.000010 0.000010 0.000010 0.001278 0.987001 0.002042
0.000010 0.000010 0.000010 0.000010 0.000010 0.000010 0.000010 0.941175 0.058755
0.000010 0.000010 0.000010 0.000010 0.000010 0.000010 0.000010 0.999920 0.000010
0.000010 0.000010 0.000010 0.000010 0.000010 0.000010 0.017239 0.982691 0.000010
0.000010 0.000010 0.000010 0.000010 0.000010 0.000010 0.000010 0.904398 0.095532
0.000010 0.000010 0.000010 0.000010 0.000010 0.000010 0.000010 0.999920 0.000010
0.000010 0.000010 0.012021 0.000010 0.000010 0.000010 0.000010 0.947018 0.040901
0.000010 0.000010 0.049147 0.000010 0.000010 0.000010 0.000010 0.772610 0.178183
0.000010 0.000010 0.000010 0.000010 0.000010 0.000010 0.003059 0.996871 0.000010
0.001308 0.000010 0.000010 0.000010 0.000010 0.000010 0.000010 0.998622 0.000010
0.000010 0.000010 0.000010 0.000010 0.000010 0.000010 0.000010 0.728486 0.271444
0.000010 0.000010 0.000010 0.000010 0.000010 0.000010 0.000010 0.999920 0.000010
0.000010 0.000010 0.000010 0.000010 0.000010 0.000010 0.000010 0.974346 0.025584
0.000010 0.000010 0.000010 0.000010 0.000010 0.000010 0.000010 0.999920 0.000010
0.000010 0.000010 0.000644 0.000010 0.000010 0.000010 0.000010 0.775806 0.223490
0.000010 0.000010 0.000010 0.000010 0.000010 0.000010 0.000010 0.999920 0.000010
0.000010 0.000010 0.000010 0.000010 0.000010 0.000010 0.000010 0.999920 0.000010
0.000010 0.000010 0.000010 0.000010 0.000010 0.000010 0.000010 0.920501 0.079429
0.004491 0.000010 0.000010 0.000010 0.000010 0.000010 0.000010 0.995439 0.000010
0.000010 0.000010 0.000010 0.000010 0.000010 0.000010 0.000010 0.992330 0.007600
0.000010 0.000010 0.000010 0.000010 0.000010 0.001650 0.000010 0.998280 0.000010
0.000010 0.000010 0.000010 0.000010 0.000010 0.000010 0.000010 0.999920 0.000010
0.000010 0.000010 0.000010 0.000010 0.000010 0.000010 0.000010 0.999920 0.000010
0.000010 0.000010 0.007573 0.000010 0.000010 0.000010 0.000010 0.992357 0.000010
0.000010 0.000010 0.000010 0.000010 0.000010 0.000010 0.000010 0.999920 0.000010
0.000010 0.000010 0.000010 0.000010 0.000010 0.000012 0.003057 0.996871 0.000010
0.000010 0.000010 0.000010 0.000010 0.000010 0.000010 0.000010 0.999920 0.000010
0.000010 0.000010 0.000010 0.000010 0.000010 0.000010 0.000700 0.989932 0.009308
0.000010 0.000010 0.000010 0.000010 0.000010 0.000010 0.000010 0.999920 0.000010
0.000010 0.000010 0.000010 0.000010 0.000010 0.000010 0.000010 0.999920 0.000010
0.000010 0.000010 0.000010 0.000010 0.000010 0.004365 0.000010 0.995565 0.000010
0.000010 0.000010 0.000010 0.000010 0.000010 0.000010 0.000010 0.999920 0.000010
0.000010 0.000010 0.000010 0.000010 0.000010 0.000010 0.009739 0.990191 0.000010
0.000010 0.000010 0.000010 0.000010 0.000010 0.000010 0.000010 0.999920 0.000010
0.000010 0.000010 0.000010 0.000010 0.000010 0.000010 0.000010 0.974491 0.025439
0.000010 0.000010 0.000010 0.000010 0.000010 0.000010 0.000010 0.999920 0.000010
0.000010 0.000010 0.000010 0.000011 0.000010 0.000010 0.000010 0.999919 0.000010
0.000010 0.000010 0.000010 0.000010 0.000010 0.000010 0.000010 0.815958 0.183972
0.000010 0.000010 0.000010 0.000010 0.000010 0.000010 0.000010 0.999920 0.000010
0.000010 0.000010 0.000010 0.000010 0.000010 0.000010 0.000010 0.999920 0.000010
0.000010 0.000010 0.000010 0.000010 0.000010 0.000010 0.000010 0.999920 0.000010
0.000010 0.000010 0.000010 0.000010 0.000010 0.000010 0.000010 0.999920 0.000010
0.616680 0.000010 0.000010 0.000010 0.000010 0.000010 0.383250 0.000010 0.000010
0.574450 0.000010 0.000010 0.000010 0.000010 0.000010 0.425480 0.000010 0.000010
0.647524 0.000010 0.000010 0.000010 0.000010 0.000010 0.352406 0.000010 0.000010
0.641753 0.000010 0.000010 0.000010 0.000010 0.000010 0.358177 0.000010 0.000010
0.627467 0.000010 0.000010 0.000010 0.000010 0.000010 0.372463 0.000010 0.000010
0.642731 0.000010 0.000010 0.000010 0.000010 0.000010 0.357199 0.000010 0.000010
0.645653 0.000010 0.000010 0.000010 0.000010 0.000010 0.354277 0.000010 0.000010
0.572733 0.000010 0.000010 0.000010 0.000010 0.000010 0.427197 0.000010 0.000010
0.636475 0.000010 0.000010 0.000010 0.000010 0.000010 0.363455 0.000010 0.000010
0.624144 0.000010 0.000010 0.000010 0.000010 0.000010 0.375786 0.000010 0.000010
0.632440 0.000010 0.000010 0.000010 0.000010 0.000010 0.367490 0.000010 0.000010
0.617083 0.000010 0.000010 0.000010 0.000010 0.000010 0.382847 0.000010 0.000010
0.637120 0.000010 0.000010 0.000010 0.000010 0.000010 0.362810 0.000010 0.000010
0.604465 0.000010 0.000017 0.000010 0.000010 0.000010 0.395458 0.000010 0.000010
0.619955 0.000010 0.000010 0.000010 0.000010 0.000010 0.379975 0.000010 0.000010
0.613634 0.000010 0.000010 0.000010 0.000010 0.000010 0.386296 0.000010 0.000010
0.616469 0.000010 0.000010 0.000010 0.000010 0.000010 0.383461 0.000010 0.000010
0.617461 0.000010 0.000010 0.000010 0.000010 0.000010 0.382469 0.000010 0.000010
0.599725 0.000010 0.000010 0.000010 0.000010 0.000010 0.400205 0.000010 0.000010
0.635600 0.000010 0.000010 0.000010 0.000010 0.000010 0.364330 0.000010 0.000010
0.642216 0.000010 0.000010 0.000010 0.000010 0.000010 0.357714 0.000010 0.000010
0.622679 0.000010 0.000010 0.000010 0.000010 0.000010 0.377251 0.000010 0.000010
0.639044 0.000010 0.000010 0.000010 0.000010 0.000010 0.360886 0.000010 0.000010
0.604584 0.000010 0.000010 0.000010 0.000010 0.000010 0.395346 0.000010 0.000010
0.645376 0.000010 0.000010 0.000010 0.000010 0.000010 0.354554 0.000010 0.000010
0.641138 0.000010 0.000010 0.000010 0.000010 0.000010 0.358792 0.000010 0.000010
0.609348 0.000010 0.000010 0.000016 0.000010 0.000010 0.390576 0.000010 0.000010
0.624981 0.000010 0.000010 0.000010 0.000010 0.000010 0.374949 0.000010 0.000010
0.637377 0.000010 0.000010 0.000010 0.000010 0.000010 0.362553 0.000010 0.000010
0.636908 0.000010 0.000010 0.000010 0.000010 0.000010 0.363022 0.000010 0.000010
0.557124 0.000010 0.000010 0.000010 0.000010 0.000010 0.442806 0.000010 0.000010
0.656898 0.000010 0.000010 0.000010 0.000010 0.000010 0.343025 0.000016 0.000010
0.573202 0.000010 0.000010 0.000010 0.000010 0.000010 0.426728 0.000010 0.000010
0.611941 0.000010 0.000010 0.000010 0.000010 0.000010 0.387989 0.000010 0.000010
0.676570 0.000010 0.000010 0.000010 0.000010 0.000010 0.323360 0.000010 0.000010
0.639259 0.000010 0.000010 0.000010 0.000010 0.000010 0.360671 0.000010 0.000010
0.632146 0.000010 0.000010 0.000010 0.000010 0.000010 0.367784 0.000010 0.000010
0.658816 0.000010 0.000010 0.000010 0.000010 0.000010 0.341114 0.000010 0.000010
0.614832 0.000010 0.000010 0.000010 0.000010 0.000010 0.385098 0.000010 0.000010
0.616299 0.000010 0.000014 0.000010 0.000010 0.000010 0.383627 0.000010 0.000010
0.656875 0.000010 0.000010 0.000010 0.000010 0.000010 0.343055 0.000010 0.000010
0.000010 0.000010 0.000010 0.061933 0.013977 0.166297 0.000010 0.000010 0.757744
0.000012 0.042502 0.000010 0.100952 0.032162 0.211244 0.000010 0.000010 0.613097
0.000010 0.043294 0.007433 0.030707 0.000010 0.122716 0.000010 0.000010 0.795810
0.557999 0.000010 0.000010 0.000010 0.000010 0.000010 0.441923 0.000018 0.000010
0.562868 0.000010 0.000010 0.000010 0.000010 0.000010 0.437062 0.000010 0.000010
0.484826 0.000010 0.000010 0.000010 0.000010 0.000017 0.515097 0.000010 0.000010
0.612120 0.000010 0.000010 0.000010 0.000010 0.000010 0.387810 0.000010 0.000010
0.574729 0.000010 0.000010 0.000010 0.000010 0.000010 0.425201 0.000010 0.000010
0.576934 0.000010 0.000010 0.000010 0.000010 0.000010 0.422996 0.000010 0.000010
0.547462 0.000010 0.000010 0.000010 0.000010 0.000010 0.452468 0.000010 0.000010
0.719231 0.000010 0.000010 0.000010 0.000010 0.000010 0.280699 0.000010 0.000010
0.580499 0.000010 0.000010 0.000010 0.000010 0.000010 0.419431 0.000010 0.000010
0.680233 0.000010 0.000010 0.000010 0.000010 0.000010 0.319697 0.000010 0.000010
0.341446 0.000010 0.000010 0.000010 0.000010 0.010792 0.645682 0.000010 0.002030
0.544442 0.000010 0.000010 0.000010 0.000010 0.000010 0.455488 0.000010 0.000010
0.559545 0.000010 0.000010 0.000010 0.000010 0.000010 0.440385 0.000010 0.000010
0.535131 0.000010 0.000010 0.000010 0.000010 0.000010 0.464799 0.000010 0.000010
0.613740 0.000010 0.000010 0.000010 0.000010 0.000010 0.386190 0.000010 0.000010
0.480074 0.000010 0.000010 0.000010 0.000010 0.000010 0.519856 0.000010 0.000010
0.613485 0.000010 0.000010 0.000010 0.000010 0.000010 0.386445 0.000010 0.000010
0.540406 0.000010 0.000010 0.000010 0.000010 0.000010 0.459524 0.000010 0.000010
0.551886 0.000010 0.000010 0.000010 0.000010 0.000010 0.448044 0.000010 0.000010
0.564351 0.000010 0.000010 0.000010 0.000010 0.000010 0.435579 0.000010 0.000010
0.613056 0.000010 0.000010 0.000010 0.000010 0.000010 0.386874 0.000010 0.000010
0.575904 0.000010 0.000010 0.000015 0.000010 0.000010 0.424021 0.000010 0.000010
0.617363 0.000010 0.000010 0.000010 0.000010 0.000010 0.382567 0.000010 0.000010
0.613386 0.000010 0.000010 0.000010 0.000010 0.000010 0.386544 0.000010 0.000010
0.549880 0.000010 0.000010 0.000010 0.030226 0.000010 0.399358 0.005232 0.015264
0.563982 0.000010 0.000010 0.000010 0.000010 0.000010 0.435948 0.000010 0.000010
0.683227 0.000010 0.000010 0.000010 0.000010 0.000010 0.316703 0.000010 0.000010
0.564906 0.000010 0.000010 0.000010 0.000010 0.000010 0.435024 0.000010 0.000010
0.633085 0.000010 0.000010 0.000010 0.000010 0.000010 0.366845 0.000010 0.000010
0.607629 0.000010 0.000010 0.000010 0.000010 0.000010 0.392301 0.000010 0.000010
0.610279 0.000010 0.000010 0.000010 0.000010 0.000010 0.389651 0.000010 0.000010
0.624766 0.000010 0.000010 0.000017 0.000010 0.000010 0.375157 0.000010 0.000010
0.609343 0.000010 0.000010 0.000010 0.000010 0.000010 0.390587 0.000010 0.000010
0.000010 0.000010 0.000010 0.106604 0.041142 0.139903 0.000010 0.000010 0.712301
0.000010 0.018210 0.006377 0.091859 0.053524 0.158885 0.000010 0.000010 0.671115
0.000010 0.000010 0.005576 0.039602 0.026272 0.130531 0.000010 0.000010 0.797979
0.000010 0.000010 0.010821 0.029702 0.042580 0.171560 0.000010 0.000010 0.745297
0.784754 0.000010 0.000010 0.000010 0.000010 0.000010 0.215176 0.000010 0.000010
0.739533 0.000010 0.000010 0.000010 0.000010 0.000010 0.260397 0.000010 0.000010
0.749782 0.000010 0.000010 0.000010 0.000010 0.000010 0.250148 0.000010 0.000010
0.714815 0.000010 0.000010 0.000010 0.000010 0.000010 0.285115 0.000010 0.000010
0.729250 0.000010 0.000010 0.000010 0.000010 0.000010 0.270680 0.000010 0.000010
0.763818 0.000010 0.000010 0.000010 0.000010 0.000010 0.236112 0.000010 0.000010
0.739446 0.000010 0.000010 0.000010 0.000010 0.000010 0.260484 0.000010 0.000010
0.742289 0.000010 0.000010 0.000010 0.000010 0.000010 0.257641 0.000010 0.000010
0.748850 0.000010 0.000010 0.000010 0.000010 0.000010 0.251080 0.000010 0.000010
0.736046 0.000010 0.000010 0.000010 0.000010 0.000010 0.263884 0.000010 0.000010
0.729504 0.000010 0.000010 0.000010 0.000010 0.000010 0.270426 0.000010 0.000010
0.730798 0.000010 0.000010 0.000010 0.000010 0.000010 0.269132 0.000010 0.000010
0.723481 0.000010 0.000010 0.000010 0.000010 0.000016 0.276443 0.000010 0.000010
0.766016 0.000010 0.000010 0.000010 0.000010 0.000010 0.233914 0.000010 0.000010
0.756486 0.000010 0.000010 0.000010 0.000010 0.000010 0.243444 0.000010 0.000010
0.722637 0.000010 0.000010 0.000010 0.000010 0.000010 0.277293 0.000010 0.000010
0.764953 0.000010 0.000010 0.000010 0.000010 0.000010 0.234977 0.000010 0.000010
0.692594 0.000010 0.000010 0.000010 0.000010 0.000010 0.307336 0.000010 0.000010
0.701722 0.000010 0.000010 0.000010 0.000010 0.000010 0.298208 0.000010 0.000010
0.753844 0.000010 0.000010 0.000010 0.000010 0.000010 0.246086 0.000010 0.000010
0.722862 0.000010 0.000010 0.000010 0.000010 0.000010 0.277068 0.000010 0.000010
0.756771 0.000010 0.000010 0.000010 0.000010 0.000010 0.243159 0.000010 0.000010
0.729668 0.000010 0.000010 0.000010 0.000010 0.000010 0.270262 0.000010 0.000010
0.752325 0.000010 0.000010 0.000010 0.000010 0.000010 0.247605 0.000010 0.000010
0.760311 0.000010 0.000010 0.000010 0.000010 0.000010 0.239619 0.000010 0.000010
0.746776 0.000010 0.000010 0.000010 0.000010 0.000010 0.253154 0.000010 0.000010
0.000010 0.001802 0.000010 0.012031 0.000010 0.088514 0.000010 0.000010 0.897603
0.000010 0.006788 0.000047 0.038351 0.000010 0.135719 0.006797 0.000010 0.812268
0.000010 0.002449 0.000010 0.055527 0.041632 0.222958 0.000010 0.000010 0.677393
0.000010 0.003866 0.000010 0.028354 0.018677 0.115689 0.000010 0.000010 0.833376
0.000010 0.000010 0.000010 0.051143 0.019575 0.121566 0.000010 0.000010 0.807666
0.000010 0.000010 0.000010 0.019033 0.026851 0.057947 0.000010 0.117081 0.779048
0.000601 0.017962 0.000010 0.058382 0.037571 0.158665 0.000010 0.000010 0.726788
0.000010 0.000010 0.000385 0.045354 0.003742 0.065133 0.000010 0.000010 0.885346
0.000010 0.000010 0.000010 0.027544 0.056747 0.241076 0.000010 0.000010 0.674583
0.999920 0.000010 0.000010 0.000010 0.000010 0.000010 0.000010 0.000010 0.000010
0.999920 0.000010 0.000010 0.000010 0.000010 0.000010 0.000010 0.000010 0.000010
0.999920 0.000010 0.000010 0.000010 0.000010 0.000010 0.000010 0.000010 0.000010
0.999920 0.000010 0.000010 0.000010 0.000010 0.000010 0.000010 0.000010 0.000010
0.999920 0.000010 0.000010 0.000010 0.000010 0.000010 0.000010 0.000010 0.000010
0.999920 0.000010 0.000010 0.000010 0.000010 0.000010 0.000010 0.000010 0.000010
0.999920 0.000010 0.000010 0.000010 0.000010 0.000010 0.000010 0.000010 0.000010
0.999920 0.000010 0.000010 0.000010 0.000010 0.000010 0.000010 0.000010 0.000010
0.982835 0.000010 0.000010 0.000010 0.000010 0.000010 0.017095 0.000010 0.000010
0.999920 0.000010 0.000010 0.000010 0.000010 0.000010 0.000010 0.000010 0.000010
0.999920 0.000010 0.000010 0.000010 0.000010 0.000010 0.000010 0.000010 0.000010
0.999920 0.000010 0.000010 0.000010 0.000010 0.000010 0.000010 0.000010 0.000010
0.999920 0.000010 0.000010 0.000010 0.000010 0.000010 0.000010 0.000010 0.000010
0.999920 0.000010 0.000010 0.000010 0.000010 0.000010 0.000010 0.000010 0.000010
0.000010 0.000010 0.000010 0.027744 0.047901 0.104521 0.000010 0.000010 0.819784
0.000010 0.018650 0.000010 0.063234 0.028296 0.152795 0.000010 0.000010 0.736985
0.000010 0.060712 0.000010 0.059034 0.106677 0.139010 0.000010 0.000010 0.634527
0.000012 0.058795 0.000010 0.094711 0.056101 0.207407 0.000010 0.000010 0.582944
0.000010 0.036233 0.008832 0.058308 0.122024 0.187722 0.000010 0.000010 0.586851
0.000010 0.012241 0.000010 0.035109 0.005504 0.181670 0.000010 0.000010 0.765436
0.000010 0.020015 0.000010 0.059246 0.041125 0.117453 0.000010 0.000010 0.762121
0.000010 0.000010 0.003094 0.055992 0.069227 0.163178 0.000010 0.000010 0.708468
0.000010 0.018928 0.000010 0.055431 0.013031 0.124335 0.000010 0.000010 0.788235
0.000010 0.000010 0.000010 0.063772 0.000010 0.151337 0.000010 0.000010 0.784831
0.000010 0.043486 0.019013 0.091798 0.208507 0.140609 0.000010 0.000010 0.496557
0.000010 0.022411 0.000010 0.076503 0.071758 0.123975 0.000010 0.000010 0.705312
0.000010 0.022667 0.000010 0.036799 0.003727 0.149171 0.000010 0.000010 0.787596
0.000010 0.014217 0.000763 0.062481 0.000010 0.158450 0.000010 0.000010 0.764048
0.000010 0.008194 0.000010 0.060057 0.007482 0.172088 0.000010 0.000010 0.752138
0.000010 0.000010 0.000010 0.043629 0.000010 0.166643 0.000010 0.000010 0.789668
0.000010 0.015928 0.000010 0.055662 0.001660 0.152329 0.000010 0.000010 0.774380
0.000010 0.030884 0.000010 0.018705 0.020766 0.167155 0.000010 0.000010 0.762450
0.000010 0.015357 0.000010 0.034312 0.034641 0.061369 0.000010 0.000010 0.854281
0.000010 0.045208 0.002183 0.094154 0.055719 0.195306 0.000010 0.000010 0.607399
0.000012 0.026852 0.002428 0.094041 0.036102 0.139672 0.000010 0.000010 0.700872
0.000010 0.013174 0.000010 0.011790 0.055928 0.227776 0.000010 0.000010 0.691293
0.000017 0.019724 0.000010 0.064724 0.113498 0.179753 0.000010 0.000010 0.622255
0.000010 0.002257 0.000010 0.053566 0.031100 0.173435 0.000010 0.000010 0.739602
0.000010 0.011076 0.007432 0.079803 0.030961 0.130561 0.000010 0.000010 0.740137
0.000010 0.044981 0.000010 0.031961 0.048173 0.198929 0.000010 0.000010 0.675916
0.003381 0.047305 0.001566 0.076408 0.050027 0.124261 0.000010 0.000010 0.697034
0.000010 0.047370 0.003205 0.026652 0.068013 0.157169 0.000010 0.000010 0.697561
0.000583 0.048965 0.004157 0.111822 0.093569 0.130599 0.000010 0.000010 0.610286
0.000010 0.000010 0.000010 0.068208 0.057733 0.137943 0.000010 0.000010 0.736066
0.000010 0.025873 0.000010 0.033800 0.047668 0.142022 0.000010 0.000010 0.750596
0.000010 0.014116 0.000010 0.071983 0.000010 0.170805 0.000010 0.000010 0.743046
0.000010 0.004383 0.000010 0.065609 0.017893 0.147880 0.000010 0.000010 0.764194
0.000010 0.018375 0.000010 0.051551 0.070796 0.178008 0.000010 0.000010 0.681230
0.000010 0.016884 0.000010 0.107792 0.038509 0.143629 0.000010 0.000010 0.693146
0.009027 0.000010 0.004948 0.049594 0.022044 0.128615 0.000010 0.000010 0.785742
0.000010 0.011323 0.006052 0.056456 0.004849 0.088319 0.004971 0.009608 0.818411
0.000010 0.048038 0.000010 0.066157 0.108867 0.129474 0.000010 0.000010 0.647424
0.000010 0.039888 0.000010 0.271823 0.333573 0.075079 0.000010 0.000010 0.279597
0.000010 0.046699 0.003988 0.079647 0.001179 0.150921 0.000010 0.000010 0.717536
0.000010 0.000010 0.000010 0.059322 0.048934 0.165633 0.000010 0.000010 0.726061
0.000010 0.000010 0.000010 0.003153 0.000010 0.082490 0.000010 0.000010 0.914297
0.000010 0.000010 0.000010 0.000010 0.000010 0.309598 0.002855 0.000010 0.687487
0.003908 0.000010 0.000010 0.000010 0.048447 0.119578 0.016800 0.000010 0.811227
0.000010 0.010788 0.021719 0.027112 0.000010 0.324109 0.000010 0.000010 0.616232
0.000010 0.011348 0.000010 0.009183 0.039508 0.249626 0.000010 0.000010 0.690295
0.000010 0.000590 0.000010 0.081200 0.048541 0.316518 0.000010 0.000010 0.553111
0.000010 0.039213 0.018914 0.049215 0.001242 0.285080 0.000010 0.000010 0.606306
0.000010 0.000010 0.000014 0.011551 0.037000 0.269832 0.000010 0.000010 0.681563
0.000010 0.000010 0.004459 0.031507 0.017303 0.287039 0.000010 0.000010 0.659653
0.000010 0.002815 0.010670 0.011274 0.000010 0.174024 0.000010 0.000010 0.801177
0.000010 0.000010 0.004318 0.106548 0.006701 0.247436 0.000010 0.000010 0.634957
0.000010 0.015400 0.000010 0.054001 0.018148 0.298421 0.000010 0.000010 0.613989
0.000010 0.000010 0.000010 0.012861 0.000010 0.387391 0.000010 0.000010 0.599688
0.000010 0.013918 0.000010 0.069654 0.083633 0.324604 0.000010 0.000010 0.508151
0.000010 0.004402 0.000010 0.027855 0.000010 0.308790 0.000010 0.000010 0.658903
0.000010 0.000010 0.009491 0.088097 0.092194 0.387649 0.000010 0.000010 0.422530
0.000010 0.005765 0.000010 0.042382 0.000010 0.277660 0.000010 0.000010 0.674142
0.000010 0.032248 0.006445 0.004920 0.056062 0.472512 0.000010 0.000010 0.427782
0.000010 0.065195 0.000010 0.056447 0.058493 0.182674 0.000010 0.000010 0.637151
0.000010 0.035791 0.011355 0.057877 0.000012 0.170715 0.000010 0.000010 0.724220
0.000010 0.026693 0.000010 0.061401 0.000152 0.130368 0.000010 0.000010 0.781346
0.000010 0.076055 0.000010 0.094126 0.055170 0.153067 0.000010 0.000010 0.621542
0.000010 0.000010 0.037398 0.022845 0.000010 0.072392 0.000010 0.000010 0.867315
0.000010 0.015585 0.000010 0.075088 0.023468 0.168684 0.000010 0.000010 0.717136
0.000010 0.034734 0.000010 0.043381 0.099004 0.155455 0.000010 0.000010 0.667386
0.000010 0.024935 0.000010 0.028543 0.003603 0.062957 0.000010 0.000010 0.879922
0.000010 0.000010 0.000010 0.022436 0.030592 0.127187 0.000010 0.000010 0.819735
0.000010 0.000538 0.000010 0.039987 0.040181 0.169652 0.000010 0.000010 0.749602
0.001497 0.005670 0.000010 0.045644 0.014409 0.216203 0.000010 0.000010 0.716547
0.000010 0.000010 0.000010 0.108996 0.021724 0.166458 0.000010 0.000010 0.702772
0.000010 0.026921 0.000010 0.056908 0.029306 0.174620 0.000010 0.000010 0.712204
0.000010 0.019038 0.000010 0.067420 0.088191 0.268235 0.000010 0.000010 0.557075
0.000010 0.051742 0.000010 0.114087 0.035293 0.238691 0.000010 0.000010 0.560147
0.000010 0.034737 0.000010 0.054310 0.058825 0.236666 0.000010 0.000010 0.615421
0.000010 0.000012 0.000010 0.072703 0.011988 0.223977 0.000010 0.000010 0.691280
0.000010 0.008703 0.000010 0.041629 0.007711 0.159722 0.000010 0.000010 0.782195
0.000010 0.032524 0.000010 0.076830 0.069215 0.160662 0.000010 0.000010 0.660728
0.000010 0.000010 0.004554 0.037800 0.000010 0.104346 0.000010 0.000010 0.853251
0.000010 0.000533 0.016553 0.044487 0.045427 0.147098 0.000010 0.000010 0.745871
0.000010 0.008108 0.000010 0.074704 0.027837 0.130838 0.000010 0.000010 0.758473
0.000010 0.221228 0.000010 0.126710 0.344035 0.080885 0.000010 0.000010 0.227103
0.000010 0.130466 0.022462 0.142935 0.225830 0.066668 0.000010 0.000010 0.411608
0.000010 0.010859 0.000010 0.068512 0.109229 0.187229 0.000010 0.000010 0.624132
0.000010 0.055214 0.006023 0.029847 0.028108 0.115402 0.000010 0.000010 0.765376
0.000010 0.016490 0.000113 0.038057 0.018375 0.334795 0.000010 0.000010 0.592139
0.005462 0.000010 0.000010 0.000010 0.009872 0.291923 0.000010 0.000010 0.692692
0.000010 0.000010 0.000010 0.008289 0.032486 0.245136 0.000010 0.000010 0.714038
0.000010 0.019586 0.004943 0.087994 0.057617 0.301979 0.000010 0.000010 0.527852
0.000010 0.000010 0.000010 0.000010 0.000010 0.192548 0.000010 0.000010 0.807382
0.000010 0.000010 0.000010 0.000010 0.000010 0.321407 0.000010 0.000010 0.678523
0.005120 0.011259 0.000010 0.006924 0.000010 0.146357 0.000010 0.000010 0.830300
0.000010 0.037964 0.000010 0.041694 0.056807 0.330018 0.000010 0.000010 0.533476
0.000011 0.000010 0.000011 0.051811 0.014977 0.281376 0.000010 0.000010 0.651785
0.000010 0.004754 0.003549 0.064143 0.000010 0.268305 0.000010 0.000010 0.659208
0.000011 0.015433 0.015472 0.049770 0.106935 0.327550 0.000010 0.000010 0.484808
0.000010 0.000010 0.000010 0.000010 0.000010 0.047660 0.000010 0.000010 0.952270
0.000010 0.000010 0.001535 0.000010 0.000010 0.390114 0.000010 0.000010 0.608291
0.000010 0.000010 0.000010 0.006031 0.000010 0.292519 0.000010 0.000010 0.701390
0.000010 0.000010 0.000010 0.019945 0.000010 0.274697 0.000010 0.000010 0.705298
0.000010 0.002956 0.000010 0.029144 0.024948 0.240408 0.000010 0.000010 0.702503
0.000010 0.042092 0.000010 0.060810 0.136084 0.144996 0.000010 0.000010 0.615978
0.000010 0.006332 0.004980 0.090003 0.006816 0.202412 0.000010 0.000010 0.689428
0.003554 0.015208 0.016041 0.063974 0.022882 0.195155 0.000010 0.000010 0.683166
0.000010 0.019662 0.007441 0.093429 0.033764 0.198523 0.000010 0.000010 0.647150
0.000010 0.065337 0.000010 0.088117 0.076316 0.167630 0.000010 0.000010 0.602561
0.007288 0.000010 0.000252 0.028349 0.053160 0.094878 0.000010 0.000010 0.816042
0.000010 0.000010 0.000010 0.068086 0.055354 0.138775 0.000010 0.000010 0.737734
0.000010 0.000010 0.003647 0.048202 0.058491 0.169156 0.000010 0.000010 0.720464
0.000010 0.000010 0.000010 0.068515 0.051957 0.100003 0.000010 0.000010 0.779475
0.000010 0.004210 0.000010 0.095864 0.000010 0.202367 0.004291 0.000010 0.693228
0.000010 0.000010 0.000010 0.000010 0.000010 0.000010 0.000010 0.348560 0.651370
0.000010 0.000010 0.019163 0.000010 0.000010 0.616490 0.000010 0.010070 0.354227
0.000010 0.020985 0.000010 0.100007 0.226904 0.239637 0.000010 0.007140 0.405297
0.000010 0.000010 0.000010 0.019535 0.000010 0.436489 0.000010 0.000010 0.543916
0.000010 0.000010 0.000010 0.050237 0.000010 0.247889 0.000010 0.000010 0.701814
0.000010 0.012595 0.012491 0.020521 0.000010 0.414707 0.000010 0.000010 0.539646
0.000010 0.000010 0.000010 0.035389 0.033567 0.421917 0.000010 0.000010 0.509078
0.000010 0.000010 0.000010 0.000010 0.000010 0.315599 0.000010 0.000010 0.684331
0.000010 0.008737 0.000010 0.013105 0.000010 0.207896 0.000010 0.000010 0.770212
0.000010 0.009736 0.000010 0.000010 0.000010 0.181991 0.000010 0.000010 0.808213
0.000010 0.000010 0.000013 0.035109 0.016170 0.327936 0.000010 0.000010 0.620732
0.000010 0.006484 0.000010 0.000010 0.000010 0.318810 0.000010 0.000010 0.674646
0.000010 0.000010 0.000010 0.025617 0.012085 0.269400 0.000010 0.000010 0.692848
0.000010 0.000016 0.006309 0.030129 0.020687 0.261050 0.000010 0.000010 0.681780
0.000010 0.000010 0.010033 0.040804 0.077532 0.256197 0.000010 0.000010 0.615394
0.000010 0.016419 0.000010 0.061545 0.093518 0.335617 0.000010 0.000010 0.492861
0.000010 0.014598 0.011546 0.038689 0.088196 0.296866 0.000010 0.006160 0.543926
0.007906 0.000010 0.000010 0.006094 0.097272 0.270851 0.000011 0.000010 0.617836
0.000010 0.000010 0.000010 0.072964 0.048224 0.540448 0.000010 0.000010 0.338313
0.000010 0.000010 0.000010 0.023096 0.008082 0.338180 0.000010 0.000010 0.630592
0.000010 0.000010 0.000010 0.000010 0.000010 0.286238 0.000010 0.000010 0.713692
0.000010 0.000010 0.000010 0.053101 0.078549 0.324025 0.000010 0.000010 0.544275
0.000010 0.000010 0.000010 0.099504 0.000010 0.329808 0.000010 0.000010 0.570628
0.000010 0.000010 0.000010 0.024979 0.003595 0.410217 0.000010 0.000010 0.561159
0.000010 0.002297 0.000010 0.018796 0.000010 0.262171 0.000010 0.000010 0.716686
0.000010 0.007060 0.000010 0.022688 0.025980 0.249203 0.000010 0.000010 0.695028
0.000010 0.000010 0.007354 0.014120 0.028507 0.152448 0.000010 0.000010 0.797532
0.000010 0.057682 0.000010 0.061424 0.160398 0.312973 0.000010 0.000010 0.407483
0.000010 0.000010 0.000010 0.100728 0.058748 0.206074 0.000010 0.000010 0.634400
0.000010 0.019711 0.008359 0.112208 0.076711 0.154205 0.000010 0.000010 0.628775
0.000010 0.000010 0.000010 0.048796 0.023210 0.149137 0.000010 0.000010 0.778807
0.000010 0.019527 0.001555 0.100100 0.048973 0.216577 0.000010 0.000010 0.613237
0.000010 0.008254 0.000010 0.108252 0.044882 0.175479 0.000010 0.000010 0.663094
0.000010 0.027093 0.006477 0.075238 0.062671 0.193420 0.005326 0.000010 0.629755
0.000010 0.019923 0.010921 0.087980 0.062035 0.173104 0.000010 0.000010 0.646007
0.000010 0.027933 0.013680 0.049347 0.013134 0.121573 0.000010 0.000010 0.774301
0.000010 0.009440 0.000010 0.069951 0.000010 0.241183 0.000010 0.000010 0.679377
0.000010 0.016119 0.013233 0.092768 0.025191 0.200244 0.000010 0.000010 0.652414
0.000010 0.016735 0.008207 0.069171 0.047256 0.189631 0.000012 0.000010 0.668969
0.000010 0.000010 0.000011 0.059771 0.049203 0.286876 0.000010 0.000010 0.604099
0.000010 0.000010 0.007554 0.023914 0.000010 0.262723 0.000010 0.000010 0.705759
0.000010 0.009964 0.010634 0.025206 0.000010 0.541421 0.000010 0.000010 0.412734
0.000010 0.000010 0.000010 0.000010 0.000010 0.130675 0.000010 0.000010 0.869255
0.000010 0.000010 0.003710 0.000010 0.000010 0.054766 0.000010 0.000010 0.941464
0.000010 0.000010 0.027105 0.000010 0.000010 0.436846 0.000010 0.000010 0.535989
0.000010 0.000010 0.011277 0.017250 0.024473 0.605150 0.000010 0.000010 0.341810
0.001220 0.000010 0.000010 0.046236 0.036998 0.317568 0.000010 0.000010 0.597938
0.000063 0.000010 0.023270 0.036040 0.021259 0.263694 0.000010 0.000010 0.655645
0.000010 0.000010 0.000010 0.021752 0.000010 0.427643 0.000010 0.000010 0.550545
0.000010 0.004385 0.002658 0.001742 0.032564 0.419017 0.000010 0.000010 0.539605
0.000010 0.000010 0.000010 0.024115 0.003918 0.437479 0.000010 0.000010 0.534439
0.000010 0.055651 0.001001 0.016667 0.104990 0.394412 0.000010 0.000010 0.427250
0.000010 0.046930 0.000010 0.102498 0.139493 0.321717 0.002505 0.000010 0.386828
0.000010 0.000010 0.000010 0.115783 0.064958 0.348148 0.000010 0.000010 0.471061
0.000010 0.000010 0.000010 0.000010 0.000010 0.216322 0.000010 0.000010 0.783608
0.000010 0.000010 0.000010 0.009495 0.000013 0.206807 0.000010 0.000010 0.783635
0.000010 0.004629 0.000010 0.020974 0.004626 0.163168 0.000010 0.000010 0.806563
0.000010 0.000010 0.000010 0.020754 0.000010 0.143773 0.000010 0.000010 0.835414
0.000010 0.004121 0.000010 0.166699 0.184230 0.278064 0.000010 0.000010 0.366846
0.000010 0.006713 0.006932 0.016658 0.000010 0.385701 0.000210 0.000010 0.583755
0.000010 0.034449 0.000010 0.077472 0.033819 0.154319 0.000010 0.000010 0.699901
0.000010 0.000010 0.009098 0.002858 0.007363 0.131133 0.000010 0.000010 0.849508
0.000010 0.000010 0.000010 0.000010 0.000010 0.176307 0.000010 0.000010 0.823623
0.000076 0.000010 0.000010 0.018209 0.000010 0.221914 0.000010 0.000010 0.759751
0.000010 0.021034 0.000010 0.036584 0.033307 0.439982 0.000010 0.000010 0.469053
0.000014 0.023916 0.000010 0.054562 0.035806 0.408492 0.000010 0.000010 0.477180
0.000010 0.000010 0.000010 0.025222 0.005088 0.395552 0.000010 0.000010 0.574088
0.000010 0.013552 0.000010 0.024409 0.000010 0.374466 0.000010 0.000010 0.587522
0.000010 0.004033 0.017417 0.010901 0.000010 0.000010 0.000010 0.000010 0.967598
0.000010 0.004671 0.001509 0.012890 0.000010 0.000010 0.000010 0.039388 0.941501
