0.619330 0.380610 0.000010 0.000010 0.000010 0.000010 0.000010 0.000010
0.637834 0.362106 0.000010 0.000010 0.000010 0.000010 0.000010 0.000010
0.579551 0.420389 0.000010 0.000010 0.000010 0.000010 0.000010 0.000010
0.629839 0.370101 0.000010 0.000010 0.000010 0.000010 0.000010 0.000010
0.581716 0.418224 0.000010 0.000010 0.000010 0.000010 0.000010 0.000010
0.588125 0.411815 0.000010 0.000010 0.000010 0.000010 0.000010 0.000010
0.642571 0.357365 0.000010 0.000010 0.000010 0.000014 0.000010 0.000010
0.624706 0.375234 0.000010 0.000010 0.000010 0.000010 0.000010 0.000010
0.641656 0.358278 0.000010 0.000010 0.000010 0.000015 0.000010 0.000010
0.591251 0.408689 0.000010 0.000010 0.000010 0.000010 0.000010 0.000010
0.610678 0.389262 0.000010 0.000010 0.000010 0.000010 0.000010 0.000010
0.652086 0.347854 0.000010 0.000010 0.000010 0.000010 0.000010 0.000010
0.579201 0.420739 0.000010 0.000010 0.000010 0.000010 0.000010 0.000010
0.569244 0.430696 0.000010 0.000010 0.000010 0.000010 0.000010 0.000010
0.599758 0.400173 0.000010 0.000010 0.000018 0.000010 0.000010 0.000010
0.612886 0.387054 0.000010 0.000010 0.000010 0.000010 0.000010 0.000010
0.605590 0.394350 0.000010 0.000010 0.000010 0.000010 0.000010 0.000010
0.632431 0.367509 0.000010 0.000010 0.000010 0.000010 0.000010 0.000010
0.588815 0.411125 0.000010 0.000010 0.000010 0.000010 0.000010 0.000010
0.613132 0.386808 0.000010 0.000010 0.000010 0.000010 0.000010 0.000010
0.593580 0.406360 0.000010 0.000010 0.000010 0.000010 0.000010 0.000010
0.605510 0.394430 0.000010 0.000010 0.000010 0.000010 0.000010 0.000010
0.603656 0.396284 0.000010 0.000010 0.000010 0.000010 0.000010 0.000010
0.612421 0.387519 0.000010 0.000010 0.000010 0.000010 0.000010 0.000010
0.582159 0.417781 0.000010 0.000010 0.000010 0.000010 0.000010 0.000010
0.585854 0.414086 0.000010 0.000010 0.000010 0.000010 0.000010 0.000010
0.643442 0.356498 0.000010 0.000010 0.000010 0.000010 0.000010 0.000010
0.665837 0.334102 0.000010 0.000011 0.000010 0.000010 0.000010 0.000010
0.627456 0.372484 0.000010 0.000010 0.000010 0.000010 0.000010 0.000010
0.608252 0.391687 0.000010 0.000010 0.000010 0.000010 0.000010 0.000010
0.667147 0.332789 0.000010 0.000010 0.000010 0.000014 0.000010 0.000010
0.627888 0.372052 0.000010 0.000010 0.000010 0.000010 0.000010 0.000010
0.677367 0.322573 0.000010 0.000010 0.000010 0.000010 0.000010 0.000010
0.651567 0.348373 0.000010 0.000010 0.000010 0.000010 0.000010 0.000010
0.582323 0.417617 0.000010 0.000010 0.000010 0.000010 0.000010 0.000010
0.641732 0.358207 0.000010 0.000010 0.000010 0.000010 0.000011 0.000010
0.647982 0.351958 0.000010 0.000010 0.000010 0.000010 0.000010 0.000010
0.625082 0.374858 0.000010 0.000010 0.000010 0.000010 0.000010 0.000010
0.610086 0.389854 0.000010 0.000010 0.000010 0.000010 0.000010 0.000010
0.590901 0.409031 0.000010 0.000010 0.000010 0.000013 0.000016 0.000010
0.659289 0.340651 0.000010 0.000010 0.000010 0.000010 0.000010 0.000010
0.636995 0.362938 0.000010 0.000010 0.000010 0.000017 0.000010 0.000010
0.656027 0.343913 0.000010 0.000010 0.000010 0.000010 0.000010 0.000010
0.634359 0.365581 0.000010 0.000010 0.000010 0.000010 0.000011 0.000010
0.594623 0.405317 0.000010 0.000010 0.000010 0.000010 0.000010 0.000010
0.631729 0.368211 0.000010 0.000010 0.000010 0.000010 0.000010 0.000010
0.629820 0.370120 0.000010 0.000010 0.000010 0.000010 0.000010 0.000010
0.659319 0.340618 0.000010 0.000010 0.000010 0.000010 0.000013 0.000010
0.612928 0.387011 0.000010 0.000011 0.000010 0.000010 0.000010 0.000010
0.628752 0.371188 0.000010 0.000010 0.000010 0.000010 0.000010 0.000010
0.658524 0.341416 0.000010 0.000010 0.000010 0.000010 0.000010 0.000010
0.611370 0.388570 0.000010 0.000010 0.000010 0.000010 0.000010 0.000010
0.000010 0.994564 0.005376 0.000010 0.000010 0.000010 0.000010 0.000010
0.000010 0.995663 0.004277 0.000010 0.000010 0.000010 0.000010 0.000010
0.107267 0.892673 0.000010 0.000010 0.000010 0.000010 0.000010 0.000010
0.000010 0.999930 0.000010 0.000010 0.000010 0.000010 0.000010 0.000010
0.000010 0.989628 0.005410 0.000010 0.002478 0.002444 0.000010 0.000010
0.000010 0.989979 0.000010 0.000010 0.009961 0.000010 0.000010 0.000010
0.000010 0.997184 0.000010 0.000010 0.002756 0.000010 0.000010 0.000010
0.000010 0.991009 0.006468 0.000010 0.002473 0.000010 0.000010 0.000010
0.209519 0.759896 0.000010 0.000010 0.000010 0.030536 0.000010 0.000010
0.000010 0.992952 0.004815 0.000010 0.002184 0.000010 0.000010 0.000010
0.000010 0.999930 0.000010 0.000010 0.000010 0.000010 0.000010 0.000010
0.000010 0.995370 0.000010 0.000010 0.004570 0.000010 0.000010 0.000010
0.000010 0.999930 0.000010 0.000010 0.000010 0.000010 0.000010 0.000010
0.000010 0.999930 0.000010 0.000010 0.000010 0.000010 0.000010 0.000010
0.000010 0.999930 0.000010 0.000010 0.000010 0.000010 0.000010 0.000010
0.038710 0.957825 0.002890 0.000010 0.000535 0.000010 0.000010 0.000010
0.099213 0.882382 0.000010 0.000010 0.002168 0.016198 0.000010 0.000010
0.667251 0.332688 0.000010 0.000010 0.000010 0.000010 0.000010 0.000010
0.673836 0.326104 0.000010 0.000010 0.000010 0.000010 0.000010 0.000010
0.657714 0.342226 0.000010 0.000010 0.000010 0.000010 0.000010 0.000010
0.622554 0.377386 0.000010 0.000010 0.000010 0.000010 0.000010 0.000010
0.662623 0.337317 0.000010 0.000010 0.000010 0.000010 0.000010 0.000010
0.663300 0.336631 0.000013 0.000016 0.000010 0.000010 0.000010 0.000010
0.640449 0.359491 0.000010 0.000010 0.000010 0.000010 0.000010 0.000010
0.645626 0.354314 0.000010 0.000010 0.000010 0.000010 0.000010 0.000010
0.626292 0.373648 0.000010 0.000010 0.000010 0.000010 0.000010 0.000010
0.669015 0.330925 0.000010 0.000010 0.000010 0.000010 0.000010 0.000010
0.627373 0.372567 0.000010 0.000010 0.000010 0.000010 0.000010 0.000010
0.639393 0.360547 0.000010 0.000010 0.000010 0.000010 0.000010 0.000010
0.675882 0.324046 0.000010 0.000016 0.000010 0.000010 0.000016 0.000010
0.642930 0.357010 0.000010 0.000010 0.000010 0.000010 0.000010 0.000010
0.679904 0.320036 0.000010 0.000010 0.000010 0.000010 0.000010 0.000010
0.654295 0.345645 0.000010 0.000010 0.000010 0.000010 0.000010 0.000010
0.712771 0.287169 0.000010 0.000010 0.000010 0.000010 0.000010 0.000010
0.624892 0.375048 0.000010 0.000010 0.000010 0.000010 0.000010 0.000010
0.640781 0.359159 0.000010 0.000010 0.000010 0.000010 0.000010 0.000010
0.697105 0.302827 0.000010 0.000018 0.000010 0.000010 0.000010 0.000010
0.644048 0.355892 0.000010 0.000010 0.000010 0.000010 0.000010 0.000010
0.645276 0.354664 0.000010 0.000010 0.000010 0.000010 0.000010 0.000010
0.656756 0.343184 0.000010 0.000010 0.000010 0.000010 0.000010 0.000010
0.655407 0.344533 0.000010 0.000010 0.000010 0.000010 0.000010 0.000010
0.662031 0.337909 0.000010 0.000010 0.000010 0.000010 0.000010 0.000010
0.625102 0.374832 0.000010 0.000010 0.000017 0.000010 0.000010 0.000010
0.661417 0.338523 0.000010 0.000010 0.000010 0.000010 0.000010 0.000010
0.639144 0.360796 0.000010 0.000010 0.000010 0.000010 0.000010 0.000010
0.690237 0.309703 0.000010 0.000010 0.000010 0.000010 0.000010 0.000010
0.633447 0.366493 0.000010 0.000010 0.000010 0.000010 0.000010 0.000010
0.619248 0.380692 0.000010 0.000010 0.000010 0.000010 0.000010 0.000010
0.000010 0.999930 0.000010 0.000010 0.000010 0.000010 0.000010 0.000010
0.000010 0.999923 0.000010 0.000010 0.000017 0.000010 0.000010 0.000010
0.042440 0.957500 0.000010 0.000010 0.000010 0.000010 0.000010 0.000010
0.000010 0.999930 0.000010 0.000010 0.000010 0.000010 0.000010 0.000010
0.000010 0.996360 0.000010 0.000010 0.003580 0.000010 0.000010 0.000010
0.000010 0.974326 0.000010 0.000010 0.025614 0.000010 0.000010 0.000010
0.037590 0.962350 0.000010 0.000010 0.000010 0.000010 0.000010 0.000010
0.000010 0.999930 0.000010 0.000010 0.000010 0.000010 0.000010 0.000010
0.045760 0.954180 0.000010 0.000010 0.000010 0.000010 0.000010 0.000010
0.000010 0.999930 0.000010 0.000010 0.000010 0.000010 0.000010 0.000010
0.169527 0.830413 0.000010 0.000010 0.000010 0.000010 0.000010 0.000010
0.000010 0.999930 0.000010 0.000010 0.000010 0.000010 0.000010 0.000010
0.000010 0.999930 0.000010 0.000010 0.000010 0.000010 0.000010 0.000010
0.000010 0.998634 0.000010 0.000010 0.001306 0.000010 0.000010 0.000010
0.000010 0.999930 0.000010 0.000010 0.000010 0.000010 0.000010 0.000010
0.000010 0.999930 0.000010 0.000010 0.000010 0.000010 0.000010 0.000010
0.000010 0.999930 0.000010 0.000010 0.000010 0.000010 0.000010 0.000010
0.000010 0.988132 0.000010 0.000010 0.000010 0.011808 0.000010 0.000010
0.000010 0.998764 0.000010 0.000010 0.000010 0.001176 0.000010 0.000010
0.000010 0.999930 0.000010 0.000010 0.000010 0.000010 0.000010 0.000010
0.077923 0.922017 0.000010 0.000010 0.000010 0.000010 0.000010 0.000010
0.000010 0.989933 0.000010 0.000010 0.010007 0.000010 0.000010 0.000010
0.000010 0.999930 0.000010 0.000010 0.000010 0.000010 0.000010 0.000010
0.008320 0.991620 0.000010 0.000010 0.000010 0.000010 0.000010 0.000010
0.166748 0.833192 0.000010 0.000010 0.000010 0.000010 0.000010 0.000010
0.000010 0.999922 0.000010 0.000010 0.000018 0.000010 0.000010 0.000010
0.000010 0.999156 0.000784 0.000010 0.000010 0.000010 0.000010 0.000010
0.000010 0.999930 0.000010 0.000010 0.000010 0.000010 0.000010 0.000010
0.000010 0.999930 0.000010 0.000010 0.000010 0.000010 0.000010 0.000010
0.042170 0.954022 0.000010 0.000010 0.003758 0.000010 0.000010 0.000010
0.000010 0.991796 0.000308 0.000010 0.007846 0.000010 0.000010 0.000010
0.000010 0.996789 0.000010 0.000010 0.003151 0.000010 0.000010 0.000010
0.000010 0.999930 0.000010 0.000010 0.000010 0.000010 0.000010 0.000010
0.000010 0.999930 0.000010 0.000010 0.000010 0.000010 0.000010 0.000010
0.000010 0.999930 0.000010 0.000010 0.000010 0.000010 0.000010 0.000010
0.000010 0.999930 0.000010 0.000010 0.000010 0.000010 0.000010 0.000010
0.000010 0.999930 0.000010 0.000010 0.000010 0.000010 0.000010 0.000010
0.049791 0.950149 0.000010 0.000010 0.000010 0.000010 0.000010 0.000010
0.025259 0.974681 0.000010 0.000010 0.000010 0.000010 0.000010 0.000010
0.000010 0.999430 0.000510 0.000010 0.000010 0.000010 0.000010 0.000010
0.001902 0.987571 0.000010 0.000010 0.000809 0.009678 0.000010 0.000010
0.058772 0.941168 0.000010 0.000010 0.000010 0.000010 0.000010 0.000010
0.000010 0.999930 0.000010 0.000010 0.000010 0.000010 0.000010 0.000010
0.000010 0.983885 0.000010 0.000010 0.016055 0.000010 0.000010 0.000010
0.095485 0.904455 0.000010 0.000010 0.000010 0.000010 0.000010 0.000010
0.000010 0.999930 0.000010 0.000010 0.000010 0.000010 0.000010 0.000010
0.040893 0.947293 0.000010 0.000010 0.000010 0.011764 0.000010 0.000010
0.178368 0.772629 0.000010 0.000010 0.000010 0.048953 0.000010 0.000010
0.000010 0.999930 0.000010 0.000010 0.000010 0.000010 0.000010 0.000010
0.000010 0.999136 0.000010 0.000010 0.000804 0.000010 0.000010 0.000010
0.271628 0.728312 0.000010 0.000010 0.000010 0.000010 0.000010 0.000010
0.000010 0.999930 0.000010 0.000010 0.000010 0.000010 0.000010 0.000010
0.025598 0.974342 0.000010 0.000010 0.000010 0.000010 0.000010 0.000010
0.000010 0.999930 0.000010 0.000010 0.000010 0.000010 0.000010 0.000010
0.223603 0.775941 0.000010 0.000010 0.000010 0.000405 0.000010 0.000010
0.000010 0.999927 0.000010 0.000010 0.000013 0.000010 0.000010 0.000010
0.000010 0.999930 0.000010 0.000010 0.000010 0.000010 0.000010 0.000010
0.079442 0.920498 0.000010 0.000010 0.000010 0.000010 0.000010 0.000010
0.000010 0.995833 0.000010 0.000010 0.004107 0.000010 0.000010 0.000010
0.007357 0.992583 0.000010 0.000010 0.000010 0.000010 0.000010 0.000010
0.000010 0.998425 0.001515 0.000010 0.000010 0.000010 0.000010 0.000010
0.000010 0.999930 0.000010 0.000010 0.000010 0.000010 0.000010 0.000010
0.000010 0.999930 0.000010 0.000010 0.000010 0.000010 0.000010 0.000010
0.000010 0.992668 0.000010 0.000010 0.000010 0.007272 0.000010 0.000010
0.000010 0.999930 0.000010 0.000010 0.000010 0.000010 0.000010 0.000010
0.000010 0.999109 0.000831 0.000010 0.000010 0.000010 0.000010 0.000010
0.000010 0.999930 0.000010 0.000010 0.000010 0.000010 0.000010 0.000010
0.009314 0.990618 0.000010 0.000010 0.000018 0.000010 0.000010 0.000010
0.000010 0.999930 0.000010 0.000010 0.000010 0.000010 0.000010 0.000010
0.000010 0.999924 0.000016 0.000010 0.000010 0.000010 0.000010 0.000010
0.000010 0.995707 0.004233 0.000010 0.000010 0.000010 0.000010 0.000010
0.000010 0.999930 0.000010 0.000010 0.000010 0.000010 0.000010 0.000010
0.000010 0.991929 0.001973 0.000010 0.006048 0.000010 0.000010 0.000010
0.000010 0.999923 0.000017 0.000010 0.000010 0.000010 0.000010 0.000010
0.025488 0.974452 0.000010 0.000010 0.000010 0.000010 0.000010 0.000010
0.000010 0.999929 0.000010 0.000010 0.000011 0.000010 0.000010 0.000010
0.000010 0.999930 0.000010 0.000010 0.000010 0.000010 0.000010 0.000010
0.184086 0.815854 0.000010 0.000010 0.000010 0.000010 0.000010 0.000010
0.000010 0.999930 0.000010 0.000010 0.000010 0.000010 0.000010 0.000010
0.000010 0.999930 0.000010 0.000010 0.000010 0.000010 0.000010 0.000010
0.000010 0.999930 0.000010 0.000010 0.000010 0.000010 0.000010 0.000010
0.000010 0.999930 0.000010 0.000010 0.000010 0.000010 0.000010 0.000010
0.000010 0.000010 0.000010 0.000010 0.999930 0.000010 0.000010 0.000010
0.000010 0.000010 0.000010 0.000010 0.999930 0.000010 0.000010 0.000010
0.000010 0.000010 0.000010 0.000010 0.999930 0.000010 0.000010 0.000010
0.000010 0.000010 0.000010 0.000010 0.999930 0.000010 0.000010 0.000010
0.000010 0.000010 0.000010 0.000010 0.999930 0.000010 0.000010 0.000010
0.000010 0.000010 0.000010 0.000010 0.999930 0.000010 0.000010 0.000010
0.000010 0.000010 0.000010 0.000010 0.999930 0.000010 0.000010 0.000010
0.000010 0.000010 0.000010 0.000010 0.999930 0.000010 0.000010 0.000010
0.000010 0.000010 0.000010 0.000010 0.999930 0.000010 0.000010 0.000010
0.000010 0.000010 0.000010 0.000010 0.999930 0.000010 0.000010 0.000010
0.000010 0.000010 0.000010 0.000010 0.999930 0.000010 0.000010 0.000010
0.000010 0.000010 0.000010 0.000010 0.999930 0.000010 0.000010 0.000010
0.000010 0.000010 0.000010 0.000010 0.999930 0.000010 0.000010 0.000010
0.000010 0.000010 0.000010 0.000010 0.999930 0.000010 0.000010 0.000010
0.000010 0.000010 0.000010 0.000010 0.999930 0.000010 0.000010 0.000010
0.000010 0.000010 0.000010 0.000010 0.999930 0.000010 0.000010 0.000010
0.000010 0.000010 0.000010 0.000010 0.999930 0.000010 0.000010 0.000010
0.000010 0.000010 0.000010 0.000010 0.999930 0.000010 0.000010 0.000010
0.000010 0.000010 0.000010 0.000010 0.999930 0.000010 0.000010 0.000010
0.000010 0.000010 0.000010 0.000010 0.999930 0.000010 0.000010 0.000010
0.000010 0.000010 0.000010 0.000010 0.999930 0.000010 0.000010 0.000010
0.000010 0.000010 0.000010 0.000010 0.999930 0.000010 0.000010 0.000010
0.000010 0.000010 0.000010 0.000010 0.999930 0.000010 0.000010 0.000010
0.000010 0.000010 0.000010 0.000010 0.999930 0.000010 0.000010 0.000010
0.000010 0.000010 0.000010 0.000010 0.999930 0.000010 0.000010 0.000010
0.000010 0.000010 0.000010 0.000010 0.999930 0.000010 0.000010 0.000010
0.000010 0.000010 0.000010 0.000010 0.999930 0.000010 0.000010 0.000010
0.000010 0.000010 0.000010 0.000010 0.999930 0.000010 0.000010 0.000010
0.000010 0.000010 0.000010 0.000010 0.999930 0.000010 0.000010 0.000010
0.000010 0.000010 0.000010 0.000010 0.999930 0.000010 0.000010 0.000010
0.000010 0.000010 0.000010 0.000010 0.999930 0.000010 0.000010 0.000010
0.000010 0.000010 0.000010 0.000010 0.999930 0.000010 0.000010 0.000010
0.000010 0.000010 0.000010 0.000010 0.999930 0.000010 0.000010 0.000010
0.000010 0.000010 0.000010 0.000010 0.999930 0.000010 0.000010 0.000010
0.000010 0.000010 0.000010 0.000010 0.999930 0.000010 0.000010 0.000010
0.000010 0.000010 0.000010 0.000010 0.999930 0.000010 0.000010 0.000010
0.000010 0.000010 0.000010 0.000010 0.999930 0.000010 0.000010 0.000010
0.000010 0.000010 0.000010 0.000010 0.999930 0.000010 0.000010 0.000010
0.000010 0.000010 0.000010 0.000010 0.999930 0.000010 0.000010 0.000010
0.000010 0.000010 0.000010 0.000010 0.999930 0.000010 0.000010 0.000010
0.000010 0.000010 0.000010 0.000010 0.999930 0.000010 0.000010 0.000010
0.757779 0.000010 0.166200 0.013946 0.000019 0.000010 0.062027 0.000010
0.613255 0.000010 0.211026 0.032205 0.000010 0.000010 0.100852 0.042632
0.795889 0.000010 0.122665 0.000010 0.000010 0.007360 0.030796 0.043260
0.000010 0.000010 0.000010 0.000010 0.999930 0.000010 0.000010 0.000010
0.000010 0.000010 0.000010 0.000010 0.999930 0.000010 0.000010 0.000010
0.000010 0.000010 0.000010 0.000010 0.999930 0.000010 0.000010 0.000010
0.000010 0.000010 0.000010 0.000010 0.999930 0.000010 0.000010 0.000010
0.000010 0.000010 0.000010 0.000010 0.999930 0.000010 0.000010 0.000010
0.000010 0.000010 0.000010 0.000010 0.999930 0.000010 0.000010 0.000010
0.000010 0.000010 0.000010 0.000010 0.999930 0.000010 0.000010 0.000010
0.000010 0.000010 0.000010 0.000010 0.999930 0.000010 0.000010 0.000010
0.000010 0.000010 0.000010 0.000010 0.999930 0.000010 0.000010 0.000010
0.000010 0.000010 0.000010 0.000010 0.999930 0.000010 0.000010 0.000010
0.006177 0.000010 0.019366 0.000010 0.974407 0.000010 0.000010 0.000010
0.000010 0.000010 0.000010 0.000010 0.999930 0.000010 0.000010 0.000010
0.000010 0.000010 0.000010 0.000010 0.999930 0.000010 0.000010 0.000010
0.000010 0.000010 0.000010 0.000010 0.999930 0.000010 0.000010 0.000010
0.000010 0.000010 0.000010 0.000010 0.999930 0.000010 0.000010 0.000010
0.000010 0.000010 0.000010 0.000010 0.999930 0.000010 0.000010 0.000010
0.000010 0.000010 0.000010 0.000010 0.999930 0.000010 0.000010 0.000010
0.000010 0.000010 0.000010 0.000010 0.999930 0.000010 0.000010 0.000010
0.000010 0.000010 0.000010 0.000010 0.999930 0.000010 0.000010 0.000010
0.000010 0.000010 0.000010 0.000010 0.999930 0.000010 0.000010 0.000010
0.000010 0.000010 0.000010 0.000010 0.999930 0.000010 0.000010 0.000010
0.000010 0.000010 0.000010 0.000010 0.999930 0.000010 0.000010 0.000010
0.000010 0.000010 0.000010 0.000010 0.999930 0.000010 0.000010 0.000010
0.000010 0.000010 0.000010 0.000010 0.999930 0.000010 0.000010 0.000010
0.015450 0.006021 0.000010 0.030384 0.948105 0.000010 0.000010 0.000010
0.000010 0.000010 0.000010 0.000010 0.999930 0.000010 0.000010 0.000010
0.000010 0.000010 0.000010 0.000010 0.999930 0.000010 0.000010 0.000010
0.000010 0.000010 0.000010 0.000010 0.999930 0.000010 0.000010 0.000010
0.000010 0.000010 0.000010 0.000010 0.999930 0.000010 0.000010 0.000010
0.000010 0.000010 0.000010 0.000010 0.999930 0.000010 0.000010 0.000010
0.000010 0.000010 0.000010 0.000010 0.999930 0.000010 0.000010 0.000010
0.000010 0.000010 0.000010 0.000010 0.999930 0.000010 0.000010 0.000010
0.000010 0.000010 0.000010 0.000010 0.999930 0.000010 0.000010 0.000010
0.712377 0.000010 0.139784 0.041251 0.000010 0.000013 0.106545 0.000010
0.671233 0.000010 0.158761 0.052989 0.000010 0.006273 0.091737 0.018987
0.798049 0.000010 0.130457 0.026449 0.000010 0.005549 0.039466 0.000010
0.745499 0.000010 0.171385 0.042671 0.000010 0.010725 0.029690 0.000010
0.000010 0.000010 0.000010 0.000010 0.999930 0.000010 0.000010 0.000010
0.000010 0.000010 0.000010 0.000010 0.999930 0.000010 0.000010 0.000010
0.000010 0.000010 0.000010 0.000010 0.999930 0.000010 0.000010 0.000010
0.000010 0.000010 0.000010 0.000010 0.999930 0.000010 0.000010 0.000010
0.000010 0.000010 0.000010 0.000010 0.999930 0.000010 0.000010 0.000010
0.000010 0.000010 0.000010 0.000010 0.999930 0.000010 0.000010 0.000010
0.000010 0.000010 0.000010 0.000010 0.999930 0.000010 0.000010 0.000010
0.000010 0.000010 0.000010 0.000010 0.999930 0.000010 0.000010 0.000010
0.000010 0.000010 0.000010 0.000010 0.999930 0.000010 0.000010 0.000010
0.000010 0.000010 0.000010 0.000010 0.999930 0.000010 0.000010 0.000010
0.000010 0.000010 0.000010 0.000010 0.999930 0.000010 0.000010 0.000010
0.000010 0.000010 0.000010 0.000010 0.999930 0.000010 0.000010 0.000010
0.000010 0.000010 0.000010 0.000010 0.999930 0.000010 0.000010 0.000010
0.000010 0.000010 0.000010 0.000010 0.999930 0.000010 0.000010 0.000010
0.000010 0.000010 0.000010 0.000010 0.999930 0.000010 0.000010 0.000010
0.000010 0.000010 0.000010 0.000010 0.999930 0.000010 0.000010 0.000010
0.000010 0.000010 0.000010 0.000010 0.999930 0.000010 0.000010 0.000010
0.000010 0.000010 0.000010 0.000010 0.999930 0.000010 0.000010 0.000010
0.000010 0.000010 0.000010 0.000010 0.999930 0.000010 0.000010 0.000010
0.000010 0.000010 0.000010 0.000010 0.999930 0.000010 0.000010 0.000010
0.000010 0.000010 0.000010 0.000010 0.999930 0.000010 0.000010 0.000010
0.000010 0.000010 0.000010 0.000010 0.999930 0.000010 0.000010 0.000010
0.000010 0.000010 0.000010 0.000010 0.999930 0.000010 0.000010 0.000010
0.000010 0.000010 0.000010 0.000010 0.999930 0.000010 0.000010 0.000010
0.000010 0.000010 0.000010 0.000010 0.999930 0.000010 0.000010 0.000010
0.000010 0.000010 0.000010 0.000010 0.999930 0.000010 0.000010 0.000010
0.897710 0.000010 0.088407 0.000010 0.000010 0.000010 0.012315 0.001529
0.812087 0.000010 0.136884 0.000010 0.004095 0.001649 0.038708 0.006557
0.677708 0.000010 0.222574 0.041981 0.000010 0.000010 0.055341 0.002366
0.833398 0.000010 0.115629 0.018711 0.000010 0.000010 0.028355 0.003877
0.807760 0.000010 0.121433 0.019596 0.000010 0.000010 0.051171 0.000010
0.778960 0.117139 0.057975 0.027006 0.000010 0.000010 0.018890 0.000010
0.727058 0.000010 0.158861 0.037637 0.000016 0.000010 0.058263 0.018144
0.885317 0.000010 0.065087 0.003672 0.000010 0.000443 0.045451 0.000010
0.674747 0.000010 0.240808 0.056828 0.000010 0.000010 0.027577 0.000010
0.000010 0.000010 0.000010 0.000010 0.999930 0.000010 0.000010 0.000010
0.000010 0.000010 0.000010 0.000010 0.999930 0.000010 0.000010 0.000010
0.000010 0.000010 0.000010 0.000010 0.999930 0.000010 0.000010 0.000010
0.000010 0.000010 0.000010 0.000010 0.999930 0.000010 0.000010 0.000010
0.000010 0.000010 0.000010 0.000010 0.990250 0.009690 0.000010 0.000010
0.000010 0.000010 0.000010 0.000010 0.999930 0.000010 0.000010 0.000010
0.000010 0.000010 0.000010 0.000010 0.999930 0.000010 0.000010 0.000010
0.000010 0.000010 0.000010 0.000010 0.999930 0.000010 0.000010 0.000010
0.000010 0.000010 0.000010 0.000010 0.999930 0.000010 0.000010 0.000010
0.000010 0.000010 0.000010 0.000010 0.999930 0.000010 0.000010 0.000010
0.000010 0.000010 0.000010 0.000010 0.999930 0.000010 0.000010 0.000010
0.000010 0.000010 0.000010 0.000010 0.999930 0.000010 0.000010 0.000010
0.000010 0.000010 0.000010 0.000010 0.999930 0.000010 0.000010 0.000010
0.000010 0.000010 0.000010 0.000010 0.999930 0.000010 0.000010 0.000010
0.819874 0.000010 0.104387 0.047966 0.000010 0.000010 0.027734 0.000010
0.737165 0.000010 0.152589 0.028579 0.000010 0.000010 0.063269 0.018367
0.634602 0.000010 0.138866 0.106334 0.000010 0.000010 0.059218 0.060950
0.583149 0.000010 0.207206 0.056846 0.000010 0.000010 0.094589 0.058181
0.587039 0.000010 0.187475 0.122458 0.000010 0.008871 0.058292 0.035845
0.765504 0.000010 0.181550 0.005751 0.000010 0.000010 0.035085 0.012080
0.762155 0.000010 0.117382 0.041174 0.000010 0.000010 0.059261 0.019997
0.708499 0.000010 0.163056 0.069114 0.000010 0.003131 0.056170 0.000010
0.788258 0.000010 0.124265 0.012996 0.000010 0.000010 0.055569 0.018883
0.784907 0.000010 0.151211 0.000010 0.000010 0.000010 0.063831 0.000010
0.496718 0.000010 0.140389 0.208757 0.000010 0.019064 0.091806 0.043246
0.705378 0.000010 0.123882 0.071849 0.000010 0.000010 0.076430 0.022432
0.787602 0.000010 0.149124 0.003674 0.000010 0.000010 0.036816 0.022755
0.764211 0.000010 0.158218 0.000010 0.000010 0.000787 0.062677 0.014078
0.752291 0.000010 0.171838 0.007247 0.000010 0.000010 0.059995 0.008599
0.789789 0.000010 0.166467 0.000010 0.000010 0.000010 0.043694 0.000010
0.774574 0.000010 0.152121 0.001940 0.000010 0.000010 0.055748 0.015587
0.762648 0.000010 0.166901 0.020966 0.000010 0.000010 0.018798 0.030657
0.854312 0.000010 0.061337 0.034856 0.000010 0.000010 0.034308 0.015156
0.607685 0.000010 0.195060 0.055566 0.000010 0.002059 0.094049 0.045562
0.701039 0.000010 0.139571 0.035965 0.000010 0.002296 0.094083 0.027026
0.691565 0.000010 0.227435 0.056266 0.000010 0.000010 0.011637 0.013067
0.622404 0.000010 0.179587 0.113802 0.000010 0.000010 0.064829 0.019348
0.739818 0.000010 0.173174 0.031274 0.000010 0.000010 0.053453 0.002251
0.740255 0.000010 0.130490 0.031442 0.000010 0.007386 0.079647 0.010761
0.676188 0.000010 0.198619 0.048547 0.000010 0.000010 0.031798 0.044818
0.696613 0.000010 0.125079 0.050754 0.000903 0.003585 0.076281 0.046775
0.697644 0.000010 0.156964 0.067605 0.000010 0.003238 0.026790 0.047738
0.610285 0.000010 0.130593 0.093503 0.000010 0.004670 0.111857 0.049073
0.736222 0.000010 0.137740 0.057772 0.000010 0.000010 0.068226 0.000010
0.750723 0.000010 0.141801 0.047215 0.000010 0.000010 0.033886 0.026345
0.743232 0.000010 0.170567 0.000010 0.000010 0.000010 0.072142 0.014018
0.764286 0.000010 0.147741 0.018063 0.000010 0.000010 0.065540 0.004339
0.681310 0.000010 0.177865 0.070656 0.000010 0.000010 0.051571 0.018569
0.693254 0.000010 0.143486 0.038673 0.000010 0.000010 0.107722 0.016835
0.785586 0.000010 0.129031 0.022092 0.007198 0.006384 0.049689 0.000010
0.817273 0.010577 0.089299 0.005428 0.002584 0.007513 0.056449 0.010877
0.647615 0.000010 0.129297 0.109628 0.000010 0.000010 0.065972 0.047457
0.279648 0.000010 0.075032 0.333641 0.000010 0.000010 0.271910 0.039740
0.717704 0.000010 0.150815 0.001158 0.000010 0.003862 0.079685 0.046756
0.726079 0.000010 0.165563 0.048954 0.000010 0.000010 0.059363 0.000010
0.914390 0.000010 0.082339 0.000010 0.000010 0.000010 0.003221 0.000010
0.688197 0.000010 0.310302 0.000010 0.001451 0.000010 0.000010 0.000010
0.811639 0.000010 0.120687 0.048534 0.019101 0.000010 0.000010 0.000010
0.616458 0.000010 0.323841 0.000010 0.000010 0.021616 0.027296 0.010760
0.690461 0.000010 0.249348 0.039484 0.000010 0.000010 0.009193 0.011485
0.553315 0.000010 0.316222 0.048654 0.000010 0.000010 0.081064 0.000716
0.606521 0.000010 0.284758 0.001867 0.000010 0.018942 0.049036 0.038856
0.681727 0.000010 0.269552 0.037042 0.000010 0.000010 0.011639 0.000010
0.659910 0.000010 0.286826 0.017430 0.000010 0.004287 0.031518 0.000010
0.801288 0.000010 0.173867 0.000010 0.000010 0.010664 0.011374 0.002778
0.635194 0.000010 0.247227 0.006774 0.000010 0.004200 0.106575 0.000010
0.614172 0.000010 0.298165 0.018643 0.000010 0.000010 0.053899 0.015092
0.599806 0.000010 0.387017 0.000010 0.000010 0.000020 0.013117 0.000010
0.508358 0.000010 0.324316 0.083864 0.000010 0.000010 0.069539 0.013893
0.659043 0.000010 0.308524 0.000010 0.000010 0.000010 0.027788 0.004605
0.422832 0.000010 0.387373 0.092281 0.000010 0.009359 0.088125 0.000010
0.674342 0.000010 0.277335 0.000010 0.000010 0.000010 0.042406 0.005877
0.428240 0.000010 0.472179 0.056192 0.000010 0.006165 0.005102 0.032102
0.637426 0.000010 0.182323 0.058583 0.000010 0.000010 0.056423 0.065215
0.724428 0.000010 0.170504 0.000046 0.000010 0.011293 0.057978 0.035731
0.781461 0.000010 0.130229 0.000369 0.000010 0.000010 0.061394 0.026517
0.621739 0.000010 0.152836 0.055303 0.000010 0.000010 0.094091 0.076001
0.867323 0.000010 0.072387 0.000010 0.000010 0.037371 0.022880 0.000010
0.717305 0.000010 0.168459 0.023432 0.000010 0.000010 0.075108 0.015666
0.667423 0.000010 0.155425 0.099521 0.000010 0.000010 0.043299 0.034302
0.879981 0.000010 0.062888 0.003780 0.000010 0.000010 0.028514 0.024807
0.819846 0.000010 0.127025 0.030591 0.000010 0.000010 0.022498 0.000010
0.749663 0.000010 0.169538 0.040170 0.000010 0.000010 0.040029 0.000570
0.717251 0.000010 0.216730 0.014204 0.000010 0.000010 0.045675 0.006110
0.702849 0.000010 0.166343 0.021875 0.000010 0.000010 0.108893 0.000010
0.712260 0.000010 0.174522 0.029381 0.000010 0.000010 0.056942 0.026864
0.557212 0.000010 0.268005 0.088074 0.000010 0.000010 0.067280 0.019400
0.560405 0.000010 0.238432 0.036189 0.000010 0.000010 0.113876 0.051069
0.615702 0.000010 0.236310 0.058920 0.000010 0.000010 0.054339 0.034699
0.691466 0.000010 0.223718 0.012158 0.000010 0.000010 0.072617 0.000010
0.782276 0.000010 0.159590 0.007748 0.000010 0.000010 0.041568 0.008789
0.660732 0.000010 0.160616 0.069282 0.000010 0.000010 0.076766 0.032574
0.853372 0.000010 0.104268 0.000010 0.000010 0.004480 0.037840 0.000010
0.745993 0.000010 0.146967 0.045468 0.000010 0.016515 0.044532 0.000505
0.758542 0.000010 0.130749 0.028013 0.000010 0.000010 0.074657 0.008010
0.227153 0.000014 0.080814 0.344123 0.000010 0.000010 0.126482 0.221394
0.411663 0.000010 0.066655 0.226070 0.000010 0.022403 0.142827 0.130362
0.624275 0.000010 0.187064 0.109506 0.000010 0.000010 0.068549 0.010575
0.765418 0.000010 0.115241 0.028004 0.000010 0.006102 0.029940 0.055274
0.592375 0.000010 0.334513 0.018284 0.000010 0.000010 0.038089 0.016708
0.692722 0.000010 0.291331 0.010077 0.005830 0.000010 0.000010 0.000010
0.714214 0.000010 0.244860 0.032513 0.000010 0.000010 0.008373 0.000010
0.528143 0.000010 0.301747 0.057596 0.000010 0.004787 0.087967 0.019742
0.807608 0.000010 0.192332 0.000010 0.000010 0.000010 0.000010 0.000010
0.678794 0.000010 0.321146 0.000010 0.000010 0.000010 0.000010 0.000010
0.831714 0.000010 0.147834 0.000010 0.001935 0.000010 0.006787 0.011700
0.533703 0.000010 0.329726 0.057022 0.000010 0.000010 0.041743 0.037777
0.651967 0.000010 0.281094 0.014984 0.000010 0.000010 0.051915 0.000010
0.659357 0.000010 0.268030 0.000010 0.000010 0.003613 0.064323 0.004647
0.485098 0.000010 0.327315 0.105578 0.000010 0.015205 0.050054 0.016730
0.952229 0.000010 0.047711 0.000010 0.000010 0.000010 0.000010 0.000010
0.608555 0.000010 0.389860 0.000010 0.000010 0.001535 0.000010 0.000010
0.701443 0.000010 0.292191 0.000010 0.000010 0.000010 0.006316 0.000010
0.705480 0.000010 0.274341 0.000010 0.000010 0.000010 0.020129 0.000010
0.702635 0.000010 0.240189 0.025060 0.000010 0.000010 0.029151 0.002934
0.616123 0.000010 0.144802 0.136035 0.000010 0.000010 0.060876 0.042133
0.689487 0.000010 0.202200 0.006897 0.000010 0.005068 0.090007 0.006321
0.682976 0.000010 0.195907 0.022994 0.000786 0.018070 0.063886 0.015370
0.647299 0.000010 0.198310 0.032991 0.000010 0.007349 0.092987 0.021045
0.605502 0.000010 0.164615 0.076744 0.000010 0.000010 0.088030 0.065080
0.815984 0.000010 0.095291 0.053509 0.005335 0.001762 0.028098 0.000010
0.737791 0.000010 0.138677 0.055401 0.000010 0.000010 0.068091 0.000010
0.720586 0.000010 0.168964 0.058506 0.000010 0.003663 0.048252 0.000010
0.779529 0.000010 0.099922 0.052147 0.000010 0.000010 0.068362 0.000010
0.693547 0.000010 0.202728 0.000010 0.003493 0.000010 0.096008 0.004194
0.651567 0.348368 0.000015 0.000010 0.000010 0.000010 0.000010 0.000010
0.354821 0.010130 0.616187 0.000010 0.000010 0.018822 0.000010 0.000010
0.405280 0.007377 0.239372 0.227049 0.000010 0.000010 0.100023 0.020879
0.544107 0.000010 0.436073 0.000010 0.000010 0.000010 0.019770 0.000010
0.701967 0.000010 0.247637 0.000010 0.000010 0.000010 0.050346 0.000010
0.539911 0.000010 0.414330 0.000010 0.000010 0.012383 0.021012 0.012334
0.509298 0.000010 0.421540 0.033856 0.000010 0.000010 0.035266 0.000010
0.684577 0.000010 0.315363 0.000010 0.000010 0.000010 0.000010 0.000010
0.770427 0.000010 0.207596 0.000010 0.000010 0.000010 0.013212 0.008726
0.808393 0.000010 0.181703 0.000010 0.000010 0.000010 0.000010 0.009855
0.620901 0.000010 0.327669 0.016325 0.000010 0.000010 0.035064 0.000010
0.674757 0.000010 0.318488 0.000010 0.000010 0.000010 0.000010 0.006705
0.692992 0.000010 0.269165 0.012204 0.000010 0.000010 0.025599 0.000010
0.682001 0.000010 0.260832 0.020711 0.000010 0.006172 0.030034 0.000229
0.615635 0.000010 0.256047 0.077695 0.000010 0.009863 0.040730 0.000010
0.493068 0.000010 0.335306 0.093345 0.000010 0.000010 0.061652 0.016598
0.544126 0.006215 0.296609 0.088408 0.000010 0.011473 0.038709 0.014450
0.617929 0.000010 0.270313 0.097382 0.008300 0.000010 0.006047 0.000010
0.338646 0.000010 0.539996 0.048338 0.000010 0.000010 0.072979 0.000010
0.630789 0.000010 0.337854 0.008155 0.000010 0.000010 0.023162 0.000010
0.713894 0.000010 0.286046 0.000010 0.000010 0.000010 0.000010 0.000010
0.544459 0.000010 0.323764 0.078651 0.000010 0.000010 0.053087 0.000010
0.570847 0.000010 0.329474 0.000010 0.000010 0.000010 0.099629 0.000010
0.561355 0.000010 0.409812 0.004194 0.000010 0.000010 0.024600 0.000010
0.716819 0.000010 0.261883 0.000010 0.000010 0.000010 0.018898 0.002359
0.695136 0.000010 0.249019 0.026033 0.000010 0.000010 0.022676 0.007106
0.797647 0.000010 0.152305 0.028557 0.000010 0.007330 0.014130 0.000010
0.407658 0.000010 0.312739 0.160539 0.000010 0.000010 0.061280 0.057754
0.634582 0.000010 0.205825 0.058970 0.000010 0.000010 0.100583 0.000010
0.628840 0.000010 0.154094 0.076392 0.000010 0.008337 0.112250 0.020067
0.778837 0.000010 0.149071 0.023285 0.000010 0.000010 0.048768 0.000010
0.613491 0.000010 0.216347 0.048074 0.000010 0.001378 0.100327 0.020363
0.663254 0.000010 0.175225 0.044319 0.000010 0.000010 0.108264 0.008908
0.629934 0.000010 0.193480 0.062572 0.005308 0.006187 0.075377 0.027133
0.646019 0.000010 0.173166 0.062325 0.000010 0.010815 0.087869 0.019786
0.774333 0.000010 0.121414 0.013459 0.000010 0.013809 0.049386 0.027579
0.679641 0.000010 0.240837 0.000010 0.000010 0.000010 0.070246 0.009237
0.652613 0.000010 0.199969 0.025418 0.000010 0.013256 0.092795 0.015928
0.669074 0.000010 0.189494 0.046986 0.000010 0.008159 0.069313 0.016953
0.604268 0.000010 0.286609 0.049404 0.000010 0.000010 0.059678 0.000010
0.705904 0.000010 0.262425 0.000010 0.000010 0.007596 0.024035 0.000010
0.413211 0.000010 0.540954 0.000010 0.000010 0.010367 0.025734 0.009704
0.869367 0.000010 0.130573 0.000010 0.000010 0.000010 0.000010 0.000010
0.941498 0.000010 0.054661 0.000010 0.000010 0.003791 0.000010 0.000010
0.536283 0.000010 0.436550 0.000010 0.000010 0.027118 0.000010 0.000010
0.342369 0.000010 0.604580 0.024566 0.000010 0.010957 0.017499 0.000010
0.598473 0.000010 0.317814 0.037313 0.000251 0.000010 0.046118 0.000010
0.655804 0.000010 0.263465 0.021314 0.000010 0.023293 0.036094 0.000010
0.550706 0.000010 0.427214 0.000010 0.000010 0.000010 0.022030 0.000010
0.539976 0.000010 0.418771 0.033091 0.000010 0.002372 0.001854 0.003915
0.534707 0.000010 0.437067 0.004027 0.000010 0.000010 0.024159 0.000010
0.427685 0.000010 0.394147 0.105494 0.000010 0.000765 0.016761 0.055128
0.387847 0.000010 0.322813 0.139377 0.000010 0.000010 0.102626 0.047307
0.471266 0.000010 0.347861 0.065008 0.000010 0.000010 0.115825 0.000010
0.786200 0.000010 0.213701 0.000010 0.000010 0.000010 0.000010 0.000049
0.783733 0.000010 0.206561 0.000010 0.000010 0.000010 0.009656 0.000010
0.806841 0.000011 0.162834 0.004906 0.000010 0.000010 0.020882 0.004506
0.835569 0.000010 0.143557 0.000010 0.000010 0.000010 0.020824 0.000010
0.367067 0.000010 0.277774 0.184208 0.000010 0.000010 0.166619 0.004301
0.584020 0.000010 0.385466 0.000010 0.000010 0.006880 0.016815 0.006789
0.699978 0.000010 0.154231 0.034092 0.000010 0.000010 0.077445 0.034224
0.849564 0.000010 0.130940 0.007494 0.000010 0.009198 0.002774 0.000010
0.823782 0.000010 0.176158 0.000010 0.000010 0.000010 0.000010 0.000010
0.759861 0.000010 0.221780 0.000010 0.000010 0.000010 0.018309 0.000010
0.469359 0.000010 0.439537 0.033496 0.000010 0.000010 0.036438 0.021140
0.477401 0.000010 0.408158 0.035806 0.000010 0.000010 0.054611 0.023994
0.574279 0.000010 0.395163 0.005688 0.000010 0.000010 0.024830 0.000010
0.587726 0.000010 0.374119 0.000010 0.000010 0.000010 0.024583 0.013531
0.967526 0.000010 0.000010 0.000010 0.000010 0.017489 0.010781 0.004163
0.941391 0.039454 0.000010 0.000010 0.000010 0.001562 0.012907 0.004655
0.999930 0.000010 0.000010 0.000010 0.000010 0.000010 0.000010 0.000010
0.989896 0.000010 0.007535 0.000010 0.002519 0.000010 0.000010 0.000010
0.983245 0.000010 0.000010 0.000010 0.000010 0.013616 0.000010 0.003089
0.988117 0.000010 0.001773 0.000010 0.000010 0.008391 0.000010 0.001679
0.997806 0.000010 0.000010 0.000010 0.000010 0.000010 0.002134 0.000010
0.999930 0.000010 0.000010 0.000010 0.000010 0.000010 0.000010 0.000010
0.984031 0.015909 0.000010 0.000010 0.000010 0.000010 0.000010 0.000010
0.949473 0.050467 0.000010 0.000010 0.000010 0.000010 0.000010 0.000010
0.999930 0.000010 0.000010 0.000010 0.000010 0.000010 0.000010 0.000010
0.997259 0.002681 0.000010 0.000010 0.000010 0.000010 0.000010 0.000010
0.990637 0.009303 0.000010 0.000010 0.000010 0.000010 0.000010 0.000010
0.968262 0.031678 0.000010 0.000010 0.000010 0.000010 0.000010 0.000010
0.957276 0.042662 0.000010 0.000010 0.000010 0.000010 0.000012 0.000010
0.947835 0.052105 0.000010 0.000010 0.000010 0.000010 0.000010 0.000010
0.999929 0.000010 0.000010 0.000010 0.000011 0.000010 0.000010 0.000010
0.990214 0.000010 0.000010 0.000010 0.000010 0.000010 0.009726 0.000010
0.968407 0.000010 0.000010 0.000010 0.000010 0.006965 0.014793 0.009795
0.978067 0.009618 0.000010 0.000010 0.000010 0.000010 0.012265 0.000010
0.954109 0.027124 0.000010 0.000010 0.002694 0.000010 0.016033 0.000010
0.984186 0.007898 0.000010 0.000010 0.000010 0.000013 0.007863 0.000010
0.942973 0.056967 0.000010 0.000010 0.000010 0.000010 0.000010 0.000010
0.974427 0.025513 0.000010 0.000010 0.000010 0.000010 0.000010 0.000010
0.697493 0.000010 0.244694 0.017616 0.000010 0.000010 0.040157 0.000010
0.363499 0.000010 0.252243 0.215365 0.000010 0.000010 0.112775 0.056088
0.391118 0.000010 0.355017 0.144453 0.000010 0.024116 0.065547 0.019730
0.270218 0.000010 0.729722 0.000010 0.000010 0.000010 0.000010 0.000010
0.477103 0.000308 0.501480 0.000010 0.000010 0.021069 0.000010 0.000010
0.289917 0.000010 0.710023 0.000010 0.000010 0.000010 0.000010 0.000010
0.000010 0.000010 0.999930 0.000010 0.000010 0.000010 0.000010 0.000010
0.473569 0.000010 0.470666 0.025388 0.000010 0.000010 0.021876 0.008471
0.348563 0.000017 0.651370 0.000010 0.000010 0.000010 0.000010 0.000010
0.122223 0.080504 0.000743 0.000010 0.000010 0.796490 0.000010 0.000010
0.159746 0.061430 0.005528 0.000010 0.000010 0.773256 0.000010 0.000010
0.175880 0.052252 0.002557 0.000010 0.000010 0.769271 0.000010 0.000010
0.256124 0.022028 0.000010 0.000010 0.000010 0.721798 0.000010 0.000010
0.000010 0.000010 0.000010 0.000010 0.989068 0.010872 0.000010 0.000010
0.000010 0.000010 0.000010 0.000010 0.965124 0.034816 0.000010 0.000010
0.000010 0.000010 0.000011 0.000010 0.982442 0.017498 0.000010 0.000010
0.000010 0.000010 0.000010 0.000010 0.977138 0.022802 0.000010 0.000010
0.000010 0.000010 0.000010 0.000010 0.974061 0.025879 0.000010 0.000010
0.000010 0.000010 0.000010 0.000010 0.989729 0.010211 0.000010 0.000010
0.975688 0.003592 0.008256 0.000010 0.000010 0.003528 0.008907 0.000010
0.952848 0.039030 0.000010 0.000010 0.000506 0.000010 0.007576 0.000010
0.973694 0.026246 0.000010 0.000010 0.000010 0.000010 0.000010 0.000010
0.990373 0.009567 0.000010 0.000010 0.000010 0.000010 0.000010 0.000010
0.987245 0.000010 0.000010 0.000010 0.000010 0.012695 0.000010 0.000010
0.994041 0.000010 0.000010 0.000010 0.000010 0.000010 0.005899 0.000010
0.997175 0.000010 0.000010 0.000010 0.000010 0.000010 0.002765 0.000010
0.970004 0.016794 0.000010 0.000010 0.000010 0.000010 0.013151 0.000010
0.980030 0.009083 0.000010 0.000010 0.000010 0.010837 0.000010 0.000010
0.951000 0.046520 0.000010 0.000010 0.000010 0.002430 0.000010 0.000010
0.993994 0.003647 0.000010 0.000010 0.002299 0.000019 0.000010 0.000010
0.975602 0.000010 0.021967 0.000010 0.000010 0.002382 0.000010 0.000010
0.993133 0.000010 0.000010 0.000010 0.000010 0.006807 0.000010 0.000010
0.986122 0.000010 0.000018 0.000010 0.000010 0.000010 0.007883 0.005937
0.996553 0.000010 0.000013 0.000010 0.000010 0.000740 0.000010 0.002654
0.978185 0.000010 0.000010 0.000010 0.006893 0.000013 0.014870 0.000010
0.960081 0.034629 0.003303 0.000010 0.000010 0.001947 0.000010 0.000010
0.966976 0.000010 0.000010 0.000010 0.002992 0.021660 0.000010 0.008333
0.938401 0.000010 0.000862 0.000010 0.004427 0.009276 0.040386 0.006628
0.954302 0.000010 0.000010 0.000010 0.000010 0.017126 0.014456 0.014077
0.993819 0.000010 0.006121 0.000010 0.000010 0.000010 0.000010 0.000010
