0.002968 0.997012 0.000010 0.000010
0.015005 0.984975 0.000010 0.000010
0.003824 0.996156 0.000010 0.000010
0.000010 0.999970 0.000010 0.000010
0.000010 0.999970 0.000010 0.000010
0.000010 0.999970 0.000010 0.000010
0.000010 0.999970 0.000010 0.000010
0.000010 0.999970 0.000010 0.000010
0.017291 0.982689 0.000010 0.000010
0.006630 0.993350 0.000010 0.000010
0.003635 0.996345 0.000010 0.000010
0.000010 0.999970 0.000010 0.000010
0.012805 0.987175 0.000010 0.000010
0.015224 0.984756 0.000010 0.000010
0.009067 0.990913 0.000010 0.000010
0.000010 0.999970 0.000010 0.000010
0.007988 0.991992 0.000010 0.000010
0.000010 0.999970 0.000010 0.000010
0.000010 0.999970 0.000010 0.000010
0.000535 0.999445 0.000010 0.000010
0.004079 0.995901 0.000010 0.000010
0.000010 0.999970 0.000010 0.000010
0.008077 0.991903 0.000010 0.000010
0.000010 0.999970 0.000010 0.000010
0.008734 0.991246 0.000010 0.000010
0.003873 0.996107 0.000010 0.000010
0.000010 0.999970 0.000010 0.000010
0.000010 0.999970 0.000010 0.000010
0.013937 0.986043 0.000010 0.000010
0.011528 0.988452 0.000010 0.000010
0.019701 0.980279 0.000010 0.000010
0.000010 0.999970 0.000010 0.000010
0.000010 0.999970 0.000010 0.000010
0.003855 0.996125 0.000010 0.000010
0.000010 0.999970 0.000010 0.000010
0.000521 0.999459 0.000010 0.000010
0.000010 0.999970 0.000010 0.000010
0.000010 0.999970 0.000010 0.000010
0.013449 0.986531 0.000010 0.000010
0.010763 0.989217 0.000010 0.000010
0.003590 0.996390 0.000010 0.000010
0.006042 0.993938 0.000010 0.000010
0.007334 0.992646 0.000010 0.000010
0.008068 0.991912 0.000010 0.000010
0.000010 0.999970 0.000010 0.000010
0.009258 0.990722 0.000010 0.000010
0.011476 0.988504 0.000010 0.000010
0.000010 0.999970 0.000010 0.000010
0.000010 0.999970 0.000010 0.000010
0.002031 0.997949 0.000010 0.000010
0.000010 0.999970 0.000010 0.000010
0.000010 0.999970 0.000010 0.000010
0.000010 0.934552 0.000010 0.065428
0.000010 0.946817 0.000010 0.053163
0.000010 0.958547 0.000010 0.041433
0.000010 0.935732 0.000010 0.064248
0.002558 0.926020 0.000010 0.071412
0.005191 0.936107 0.000010 0.058691
0.000010 0.938572 0.000010 0.061408
0.000010 0.936913 0.000010 0.063067
0.038045 0.925086 0.000010 0.036859
0.002890 0.935170 0.000010 0.061930
0.008633 0.941641 0.000010 0.049716
0.004234 0.930133 0.000010 0.065623
0.000010 0.945346 0.000010 0.054634
0.000010 0.927041 0.000010 0.072939
0.000010 0.949092 0.000010 0.050888
0.000010 0.947557 0.000010 0.052423
0.020759 0.934715 0.000010 0.044516
0.000010 0.999970 0.000010 0.000010
0.000010 0.999970 0.000010 0.000010
0.006684 0.993296 0.000010 0.000010
0.004530 0.995450 0.000010 0.000010
0.000010 0.999970 0.000010 0.000010
0.000010 0.999970 0.000010 0.000010
0.003901 0.996079 0.000010 0.000010
0.005529 0.994451 0.000010 0.000010
0.000010 0.999970 0.000010 0.000010
0.007530 0.992450 0.000010 0.000010
0.006068 0.993912 0.000010 0.000010
0.005817 0.994163 0.000010 0.000010
0.001428 0.998552 0.000010 0.000010
0.006205 0.993775 0.000010 0.000010
0.004909 0.995071 0.000010 0.000010
0.005056 0.994924 0.000010 0.000010
0.000709 0.999271 0.000010 0.000010
0.000010 0.999970 0.000010 0.000010
0.000010 0.999970 0.000010 0.000010
0.007501 0.992479 0.000010 0.000010
0.005205 0.994775 0.000010 0.000010
0.000010 0.999970 0.000010 0.000010
0.000010 0.999970 0.000010 0.000010
0.000010 0.999970 0.000010 0.000010
0.000010 0.999970 0.000010 0.000010
0.000010 0.999970 0.000010 0.000010
0.000010 0.999970 0.000010 0.000010
0.000293 0.999687 0.000010 0.000010
0.008543 0.991437 0.000010 0.000010
0.000010 0.999970 0.000010 0.000010
0.000010 0.999970 0.000010 0.000010
0.010281 0.938277 0.000010 0.051432
0.009635 0.927141 0.000010 0.063214
0.000010 0.962180 0.000010 0.037800
0.012001 0.931278 0.000010 0.056711
0.013136 0.916645 0.000010 0.070209
0.013136 0.906129 0.000010 0.080724
0.000010 0.951413 0.000010 0.048567
0.001382 0.960058 0.000010 0.038550
0.002065 0.958200 0.000010 0.039725
0.000010 0.943306 0.000010 0.056674
0.000010 0.969941 0.000010 0.030039
0.006804 0.937845 0.000010 0.055341
0.000010 0.945139 0.000010 0.054841
0.004295 0.936255 0.000010 0.059439
0.003058 0.934307 0.000010 0.062625
0.000010 0.944424 0.000010 0.055556
0.000010 0.931948 0.000010 0.068032
0.030540 0.924801 0.000010 0.044649
0.023239 0.919656 0.000010 0.057095
0.023003 0.931138 0.000010 0.045849
0.006313 0.959062 0.000010 0.034616
0.000010 0.929849 0.000010 0.070131
0.000010 0.947508 0.000010 0.052472
0.000010 0.959680 0.000010 0.040300
0.000010 0.970057 0.000010 0.029923
0.000010 0.940300 0.000010 0.059680
0.000010 0.941951 0.000010 0.058029
0.000010 0.957614 0.000010 0.042366
0.007302 0.940289 0.000010 0.052399
0.000016 0.947131 0.000010 0.052843
0.000010 0.933910 0.000010 0.066070
0.003213 0.925327 0.000010 0.071449
0.000010 0.943235 0.000010 0.056745
0.000010 0.936787 0.000010 0.063193
0.000010 0.941326 0.000010 0.058654
0.000010 0.940623 0.000010 0.059357
0.000010 0.957412 0.000010 0.042568
0.002298 0.953299 0.000010 0.044393
0.000010 0.949145 0.000010 0.050835
0.000010 0.944613 0.000010 0.055367
0.010434 0.936312 0.000010 0.053244
0.000010 0.964767 0.000010 0.035213
0.000010 0.952690 0.000010 0.047290
0.000010 0.930988 0.000010 0.068992
0.000010 0.964025 0.000010 0.035955
0.013582 0.943493 0.000010 0.042915
0.008875 0.942529 0.000010 0.048586
0.057147 0.913314 0.000010 0.029529
0.000010 0.934155 0.000010 0.065825
0.000010 0.934879 0.000010 0.065101
0.000010 0.980605 0.000010 0.019375
0.000010 0.941853 0.000010 0.058127
0.000010 0.953245 0.000010 0.046735
0.007213 0.940425 0.000010 0.052353
0.018418 0.958735 0.000010 0.022837
0.000010 0.942895 0.000010 0.057085
0.000010 0.940951 0.000010 0.059029
0.000010 0.958026 0.000010 0.041954
0.000010 0.944612 0.000010 0.055368
0.000010 0.956008 0.000010 0.043972
0.000010 0.924775 0.000010 0.075205
0.003415 0.960556 0.000010 0.036019
0.000010 0.931444 0.000010 0.068536
0.010669 0.939603 0.000010 0.049718
0.000010 0.954310 0.000010 0.045670
0.000010 0.933248 0.000010 0.066732
0.015896 0.938931 0.000010 0.045163
0.000010 0.942141 0.000010 0.057839
0.000010 0.935723 0.000010 0.064257
0.000010 0.936828 0.000010 0.063152
0.000010 0.940226 0.000010 0.059754
0.000010 0.953059 0.000010 0.046921
0.000010 0.928350 0.000010 0.071630
0.000010 0.940941 0.000010 0.059039
0.000010 0.967853 0.000010 0.032127
0.000010 0.944314 0.000010 0.055666
0.001876 0.959972 0.000010 0.038142
0.000010 0.973025 0.000010 0.026955
0.000010 0.953686 0.000010 0.046294
0.000010 0.939172 0.000010 0.060808
0.000010 0.933859 0.000010 0.066121
0.000010 0.946107 0.000010 0.053873
0.000010 0.000010 0.000010 0.999970
0.000010 0.000010 0.000010 0.999970
0.000010 0.000010 0.000010 0.999970
0.000010 0.000010 0.000010 0.999970
0.000010 0.000010 0.000010 0.999970
0.000010 0.000010 0.000010 0.999970
0.000010 0.000010 0.000010 0.999970
0.000010 0.000010 0.000010 0.999970
0.000010 0.000010 0.000010 0.999970
0.000010 0.000010 0.000010 0.999970
0.000010 0.000010 0.000010 0.999970
0.000010 0.000010 0.000010 0.999970
0.000010 0.000010 0.000010 0.999970
0.000010 0.000010 0.000010 0.999970
0.000010 0.000010 0.000010 0.999970
0.000010 0.000010 0.000010 0.999970
0.000010 0.000010 0.000010 0.999970
0.000010 0.000010 0.000010 0.999970
0.000010 0.000010 0.000010 0.999970
0.000010 0.000010 0.000010 0.999970
0.000010 0.000010 0.000010 0.999970
0.000010 0.000010 0.000010 0.999970
0.000010 0.000010 0.000010 0.999970
0.000014 0.000010 0.000010 0.999966
0.000010 0.000010 0.000010 0.999970
0.000010 0.000010 0.000010 0.999970
0.000010 0.000010 0.000010 0.999970
0.000010 0.000010 0.000010 0.999970
0.000010 0.000010 0.000010 0.999970
0.000010 0.000010 0.000010 0.999970
0.000010 0.000010 0.000010 0.999970
0.000010 0.000010 0.000010 0.999970
0.000010 0.000010 0.000010 0.999970
0.000010 0.000010 0.000010 0.999970
0.000010 0.000010 0.000010 0.999970
0.000010 0.000010 0.000010 0.999970
0.000010 0.000010 0.000010 0.999970
0.000010 0.000010 0.000010 0.999970
0.000010 0.000010 0.000010 0.999970
0.000010 0.000010 0.000010 0.999970
0.000010 0.000010 0.000010 0.999970
0.000010 0.819058 0.081274 0.099658
0.000010 0.699429 0.176980 0.123581
0.022519 0.845905 0.078082 0.053494
0.000010 0.000010 0.000010 0.999970
0.000010 0.000010 0.000010 0.999970
0.000010 0.000010 0.000010 0.999970
0.000010 0.000010 0.000010 0.999970
0.000010 0.000010 0.000010 0.999970
0.000010 0.000010 0.000010 0.999970
0.000010 0.000010 0.000010 0.999970
0.000010 0.000010 0.000010 0.999970
0.000010 0.000010 0.000010 0.999970
0.000010 0.000010 0.000010 0.999970
0.000650 0.011289 0.000010 0.988051
0.000010 0.000010 0.000010 0.999970
0.000010 0.000010 0.000010 0.999970
0.000010 0.000010 0.000010 0.999970
0.000010 0.000010 0.000010 0.999970
0.000010 0.000010 0.000010 0.999970
0.000010 0.000010 0.000010 0.999970
0.000010 0.000010 0.000010 0.999970
0.000010 0.000010 0.000010 0.999970
0.000010 0.000010 0.000010 0.999970
0.000010 0.000010 0.000010 0.999970
0.000010 0.000010 0.000010 0.999970
0.000010 0.000010 0.000010 0.999970
0.000010 0.000010 0.000010 0.999970
0.000010 0.020558 0.031520 0.947911
0.000010 0.000010 0.000010 0.999970
0.000010 0.000010 0.000010 0.999970
0.000010 0.000010 0.000010 0.999970
0.000010 0.000010 0.000010 0.999970
0.000010 0.000010 0.000010 0.999970
0.000010 0.000010 0.000010 0.999970
0.000010 0.000010 0.000010 0.999970
0.000010 0.000010 0.000010 0.999970
0.002373 0.770826 0.154241 0.072559
0.004953 0.737866 0.167967 0.089215
0.010865 0.844554 0.071621 0.072960
0.010720 0.813250 0.080522 0.095507
0.000010 0.000010 0.000010 0.999970
0.000010 0.000010 0.000010 0.999970
0.000010 0.000010 0.000010 0.999970
0.000010 0.000010 0.000010 0.999970
0.000010 0.000010 0.000010 0.999970
0.000010 0.000010 0.000010 0.999970
0.000010 0.000010 0.000010 0.999970
0.000010 0.000010 0.000010 0.999970
0.000010 0.000010 0.000010 0.999970
0.000010 0.000010 0.000010 0.999970
0.000010 0.000010 0.000010 0.999970
0.000010 0.000010 0.000010 0.999970
0.000010 0.000010 0.000010 0.999970
0.000010 0.000010 0.000010 0.999970
0.000010 0.000010 0.000010 0.999970
0.000010 0.000010 0.000010 0.999970
0.000010 0.000010 0.000010 0.999970
0.000010 0.000010 0.000010 0.999970
0.000010 0.000010 0.000010 0.999970
0.000010 0.000010 0.000010 0.999970
0.000010 0.000010 0.000010 0.999970
0.000010 0.000010 0.000010 0.999970
0.000010 0.000010 0.000010 0.999970
0.000010 0.000010 0.000010 0.999970
0.000010 0.000010 0.000010 0.999970
0.000010 0.000010 0.000010 0.999970
0.007071 0.928429 0.020115 0.044385
0.008437 0.856393 0.050601 0.084570
0.000010 0.767029 0.105773 0.127188
0.000010 0.880700 0.057516 0.061774
0.000010 0.861031 0.077054 0.061904
0.014552 0.914896 0.051255 0.019297
0.000010 0.791094 0.119959 0.088937
0.025490 0.900429 0.054093 0.019988
0.000010 0.766774 0.091718 0.141497
0.000010 0.000010 0.000010 0.999970
0.000010 0.000010 0.000010 0.999970
0.000010 0.000010 0.000010 0.999970
0.000010 0.000010 0.000010 0.999970
0.013351 0.000010 0.000010 0.986629
0.000010 0.000010 0.000010 0.999970
0.000010 0.000010 0.000010 0.999970
0.000010 0.000010 0.000010 0.999970
0.000300 0.000010 0.000010 0.999680
0.000010 0.000010 0.000010 0.999970
0.000010 0.000010 0.000010 0.999970
0.000010 0.000010 0.000010 0.999970
0.000010 0.000010 0.000010 0.999970
0.000010 0.000010 0.000010 0.999970
0.000010 0.864300 0.084334 0.051356
0.000010 0.808714 0.116708 0.074567
0.000010 0.698533 0.231655 0.069801
0.000010 0.669154 0.210020 0.120816
0.000010 0.662050 0.220089 0.117850
0.000010 0.846922 0.059474 0.093595
0.000010 0.809073 0.125532 0.065385
0.009686 0.769033 0.132017 0.089265
0.000010 0.833481 0.092013 0.074496
0.000010 0.844078 0.070368 0.085544
0.017657 0.557643 0.347607 0.077094
0.000010 0.754988 0.176623 0.068378
0.000010 0.853338 0.067581 0.079071
0.006617 0.825167 0.081507 0.086708
0.000010 0.818170 0.080932 0.100888
0.000010 0.859117 0.050604 0.090268
0.000010 0.842907 0.079144 0.077940
0.000010 0.831530 0.076821 0.091640
0.021334 0.869893 0.090326 0.018447
0.000010 0.691514 0.196880 0.111596
0.005566 0.755953 0.160816 0.077665
0.000010 0.786584 0.087962 0.125444
0.000010 0.694190 0.202450 0.103350
0.000010 0.810497 0.093764 0.095728
0.004887 0.791088 0.126243 0.077782
0.000010 0.754717 0.128987 0.116286
0.005859 0.749492 0.177012 0.067636
0.009499 0.760060 0.147130 0.083310
0.003695 0.661388 0.256397 0.078520
0.000552 0.792492 0.133734 0.073222
0.000010 0.807769 0.113272 0.078949
0.000010 0.816877 0.090584 0.092528
0.000010 0.827095 0.095427 0.077468
0.000010 0.754332 0.148409 0.097249
0.000010 0.756351 0.168338 0.075301
0.008338 0.828634 0.077956 0.085072
0.015843 0.859707 0.077470 0.046980
0.000010 0.704034 0.229296 0.066660
0.000010 0.316634 0.646521 0.036835
0.002576 0.781436 0.130417 0.085571
0.000010 0.791623 0.114165 0.094201
0.003981 0.949090 0.011019 0.035910
0.000010 0.800504 0.010319 0.189167
0.000010 0.867618 0.056165 0.076207
0.000010 0.760167 0.042630 0.197193
0.004716 0.805044 0.069440 0.120801
0.000010 0.679457 0.134486 0.186047
0.007918 0.726040 0.092500 0.173542
0.000010 0.796176 0.057980 0.145834
0.000010 0.782409 0.055742 0.161839
0.006384 0.875573 0.020391 0.097652
0.000010 0.738118 0.117045 0.144827
0.000010 0.734116 0.091043 0.174831
0.000010 0.748850 0.022839 0.228301
0.000010 0.640515 0.171670 0.187804
0.000010 0.786165 0.038641 0.175183
0.000010 0.580423 0.183172 0.236395
0.000010 0.798256 0.054591 0.147143
0.000010 0.611672 0.096848 0.291470
0.000010 0.709329 0.182319 0.108342
0.013439 0.792753 0.097132 0.096676
0.007260 0.835404 0.093175 0.064160
0.000010 0.685543 0.226570 0.087877
0.055646 0.884579 0.028523 0.031251
0.000010 0.785727 0.119026 0.095237
0.000010 0.732747 0.182918 0.084325
0.012700 0.897482 0.062141 0.027677
0.000010 0.872542 0.059732 0.067716
0.000010 0.818768 0.087348 0.093874
0.000010 0.796170 0.070034 0.133786
0.000010 0.774113 0.135747 0.090130
0.000010 0.790244 0.119021 0.090724
0.000010 0.664348 0.178436 0.157206
0.000010 0.659466 0.201517 0.139007
0.000010 0.708725 0.150424 0.140841
0.000010 0.783408 0.089477 0.127105
0.000010 0.856543 0.064766 0.078681
0.000010 0.728110 0.183523 0.088356
0.022089 0.886639 0.043629 0.047643
0.021631 0.797243 0.096711 0.084415
0.000010 0.817869 0.117290 0.064831
0.000010 0.269170 0.683602 0.047219
0.031398 0.437861 0.496458 0.034283
0.000010 0.695377 0.193395 0.111218
0.021058 0.807752 0.116732 0.054457
0.000010 0.722003 0.076439 0.201548
0.000010 0.809966 0.019332 0.170692
0.000010 0.815158 0.048424 0.136408
0.000010 0.648240 0.168125 0.183625
0.000010 0.885509 0.002288 0.112193
0.000010 0.809125 0.014182 0.176684
0.000010 0.887984 0.024875 0.087131
0.000010 0.664733 0.138731 0.196527
0.000010 0.769394 0.073583 0.157014
0.000010 0.770512 0.073124 0.156353
0.000010 0.618739 0.175047 0.206204
0.015597 0.967325 0.006091 0.010987
0.000010 0.757867 0.009274 0.232850
0.000010 0.824388 0.018022 0.157580
0.000010 0.815117 0.026394 0.158479
0.000010 0.801058 0.063224 0.135708
0.000010 0.676698 0.244982 0.078310
0.007466 0.771489 0.108814 0.112231
0.006914 0.764459 0.105985 0.122642
0.002766 0.735939 0.151238 0.110056
0.000010 0.676624 0.232105 0.091261
0.010946 0.845401 0.088823 0.054829
0.005188 0.795044 0.130417 0.069351
0.011517 0.784494 0.114310 0.089678
0.014597 0.815793 0.127899 0.041711
0.000010 0.773909 0.104366 0.121714
0.000010 0.999970 0.000010 0.000010
0.000010 0.597256 0.012437 0.390296
0.000010 0.506948 0.349183 0.143860
0.000010 0.712095 0.028644 0.259251
0.000010 0.801738 0.055876 0.142376
0.000010 0.702585 0.040245 0.257161
0.000010 0.673476 0.074226 0.252289
0.000010 0.813348 0.012518 0.174124
0.000010 0.853958 0.028119 0.117912
0.000010 0.880245 0.017032 0.102713
0.000010 0.759343 0.057103 0.183544
0.000010 0.795583 0.016353 0.188054
0.000010 0.800450 0.044079 0.155461
0.000010 0.788612 0.057388 0.153990
0.000010 0.723704 0.125275 0.151011
0.000010 0.617153 0.173939 0.208897
0.000010 0.679184 0.145899 0.174907
0.000010 0.721632 0.109929 0.168429
0.000010 0.539557 0.122093 0.338340
0.000010 0.767685 0.038265 0.194040
0.000010 0.828759 0.011693 0.159538
0.000010 0.669511 0.135739 0.194740
0.000010 0.703004 0.100661 0.196324
0.000010 0.718409 0.036044 0.245537
0.000010 0.832622 0.030206 0.137162
0.000010 0.799143 0.062589 0.138258
0.017091 0.856277 0.049098 0.077535
0.000010 0.535447 0.280321 0.184222
0.000010 0.723944 0.165179 0.110867
0.000010 0.695303 0.213246 0.091441
0.000010 0.842149 0.079349 0.078492
0.001356 0.707218 0.172517 0.118909
0.001739 0.739981 0.166227 0.092053
0.000010 0.711574 0.169687 0.118730
0.013579 0.715817 0.174130 0.096474
0.021128 0.820347 0.093917 0.064609
0.000010 0.785085 0.085584 0.129321
0.009781 0.730907 0.137281 0.122031
0.007615 0.748638 0.138538 0.105209
0.000010 0.720579 0.114803 0.164608
0.000010 0.812950 0.028328 0.158712
0.000010 0.623055 0.044276 0.332658
0.000010 0.924317 0.008726 0.066947
0.025613 0.952142 0.011141 0.011104
0.000010 0.709917 0.014926 0.275147
0.000010 0.583009 0.051446 0.365534
0.000010 0.716861 0.088112 0.195017
0.000010 0.768674 0.063023 0.168292
0.000010 0.716777 0.032347 0.250866
0.000010 0.700219 0.045123 0.254648
0.000010 0.713279 0.035706 0.251005
0.000010 0.578611 0.177292 0.244086
0.000010 0.505610 0.285873 0.208507
0.000010 0.614472 0.184070 0.201448
0.000010 0.867866 0.012836 0.119287
0.000010 0.869562 0.019515 0.110914
0.003997 0.878596 0.037383 0.080025
0.000010 0.900246 0.027959 0.071785
0.000010 0.482899 0.356521 0.160570
0.000010 0.734289 0.033754 0.231947
0.000010 0.761887 0.149189 0.088914
0.022077 0.897136 0.016662 0.064125
0.000010 0.896806 0.010090 0.093094
0.000010 0.849865 0.024081 0.126044
0.000010 0.638135 0.094643 0.267213
0.000010 0.633813 0.114207 0.251970
0.000010 0.736282 0.040108 0.223600
0.000010 0.736530 0.043403 0.220057
0.030712 0.948871 0.020407 0.000010
0.013225 0.965253 0.021512 0.000010
0.015100 0.976558 0.008332 0.000010
0.005104 0.984024 0.010863 0.000010
0.012875 0.975516 0.011599 0.000010
0.010303 0.979498 0.010188 0.000010
0.000010 0.988191 0.011789 0.000010
0.013515 0.981148 0.005327 0.000010
0.004940 0.994094 0.000956 0.000010
0.000010 0.993931 0.006049 0.000010
0.000010 0.999970 0.000010 0.000010
0.000010 0.999970 0.000010 0.000010
0.000010 0.999970 0.000010 0.000010
0.000010 0.999970 0.000010 0.000010
0.000010 0.999970 0.000010 0.000010
0.000010 0.999970 0.000010 0.000010
0.007237 0.983158 0.009595 0.000010
0.003263 0.981745 0.014982 0.000010
0.018407 0.953184 0.028399 0.000010
0.000010 0.981661 0.018319 0.000010
0.012512 0.967836 0.019642 0.000010
0.011763 0.974140 0.014087 0.000010
0.000010 0.994064 0.005916 0.000010
0.003145 0.996835 0.000010 0.000010
0.000010 0.797394 0.062927 0.139669
0.000010 0.466389 0.381840 0.151761
0.000010 0.542500 0.234278 0.223212
0.000010 0.541281 0.001653 0.457056
0.000010 0.676029 0.012025 0.311936
0.000010 0.563136 0.000010 0.436844
0.000010 0.368475 0.000010 0.631505
0.000010 0.662312 0.060404 0.277274
0.000010 0.596601 0.008802 0.394587
0.805486 0.194494 0.000010 0.000010
0.784593 0.215387 0.000010 0.000010
0.775889 0.224091 0.000010 0.000010
0.728402 0.271578 0.000010 0.000010
0.015326 0.000010 0.000010 0.984654
0.037854 0.000010 0.000010 0.962126
0.019873 0.000010 0.000010 0.980107
0.026452 0.000010 0.000010 0.973528
0.028999 0.000010 0.000010 0.970981
0.013420 0.000010 0.000010 0.986560
0.014680 0.972349 0.012961 0.000010
0.012226 0.972460 0.015304 0.000010
0.015207 0.980579 0.004204 0.000010
0.000010 0.989811 0.010169 0.000010
0.020104 0.973524 0.006362 0.000010
0.000277 0.985528 0.014185 0.000010
0.000010 0.988387 0.011593 0.000010
0.005497 0.975975 0.018519 0.000010
0.024049 0.974766 0.001175 0.000010
0.024156 0.974839 0.000996 0.000010
0.016260 0.975525 0.008205 0.000010
0.023501 0.968981 0.007508 0.000010
0.021021 0.972543 0.006426 0.000010
0.000010 0.981563 0.018417 0.000010
0.005516 0.983294 0.011180 0.000010
0.017430 0.962189 0.020371 0.000010
0.019121 0.978868 0.002002 0.000010
0.039097 0.947219 0.013674 0.000010
0.030869 0.917257 0.051864 0.000010
0.030019 0.937296 0.032675 0.000010
0.000183 0.999797 0.000010 0.000010
0.013509 0.986471 0.000010 0.000010
0.026698 0.950986 0.022306 0.000010
0.010514 0.949373 0.040103 0.000010
0.022621 0.973242 0.004127 0.000010
0.006873 0.993107 0.000010 0.000010
0.000010 0.999970 0.000010 0.000010
0.002262 0.997718 0.000010 0.000010
0.000010 0.999970 0.000010 0.000010
0.000010 0.999970 0.000010 0.000010
0.000010 0.994579 0.005401 0.000010
0.003832 0.989975 0.006183 0.000010
0.000010 0.999970 0.000010 0.000010
0.004164 0.995816 0.000010 0.000010
0.009942 0.972090 0.017958 0.000010
0.014473 0.973950 0.011567 0.000010
0.004594 0.949800 0.045596 0.000010
0.016373 0.938512 0.045105 0.000010
0.021854 0.952771 0.025365 0.000010
0.018290 0.964321 0.017380 0.000010
0.000010 0.999970 0.000010 0.000010
0.000010 0.999970 0.000010 0.000010
0.028042 0.950904 0.021044 0.000010
0.016181 0.965806 0.018003 0.000010
0.019117 0.973939 0.006934 0.000010
0.019103 0.966579 0.014308 0.000010
0.000010 0.978974 0.021006 0.000010
0.031091 0.952949 0.015950 0.000010
0.000010 0.993816 0.006164 0.000010
0.000010 0.993782 0.006198 0.000010
0.022017 0.967066 0.010907 0.000010
0.010401 0.969633 0.019956 0.000010
0.018779 0.981198 0.000014 0.000010
0.014616 0.983397 0.001977 0.000010
0.016492 0.967964 0.015534 0.000010
0.034968 0.930406 0.034615 0.000010
0.023253 0.961510 0.015228 0.000010
0.020934 0.959877 0.019179 0.000010
0.000010 0.986943 0.013037 0.000010
0.000010 0.999970 0.000010 0.000010
0.022205 0.977775 0.000010 0.000010
0.007453 0.992527 0.000010 0.000010
0.012011 0.987969 0.000010 0.000010
0.017676 0.982304 0.000010 0.000010
0.004785 0.995195 0.000010 0.000010
0.015124 0.983632 0.001234 0.000010
0.014807 0.970201 0.014982 0.000010
0.003523 0.984198 0.012269 0.000010
0.020488 0.979492 0.000010 0.000010
0.010159 0.989821 0.000010 0.000010
0.000010 0.999970 0.000010 0.000010
0.014886 0.985094 0.000010 0.000010
0.010685 0.989295 0.000010 0.000010
0.000010 0.000010 0.000010 0.999970
0.000810 0.000010 0.000010 0.999170
0.000010 0.000010 0.000010 0.999970
0.000010 0.000010 0.000010 0.999970
0.000010 0.000010 0.000010 0.999970
0.000010 0.000010 0.000010 0.999970
0.000010 0.000010 0.000010 0.999970
0.000010 0.000010 0.000010 0.999970
0.000010 0.000010 0.000010 0.999970
0.000010 0.000010 0.000010 0.999970
0.000010 0.000010 0.000010 0.999970
0.000010 0.000010 0.000010 0.999970
0.006288 0.000010 0.000010 0.993692
0.000010 0.000010 0.000010 0.999970
0.000010 0.000010 0.000010 0.999970
0.000010 0.000010 0.000010 0.999970
0.000010 0.000010 0.000010 0.999970
0.000010 0.000010 0.000010 0.999970
0.000010 0.000010 0.000010 0.999970
0.008987 0.000010 0.000010 0.990993
0.000010 0.000010 0.000010 0.999970
0.000010 0.000010 0.000010 0.999970
0.019745 0.000010 0.000010 0.980235
0.019544 0.000010 0.000010 0.980436
0.022418 0.000010 0.000010 0.977562
0.012274 0.000010 0.000010 0.987706
0.027529 0.000010 0.000010 0.972451
0.028482 0.000010 0.000010 0.971498
0.040336 0.000010 0.000010 0.959644
0.030439 0.000010 0.000010 0.969541
0.025459 0.000010 0.000010 0.974521
0.037389 0.000010 0.000010 0.962591
0.021002 0.000010 0.000010 0.978978
0.013923 0.000010 0.000010 0.986057
0.023307 0.000010 0.000010 0.976673
0.023231 0.000010 0.000010 0.976749
0.030531 0.000010 0.000010 0.969449
0.021392 0.000010 0.000010 0.978588
0.010508 0.000010 0.000010 0.989472
0.009211 0.000010 0.000010 0.990769
0.011857 0.000010 0.000010 0.988123
0.025528 0.000010 0.000010 0.974452
0.020445 0.000010 0.000010 0.979535
0.010067 0.000010 0.000010 0.989913
0.020848 0.000010 0.000010 0.979132
0.005214 0.000010 0.000010 0.994766
0.034231 0.000010 0.000010 0.965749
0.028659 0.000010 0.000010 0.971321
0.024477 0.000010 0.000010 0.975503
0.013835 0.000010 0.000010 0.986145
0.016236 0.000010 0.000010 0.983744
0.033968 0.000010 0.000010 0.966012
0.023841 0.000010 0.000010 0.976139
0.022376 0.000010 0.000010 0.977604
0.025140 0.000010 0.000010 0.974840
0.031282 0.000010 0.000010 0.968698
0.003478 0.155417 0.840094 0.001011
0.343680 0.057897 0.544107 0.054316
0.000010 0.038779 0.961201 0.000010
0.008307 0.137666 0.854017 0.000010
0.000010 0.053090 0.946890 0.000010
0.005701 0.106459 0.887830 0.000010
0.000010 0.026397 0.973583 0.000010
0.007939 0.113569 0.878482 0.000010
0.000010 0.462932 0.051943 0.485114
0.000010 0.506099 0.121675 0.372216
0.002796 0.082594 0.914600 0.000010
0.005039 0.018655 0.976296 0.000010
0.005914 0.087656 0.906420 0.000010
0.000010 0.146894 0.853086 0.000010
0.016587 0.055445 0.927958 0.000010
0.000010 0.426135 0.008255 0.565600
0.000010 0.494795 0.003240 0.501955
0.000010 0.345385 0.000010 0.654595
0.000010 0.479417 0.000010 0.520563
0.000010 0.367375 0.000010 0.632605
0.000010 0.380420 0.105524 0.514046
0.000010 0.329019 0.000010 0.670961
0.000010 0.369825 0.000010 0.630155
0.000010 0.476243 0.000010 0.523737
0.000010 0.432283 0.093704 0.474003
0.000010 0.513716 0.000010 0.486264
0.000010 0.322225 0.000010 0.677755
0.000010 0.485476 0.009262 0.505252
0.000010 0.388952 0.057495 0.553543
0.000010 0.435498 0.005145 0.559347
0.000010 0.262298 0.006642 0.731050
0.000010 0.472516 0.005934 0.521540
0.000010 0.553638 0.027082 0.419270
0.000010 0.336748 0.158764 0.504477
0.000010 0.378562 0.047060 0.574367
0.000010 0.337267 0.016734 0.645989
0.000010 0.392520 0.011915 0.595555
0.000010 0.387361 0.000010 0.612619
0.000010 0.068087 0.931893 0.000010
0.003749 0.135204 0.861037 0.000010
0.000010 0.324794 0.000010 0.675186
0.000010 0.520598 0.082298 0.397094
0.000010 0.571414 0.007323 0.421253
0.000010 0.346923 0.003896 0.649171
0.000010 0.561835 0.000010 0.438145
0.000010 0.468509 0.147039 0.384442
0.000010 0.434305 0.026101 0.539584
0.000010 0.351408 0.000010 0.648572
0.000010 0.538399 0.008735 0.452857
0.000010 0.472913 0.001619 0.525458
0.000010 0.526638 0.007618 0.465734
0.000010 0.487482 0.021766 0.490742
0.000010 0.469857 0.003927 0.526206
0.003788 0.071677 0.924525 0.000010
0.000010 0.127577 0.872403 0.000010
0.001478 0.440693 0.557819 0.000010
0.008990 0.135660 0.855339 0.000010
0.000010 0.071944 0.922575 0.005471
0.000010 0.488952 0.014781 0.496258
0.000010 0.385339 0.000010 0.614641
0.000010 0.414778 0.000010 0.585202
0.000010 0.476490 0.002426 0.521074
0.000010 0.448922 0.003107 0.547961
0.000010 0.428144 0.007496 0.564350
0.000010 0.155158 0.844822 0.000010
0.000010 0.164382 0.835598 0.000010
0.000010 0.078226 0.921754 0.000010
0.006474 0.026573 0.966943 0.000010
0.000010 0.132098 0.867882 0.000010
0.107499 0.000010 0.000010 0.892481
0.038584 0.000010 0.000010 0.961396
0.022395 0.000010 0.000010 0.977585
0.029622 0.000010 0.000010 0.970358
0.012247 0.000010 0.000010 0.987733
0.013874 0.000010 0.000010 0.986106
0.000010 0.000010 0.000010 0.999970
0.022592 0.000010 0.000010 0.977388
0.000010 0.000010 0.000010 0.999970
0.000010 0.000010 0.000010 0.999970
0.009007 0.000010 0.000010 0.990973
0.027644 0.000013 0.000010 0.972333
0.028492 0.000010 0.000010 0.971488
0.024307 0.000010 0.000010 0.975673
0.029083 0.000010 0.000010 0.970897
0.028057 0.000010 0.000010 0.971923
0.013510 0.000010 0.000010 0.986470
0.001682 0.022955 0.975353 0.000010
0.000010 0.027758 0.972222 0.000010
0.004535 0.058599 0.936856 0.000010
0.000010 0.129300 0.870680 0.000010
0.022927 0.000010 0.000010 0.977053
0.055864 0.000010 0.000010 0.944116
0.013851 0.000010 0.000010 0.986129
0.025953 0.000010 0.000010 0.974027
0.016204 0.000010 0.000010 0.983776
0.045547 0.000010 0.000010 0.954433
0.023504 0.000010 0.000010 0.976476
0.038204 0.000010 0.000010 0.961776
0.015422 0.000010 0.000010 0.984558
0.036878 0.000010 0.000010 0.963102
0.013056 0.000010 0.000010 0.986924
0.007164 0.000010 0.000010 0.992816
0.022186 0.000010 0.000010 0.977794
0.023725 0.000010 0.000010 0.976255
0.011890 0.000010 0.000010 0.988090
0.024597 0.000010 0.000010 0.975383
0.021176 0.000010 0.000010 0.978804
0.034082 0.000010 0.000010 0.965898
0.026423 0.000010 0.000010 0.973557
0.012916 0.000010 0.000010 0.987064
0.000010 0.544432 0.010903 0.444656
0.000010 0.516342 0.114331 0.369317
0.007731 0.056644 0.935615 0.000010
0.000010 0.392359 0.000010 0.607621
0.000010 0.361945 0.000010 0.638035
0.000010 0.035788 0.964192 0.000010
0.009842 0.154949 0.832070 0.003139
0.000010 0.073474 0.926506 0.000010
0.024524 0.000010 0.000010 0.975456
0.032553 0.000010 0.000010 0.967427
0.024378 0.000010 0.000010 0.975602
0.008856 0.000010 0.000010 0.991124
0.006840 0.000010 0.000010 0.993140
0.030282 0.000010 0.000010 0.969698
0.026644 0.000010 0.000010 0.973336
0.097355 0.000010 0.000010 0.902625
0.025305 0.000010 0.000010 0.974675
0.014215 0.000010 0.000010 0.985765
0.034552 0.000010 0.000010 0.965428
0.014587 0.000010 0.000010 0.985393
0.025628 0.000010 0.000010 0.974352
0.018216 0.000010 0.000010 0.981764
0.024890 0.000010 0.000010 0.975090
0.021779 0.000010 0.000010 0.978201
0.036933 0.072560 0.000010 0.890497
0.007316 0.174988 0.817686 0.000010
0.002580 0.064161 0.933249 0.000010
0.000010 0.413887 0.000010 0.586093
0.000010 0.381379 0.000010 0.618601
0.001968 0.000010 0.000010 0.998012
0.002369 0.000010 0.000010 0.997611
0.004610 0.000010 0.000010 0.995370
0.000010 0.000010 0.000010 0.999970
0.000010 0.000010 0.000010 0.999970
0.000464 0.000010 0.000010 0.999516
0.004786 0.000010 0.000010 0.995194
0.015657 0.000010 0.000010 0.984323
0.000013 0.000010 0.000010 0.999967
0.000010 0.000010 0.000010 0.999970
0.000094 0.000010 0.000010 0.999886
0.000010 0.000010 0.000010 0.999970
0.000010 0.000010 0.000010 0.999970
0.000010 0.000010 0.000010 0.999970
0.000010 0.000010 0.000010 0.999970
0.000010 0.000010 0.000010 0.999970
0.000010 0.000010 0.000010 0.999970
0.006176 0.000010 0.000010 0.993804
0.000010 0.000010 0.000010 0.999970
0.000010 0.000010 0.000010 0.999970
0.000010 0.999970 0.000010 0.000010
0.000134 0.999846 0.000010 0.000010
0.032916 0.967064 0.000010 0.000010
0.016377 0.981448 0.002165 0.000010
0.029082 0.970898 0.000010 0.000010
0.013847 0.986133 0.000010 0.000010
0.015424 0.984556 0.000010 0.000010
0.018513 0.981467 0.000010 0.000010
0.000010 0.985414 0.014566 0.000010
0.003250 0.980205 0.016535 0.000010
0.018128 0.974613 0.007249 0.000010
0.014362 0.973631 0.011997 0.000010
0.011667 0.972620 0.015703 0.000010
0.078190 0.912410 0.009390 0.000010
0.000010 0.544890 0.015077 0.440023
0.000010 0.633875 0.008037 0.358078
0.007647 0.063306 0.929037 0.000010
0.000010 0.215943 0.773979 0.010068
0.000010 0.337395 0.000010 0.662585
0.000010 0.437296 0.004095 0.558599
0.000010 0.375256 0.000010 0.624724
0.000010 0.357163 0.004628 0.638199
0.000010 0.332879 0.004705 0.662406
0.000010 0.313879 0.000010 0.686101
0.000010 0.348445 0.251697 0.399849
0.000010 0.355593 0.000010 0.644387
0.000010 0.540006 0.000010 0.459974
0.000010 0.382185 0.007181 0.610624
0.000010 0.038066 0.961914 0.000010
0.005519 0.206350 0.788121 0.000010
0.008224 0.199172 0.792594 0.000010
0.005730 0.150117 0.844143 0.000010
0.000010 0.454394 0.012748 0.532848
0.000010 0.496099 0.007564 0.496327
0.000010 0.347521 0.000010 0.652459
0.000010 0.420652 0.000010 0.579328
0.000010 0.417263 0.000010 0.582717
0.000010 0.456551 0.004431 0.539007
0.011888 0.047984 0.940118 0.000010
0.000010 0.112312 0.887668 0.000010
0.007314 0.088297 0.904379 0.000010
0.000010 0.063550 0.933866 0.002574
0.000010 0.120794 0.879186 0.000010
0.000819 0.049435 0.949736 0.000010
0.017057 0.039695 0.943238 0.000010
0.011709 0.108287 0.879995 0.000010
0.000898 0.069152 0.929940 0.000010
0.007853 0.012052 0.974372 0.005723
0.011250 0.095666 0.893074 0.000010
0.000010 0.087912 0.912068 0.000010
0.013191 0.224450 0.762348 0.000010
0.004088 0.120128 0.875773 0.000010
0.000010 0.019679 0.980301 0.000010
0.000687 0.219464 0.779839 0.000010
0.000010 0.530087 0.071045 0.398859
0.000010 0.437463 0.005544 0.556983
0.010879 0.000010 0.000010 0.989101
0.000010 0.000010 0.000010 0.999970
0.004668 0.000010 0.000010 0.995312
0.000010 0.000010 0.000010 0.999970
0.000010 0.000010 0.000010 0.999970
0.000010 0.000010 0.000010 0.999970
0.000010 0.000010 0.000010 0.999970
0.001197 0.000010 0.000010 0.998783
0.000010 0.000010 0.000010 0.999970
0.000010 0.000010 0.000010 0.999970
0.000010 0.000010 0.000010 0.999970
0.000010 0.000010 0.000010 0.999970
0.000010 0.000010 0.000010 0.999970
0.000010 0.000010 0.000010 0.999970
0.000010 0.000010 0.000010 0.999970
0.009964 0.000010 0.000010 0.990016
0.000440 0.000010 0.000010 0.999540
0.000010 0.000010 0.000010 0.999970
0.000010 0.000010 0.000010 0.999970
0.000010 0.000010 0.000010 0.999970
0.000010 0.000010 0.000010 0.999970
0.000010 0.000010 0.000010 0.999970
0.005606 0.000010 0.000010 0.994374
0.001764 0.000010 0.000010 0.998216
0.000010 0.000010 0.000010 0.999970
0.000010 0.000010 0.000010 0.999970
0.000010 0.000010 0.000010 0.999970
0.004283 0.000010 0.000010 0.995697
0.000010 0.000010 0.000010 0.999970
0.000010 0.000010 0.000010 0.999970
0.000010 0.000010 0.000010 0.999970
0.018189 0.057063 0.924603 0.000144
0.000932 0.415648 0.583410 0.000010
0.000010 0.554103 0.059864 0.386023
0.006243 0.077802 0.915946 0.000010
0.000958 0.089677 0.909355 0.000010
0.017301 0.103464 0.879225 0.000010
0.008685 0.043235 0.948070 0.000010
0.009148 0.004901 0.983390 0.002561
0.005902 0.160284 0.833804 0.000010
0.000010 0.054572 0.945408 0.000010
0.000010 0.072985 0.926995 0.000010
0.022510 0.125671 0.851809 0.000010
0.008939 0.000010 0.991041 0.000010
0.016683 0.030658 0.952649 0.000010
0.000010 0.000010 0.999970 0.000010
0.000010 0.000010 0.999970 0.000010
0.012909 0.054400 0.932681 0.000010
0.000010 0.069976 0.930004 0.000010
0.009728 0.143679 0.846582 0.000010
0.000010 0.128881 0.871099 0.000010
0.000010 0.093769 0.906211 0.000010
0.007756 0.077527 0.906475 0.008242
0.000010 0.100140 0.899840 0.000010
0.000010 0.258939 0.741041 0.000010
0.000010 0.118664 0.881316 0.000010
0.751141 0.248839 0.000010 0.000010
0.821446 0.178534 0.000010 0.000010
0.780538 0.219442 0.000010 0.000010
0.707080 0.284982 0.000010 0.007928
0.000010 0.073512 0.926468 0.000010
0.005473 0.045651 0.948866 0.000010
0.001202 0.216073 0.782715 0.000010
0.009904 0.166609 0.823478 0.000010
0.004315 0.094995 0.900680 0.000010
0.008404 0.068893 0.922693 0.000010
0.000010 0.061506 0.938474 0.000010
0.023193 0.000010 0.000010 0.976787
0.000010 0.000010 0.000010 0.999970
0.029583 0.000010 0.000010 0.970397
0.034780 0.000010 0.000010 0.965200
0.003268 0.173841 0.822882 0.000010
0.006197 0.032944 0.960849 0.000010
0.020562 0.166159 0.813269 0.000010
0.002808 0.087063 0.910119 0.000010
0.009917 0.064605 0.925469 0.000010
0.002448 0.028903 0.968639 0.000010
0.000010 0.111115 0.888865 0.000010
0.015192 0.095549 0.889248 0.000010
0.020554 0.042626 0.936809 0.000010
0.018130 0.081061 0.900799 0.000010
0.022175 0.010348 0.967467 0.000010
0.005486 0.000010 0.994494 0.000010
0.002049 0.026468 0.971473 0.000010
0.012662 0.000010 0.987318 0.000010
0.009119 0.000010 0.990861 0.000010
0.002344 0.018069 0.979577 0.000010
0.004062 0.037165 0.958762 0.000010
0.000010 0.195292 0.804688 0.000010
0.000010 0.141583 0.858397 0.000010
0.010926 0.004215 0.984849 0.000010
0.010082 0.000010 0.989898 0.000010
0.005101 0.004771 0.990119 0.000010
0.016251 0.000016 0.983722 0.000010
0.005196 0.010226 0.984569 0.000010
0.019457 0.000010 0.980523 0.000010
0.006866 0.019121 0.966295 0.007718
0.011996 0.003980 0.984014 0.000010
0.753951 0.246029 0.000010 0.000010
0.880599 0.107826 0.000010 0.011565
0.875173 0.124807 0.000010 0.000010
0.814725 0.185255 0.000010 0.000010
0.761736 0.238244 0.000010 0.000010
0.017339 0.000010 0.982641 0.000010
0.008564 0.000010 0.991416 0.000010
0.000010 0.042739 0.957241 0.000010
0.000010 0.047230 0.952750 0.000010
0.000010 0.023537 0.976443 0.000010
0.009445 0.000010 0.990535 0.000010
0.000010 0.000010 0.999970 0.000010
0.007065 0.000010 0.992915 0.000010
0.003153 0.000010 0.996827 0.000010
0.010342 0.001623 0.988025 0.000010
0.000010 0.020870 0.979110 0.000010
0.000010 0.013859 0.986121 0.000010
0.001534 0.013989 0.984467 0.000010
0.007081 0.008503 0.984406 0.000010
0.014213 0.000010 0.985767 0.000010
0.007822 0.000010 0.992158 0.000010
0.687471 0.281881 0.014352 0.016296
0.696338 0.303642 0.000010 0.000010
0.802258 0.197722 0.000010 0.000010
0.779838 0.220142 0.000010 0.000010
0.712905 0.287075 0.000010 0.000010
0.713510 0.286470 0.000010 0.000010
0.829574 0.170406 0.000010 0.000010
0.828999 0.164120 0.000010 0.006871
0.800857 0.199123 0.000010 0.000010
0.798787 0.201193 0.000010 0.000010
0.007299 0.007693 0.984998 0.000010
0.000010 0.016378 0.978960 0.004652
0.000010 0.006750 0.993230 0.000010
0.000010 0.032205 0.967775 0.000010
0.004856 0.019361 0.975772 0.000010
0.010243 0.000010 0.989737 0.000010
0.750743 0.249237 0.000010 0.000010
0.727743 0.272237 0.000010 0.000010
0.933093 0.066887 0.000010 0.000010
0.947577 0.052403 0.000010 0.000010
0.991388 0.008592 0.000010 0.000010
0.952139 0.036939 0.000010 0.010911
0.714263 0.285717 0.000010 0.000010
0.725965 0.274015 0.000010 0.000010
0.717705 0.274655 0.007629 0.000010
0.825164 0.172493 0.000010 0.002333
0.764139 0.235841 0.000010 0.000010
0.748065 0.251915 0.000010 0.000010
0.758308 0.241672 0.000010 0.000010
0.017766 0.019910 0.962314 0.000010
0.007469 0.000010 0.992142 0.000378
0.005683 0.003032 0.990787 0.000498
0.000010 0.000010 0.999970 0.000010
0.008962 0.010651 0.980377 0.000010
0.000349 0.007666 0.991975 0.000010
0.943998 0.044980 0.000010 0.011013
0.959088 0.038033 0.000010 0.002869
0.972541 0.027439 0.000010 0.000010
0.970855 0.011050 0.000010 0.018085
0.850651 0.149329 0.000010 0.000010
0.794968 0.205012 0.000010 0.000010
0.745023 0.254927 0.000010 0.000040
0.758270 0.240946 0.000010 0.000773
0.743172 0.256808 0.000010 0.000010
0.003204 0.000010 0.996776 0.000010
0.011325 0.001247 0.987418 0.000010
0.017261 0.000010 0.982719 0.000010
0.000010 0.021815 0.978165 0.000010
0.000010 0.012914 0.987066 0.000010
0.004146 0.000010 0.995834 0.000010
0.011952 0.003065 0.984973 0.000010
0.003254 0.000010 0.996726 0.000010
0.001988 0.000010 0.997992 0.000010
0.888386 0.111594 0.000010 0.000010
0.949255 0.044435 0.000010 0.006301
0.959278 0.038620 0.000010 0.002093
0.943727 0.056253 0.000010 0.000010
0.972784 0.026601 0.000010 0.000605
0.961547 0.038433 0.000010 0.000010
0.999970 0.000010 0.000010 0.000010
0.962634 0.032130 0.000010 0.005226
0.951910 0.038533 0.000010 0.009547
0.962806 0.031373 0.000010 0.005811
0.999970 0.000010 0.000010 0.000010
0.999970 0.000010 0.000010 0.000010
0.008571 0.000010 0.991409 0.000010
0.012814 0.000546 0.986631 0.000010
0.000010 0.000010 0.999970 0.000010
0.000010 0.000010 0.999970 0.000010
0.000010 0.026291 0.973689 0.000010
0.004649 0.015494 0.979847 0.000010
0.000010 0.075520 0.924460 0.000010
0.000010 0.011558 0.985090 0.003342
0.012605 0.000010 0.987375 0.000010
0.003254 0.004916 0.991820 0.000010
0.002144 0.018539 0.979306 0.000010
0.017610 0.007805 0.974575 0.000010
0.000010 0.000010 0.999970 0.000010
0.002527 0.000010 0.994231 0.003232
0.015300 0.002504 0.982186 0.000010
0.011194 0.000519 0.988277 0.000010
0.007374 0.008911 0.983705 0.000010
0.000010 0.031854 0.957513 0.010623
0.000010 0.019390 0.980590 0.000010
0.006040 0.016983 0.976967 0.000010
0.005036 0.000010 0.994944 0.000010
0.007934 0.006431 0.985626 0.000010
0.016971 0.000010 0.983009 0.000010
0.013453 0.000010 0.986527 0.000010
0.012261 0.001084 0.986646 0.000010
0.012345 0.000010 0.987635 0.000010
0.005006 0.005802 0.989181 0.000010
0.002922 0.000010 0.997058 0.000010
0.003596 0.012236 0.984158 0.000010
0.019949 0.000425 0.979616 0.000010
0.021189 0.000010 0.978791 0.000010
0.007222 0.000010 0.992758 0.000010
0.012121 0.005834 0.982035 0.000010
0.014900 0.000202 0.984888 0.000010
0.005576 0.013537 0.980877 0.000010
0.011280 0.000010 0.988700 0.000010
0.009754 0.000010 0.990226 0.000010
0.000010 0.000010 0.999970 0.000010
0.000010 0.000010 0.999970 0.000010
0.000010 0.000010 0.999970 0.000010
0.000010 0.000010 0.999970 0.000010
0.000010 0.000010 0.999970 0.000010
0.000010 0.000010 0.999970 0.000010
0.000010 0.000010 0.999970 0.000010
0.000010 0.000010 0.999970 0.000010
0.000010 0.000010 0.999970 0.000010
0.000010 0.000010 0.999970 0.000010
0.000010 0.000010 0.999970 0.000010
0.000010 0.000010 0.999970 0.000010
