0.000010 0.999960 0.000010 0.000010 0.000010
0.000010 0.999960 0.000010 0.000010 0.000010
0.000010 0.999960 0.000010 0.000010 0.000010
0.000010 0.999960 0.000010 0.000010 0.000010
0.000010 0.999960 0.000010 0.000010 0.000010
0.000010 0.999960 0.000010 0.000010 0.000010
0.000010 0.999960 0.000010 0.000010 0.000010
0.000010 0.999960 0.000010 0.000010 0.000010
0.007398 0.992572 0.000010 0.000010 0.000010
0.000010 0.999960 0.000010 0.000010 0.000010
0.000010 0.999960 0.000010 0.000010 0.000010
0.000010 0.999960 0.000010 0.000010 0.000010
0.000010 0.999960 0.000010 0.000010 0.000010
0.004345 0.995625 0.000010 0.000010 0.000010
0.000010 0.999960 0.000010 0.000010 0.000010
0.000010 0.999960 0.000010 0.000010 0.000010
0.000010 0.999960 0.000010 0.000010 0.000010
0.000010 0.999960 0.000010 0.000010 0.000010
0.000010 0.999960 0.000010 0.000010 0.000010
0.000010 0.999960 0.000010 0.000010 0.000010
0.000010 0.999960 0.000010 0.000010 0.000010
0.000010 0.999960 0.000010 0.000010 0.000010
0.000010 0.999960 0.000010 0.000010 0.000010
0.000010 0.999960 0.000010 0.000010 0.000010
0.000010 0.999960 0.000010 0.000010 0.000010
0.000010 0.999960 0.000010 0.000010 0.000010
0.000010 0.999960 0.000010 0.000010 0.000010
0.000010 0.999960 0.000010 0.000010 0.000010
0.000010 0.999960 0.000010 0.000010 0.000010
0.000010 0.999960 0.000010 0.000010 0.000010
0.004857 0.995113 0.000010 0.000010 0.000010
0.000010 0.999960 0.000010 0.000010 0.000010
0.000010 0.999960 0.000010 0.000010 0.000010
0.000010 0.999960 0.000010 0.000010 0.000010
0.000010 0.999960 0.000010 0.000010 0.000010
0.000010 0.999960 0.000010 0.000010 0.000010
0.000010 0.999960 0.000010 0.000010 0.000010
0.000010 0.999960 0.000010 0.000010 0.000010
0.000010 0.999960 0.000010 0.000010 0.000010
0.000511 0.999459 0.000010 0.000010 0.000010
0.000010 0.999960 0.000010 0.000010 0.000010
0.000010 0.999960 0.000010 0.000010 0.000010
0.000010 0.999960 0.000010 0.000010 0.000010
0.000010 0.999960 0.000010 0.000010 0.000010
0.000010 0.999960 0.000010 0.000010 0.000010
0.000020 0.999950 0.000010 0.000010 0.000010
0.000010 0.999960 0.000010 0.000010 0.000010
0.000010 0.999960 0.000010 0.000010 0.000010
0.000010 0.999960 0.000010 0.000010 0.000010
0.000010 0.999960 0.000010 0.000010 0.000010
0.000010 0.999960 0.000010 0.000010 0.000010
0.000010 0.999960 0.000010 0.000010 0.000010
0.000010 0.922792 0.000010 0.047972 0.029217
0.000010 0.932426 0.000010 0.035858 0.031696
0.000010 0.953389 0.000010 0.037173 0.009418
0.000010 0.929763 0.000010 0.056574 0.013643
0.000010 0.917653 0.000010 0.058159 0.024168
0.000010 0.936231 0.000010 0.057046 0.006703
0.000010 0.929775 0.000010 0.050760 0.019445
0.000010 0.926831 0.000010 0.049080 0.024069
0.019703 0.936284 0.000010 0.041927 0.002076
0.000010 0.925472 0.000010 0.047256 0.027251
0.000010 0.939092 0.000010 0.041112 0.019776
0.000010 0.925007 0.000010 0.057409 0.017564
0.000010 0.934778 0.000010 0.040770 0.024432
0.000010 0.917091 0.000010 0.061335 0.021554
0.000010 0.941569 0.000010 0.042453 0.015959
0.000010 0.936886 0.000010 0.039394 0.023701
0.005027 0.940600 0.000010 0.043596 0.010766
0.000010 0.999960 0.000010 0.000010 0.000010
0.000010 0.999960 0.000010 0.000010 0.000010
0.000010 0.999960 0.000010 0.000010 0.000010
0.000010 0.999960 0.000010 0.000010 0.000010
0.000010 0.999960 0.000010 0.000010 0.000010
0.000010 0.999960 0.000010 0.000010 0.000010
0.000010 0.999960 0.000010 0.000010 0.000010
0.000010 0.999960 0.000010 0.000010 0.000010
0.000010 0.999960 0.000010 0.000010 0.000010
0.000010 0.999960 0.000010 0.000010 0.000010
0.000010 0.999960 0.000010 0.000010 0.000010
0.000010 0.999960 0.000010 0.000010 0.000010
0.000010 0.999960 0.000010 0.000010 0.000010
0.000010 0.999960 0.000010 0.000010 0.000010
0.000010 0.999960 0.000010 0.000010 0.000010
0.000010 0.999960 0.000010 0.000010 0.000010
0.000010 0.999960 0.000010 0.000010 0.000010
0.000010 0.999960 0.000010 0.000010 0.000010
0.000010 0.999960 0.000010 0.000010 0.000010
0.000010 0.999960 0.000010 0.000010 0.000010
0.000010 0.999960 0.000010 0.000010 0.000010
0.000010 0.999960 0.000010 0.000010 0.000010
0.000010 0.999960 0.000010 0.000010 0.000010
0.000010 0.999960 0.000010 0.000010 0.000010
0.000010 0.999960 0.000010 0.000010 0.000010
0.000010 0.999960 0.000010 0.000010 0.000010
0.000010 0.999960 0.000010 0.000010 0.000010
0.000010 0.999960 0.000010 0.000010 0.000010
0.000011 0.999959 0.000010 0.000010 0.000010
0.000010 0.999960 0.000010 0.000010 0.000010
0.000010 0.999960 0.000010 0.000010 0.000010
0.000010 0.938000 0.000010 0.045962 0.016019
0.000010 0.933797 0.000010 0.066173 0.000010
0.000010 0.957310 0.000010 0.031663 0.011008
0.000010 0.931676 0.000010 0.050311 0.017993
0.000010 0.919837 0.000010 0.066971 0.013172
0.000010 0.913296 0.000010 0.083778 0.002906
0.000010 0.951716 0.000010 0.048254 0.000010
0.000010 0.954314 0.000010 0.030257 0.015409
0.000010 0.954189 0.000010 0.032278 0.013513
0.000010 0.934201 0.000010 0.045479 0.020300
0.000010 0.961105 0.000010 0.020333 0.018542
0.000010 0.933426 0.000010 0.046079 0.020475
0.000010 0.937675 0.000010 0.044065 0.018239
0.000010 0.933995 0.000010 0.054360 0.011625
0.000010 0.931835 0.000010 0.056253 0.011893
0.000010 0.935420 0.000010 0.043208 0.021352
0.000010 0.924549 0.000010 0.057666 0.017765
0.021425 0.918735 0.000010 0.032208 0.027621
0.015077 0.918714 0.000010 0.051805 0.014394
0.014037 0.931160 0.000010 0.042210 0.012583
0.000010 0.958671 0.000010 0.029828 0.011481
0.000010 0.921285 0.000010 0.058480 0.020214
0.000010 0.944088 0.000010 0.047687 0.008205
0.000010 0.953554 0.000010 0.032721 0.013705
0.000010 0.964693 0.000010 0.024574 0.010712
0.000010 0.936542 0.000010 0.053958 0.009479
0.000010 0.930688 0.000010 0.045982 0.023310
0.000010 0.951441 0.000010 0.034515 0.014024
0.000010 0.939807 0.000010 0.050004 0.010169
0.000010 0.937163 0.000010 0.040642 0.022176
0.000010 0.924679 0.000010 0.054015 0.021286
0.000010 0.927063 0.000010 0.072310 0.000607
0.000010 0.933718 0.000010 0.042922 0.023341
0.000010 0.930824 0.000010 0.055314 0.013842
0.000010 0.936140 0.000010 0.051523 0.012318
0.000010 0.936683 0.000010 0.054045 0.009252
0.000010 0.946259 0.000010 0.029460 0.024260
0.000010 0.947659 0.000010 0.034285 0.018037
0.000010 0.942778 0.000010 0.043615 0.013587
0.000010 0.934801 0.000010 0.044275 0.020904
0.000010 0.938381 0.000010 0.050126 0.011473
0.000010 0.960584 0.000010 0.030054 0.009341
0.000010 0.945651 0.000010 0.038060 0.016269
0.000010 0.922763 0.000010 0.057292 0.019924
0.000010 0.957966 0.000010 0.028975 0.013040
0.000010 0.949988 0.000010 0.043920 0.006073
0.000010 0.941592 0.000010 0.042048 0.016339
0.041793 0.917466 0.000010 0.025265 0.015466
0.000010 0.930570 0.000010 0.061293 0.008116
0.000010 0.929221 0.000010 0.057775 0.012983
0.000010 0.976534 0.000010 0.014466 0.008980
0.000010 0.933818 0.000010 0.049066 0.017096
0.000010 0.947342 0.000010 0.040565 0.012073
0.000010 0.941421 0.000010 0.051363 0.007196
0.002838 0.967445 0.000010 0.028019 0.001688
0.000010 0.937658 0.000010 0.050133 0.012189
0.000010 0.934767 0.000010 0.050493 0.014720
0.000010 0.953451 0.000010 0.036128 0.010400
0.000010 0.934633 0.000010 0.044820 0.020528
0.000010 0.950275 0.000010 0.036338 0.013367
0.000010 0.912533 0.000010 0.059081 0.028366
0.000010 0.961990 0.000010 0.036865 0.001125
0.000010 0.925397 0.000010 0.060144 0.014439
0.000010 0.938483 0.000010 0.043706 0.017791
0.000010 0.945810 0.000010 0.036133 0.018037
0.000010 0.923518 0.000010 0.054452 0.022010
0.000010 0.941577 0.000010 0.038448 0.019955
0.000010 0.934313 0.000010 0.046956 0.018711
0.000010 0.927186 0.000010 0.053585 0.019210
0.000010 0.928194 0.000010 0.052816 0.018970
0.000010 0.930991 0.000010 0.048039 0.020949
0.000010 0.945289 0.000010 0.039220 0.015472
0.000010 0.917281 0.000010 0.057110 0.025588
0.000010 0.933986 0.000010 0.049949 0.016045
0.000010 0.962870 0.000010 0.026491 0.010619
0.000010 0.941436 0.000010 0.051336 0.007208
0.000010 0.954495 0.000010 0.030719 0.014766
0.000010 0.973337 0.000010 0.025385 0.001258
0.000010 0.948692 0.000010 0.041514 0.009775
0.000010 0.927018 0.000010 0.044991 0.027971
0.000010 0.925726 0.000010 0.055640 0.018614
0.000010 0.941059 0.000010 0.049233 0.009688
0.000010 0.000010 0.000010 0.999960 0.000010
0.000010 0.000010 0.000010 0.999960 0.000010
0.000010 0.000010 0.000010 0.999960 0.000010
0.000010 0.000010 0.000010 0.999960 0.000010
0.000010 0.000011 0.000010 0.999959 0.000010
0.000010 0.000010 0.000010 0.999960 0.000010
0.000010 0.000010 0.000010 0.999960 0.000010
0.000010 0.000010 0.000010 0.999960 0.000010
0.000010 0.000010 0.000010 0.999960 0.000010
0.000010 0.000010 0.000010 0.999960 0.000010
0.000010 0.000010 0.000010 0.999960 0.000010
0.000010 0.000010 0.000010 0.999960 0.000010
0.000010 0.000010 0.000010 0.999960 0.000010
0.000010 0.000010 0.000010 0.999960 0.000010
0.000010 0.000010 0.000010 0.999960 0.000010
0.000010 0.000012 0.000010 0.999958 0.000010
0.000010 0.000010 0.000010 0.999960 0.000010
0.000010 0.000010 0.000010 0.999960 0.000010
0.000010 0.000010 0.000010 0.999960 0.000010
0.000010 0.000010 0.000010 0.999960 0.000010
0.000010 0.000010 0.000010 0.999960 0.000010
0.000010 0.000010 0.000010 0.999960 0.000010
0.000010 0.000010 0.000010 0.999960 0.000010
0.000010 0.000010 0.000010 0.999960 0.000010
0.000010 0.000010 0.000010 0.999960 0.000010
0.000010 0.000010 0.000010 0.999960 0.000010
0.000010 0.000010 0.000010 0.999960 0.000010
0.000010 0.000010 0.000010 0.999960 0.000010
0.000010 0.000010 0.000010 0.999960 0.000010
0.000010 0.000011 0.000010 0.999959 0.000010
0.000010 0.000010 0.000010 0.999960 0.000010
0.000010 0.000011 0.000010 0.999959 0.000010
0.000010 0.000017 0.000010 0.999953 0.000010
0.000010 0.000012 0.000010 0.999958 0.000010
0.000010 0.000010 0.000010 0.999960 0.000010
0.000010 0.000012 0.000010 0.999958 0.000010
0.000010 0.000010 0.000010 0.999960 0.000010
0.000010 0.000010 0.000010 0.999960 0.000010
0.000010 0.000010 0.000010 0.999960 0.000010
0.000010 0.000010 0.000010 0.999960 0.000010
0.000010 0.000010 0.000010 0.999960 0.000010
0.000010 0.751204 0.080291 0.000010 0.168484
0.006813 0.605869 0.176174 0.000010 0.211134
0.012162 0.794629 0.075840 0.000010 0.117359
0.000010 0.000010 0.000010 0.999960 0.000010
0.000019 0.000010 0.000010 0.999951 0.000010
0.000010 0.000010 0.000010 0.999960 0.000010
0.000010 0.000010 0.000010 0.999960 0.000010
0.000010 0.000010 0.000010 0.999960 0.000010
0.000010 0.000010 0.000010 0.999960 0.000010
0.000010 0.000010 0.000010 0.999960 0.000010
0.000010 0.000010 0.000010 0.999960 0.000010
0.000010 0.000010 0.000010 0.999960 0.000010
0.000010 0.000010 0.000010 0.999960 0.000010
0.000010 0.005535 0.000010 0.974828 0.019617
0.000010 0.000010 0.000010 0.999960 0.000010
0.000010 0.000010 0.000010 0.999960 0.000010
0.000010 0.000010 0.000010 0.999960 0.000010
0.000010 0.000015 0.000010 0.999955 0.000010
0.000010 0.000010 0.000010 0.999960 0.000010
0.000010 0.000010 0.000010 0.999960 0.000010
0.000010 0.000010 0.000010 0.999960 0.000010
0.000010 0.000011 0.000010 0.999959 0.000010
0.000010 0.000010 0.000010 0.999960 0.000010
0.000010 0.000010 0.000010 0.999960 0.000010
0.000010 0.000010 0.000010 0.999960 0.000010
0.000010 0.000010 0.000010 0.999960 0.000010
0.000010 0.000010 0.000010 0.999960 0.000010
0.000010 0.020921 0.031355 0.947703 0.000010
0.000010 0.000010 0.000010 0.999960 0.000010
0.000010 0.000010 0.000010 0.999960 0.000010
0.000010 0.000010 0.000010 0.999960 0.000010
0.000010 0.000010 0.000010 0.999960 0.000010
0.000011 0.000010 0.000010 0.999959 0.000010
0.000010 0.000010 0.000010 0.999960 0.000010
0.000010 0.000010 0.000010 0.999960 0.000010
0.000010 0.000010 0.000010 0.999960 0.000010
0.000010 0.710693 0.152387 0.000010 0.136900
0.007995 0.665735 0.167098 0.000010 0.159161
0.009928 0.790325 0.071028 0.000010 0.128709
0.012758 0.736154 0.078318 0.000010 0.172761
0.000010 0.000010 0.000010 0.999960 0.000010
0.000010 0.000010 0.000010 0.999960 0.000010
0.000010 0.000010 0.000010 0.999960 0.000010
0.000010 0.000010 0.000010 0.999960 0.000010
0.000010 0.000010 0.000010 0.999960 0.000010
0.000010 0.000010 0.000010 0.999960 0.000010
0.000010 0.000010 0.000010 0.999960 0.000010
0.000010 0.000012 0.000010 0.999958 0.000010
0.000010 0.000010 0.000010 0.999960 0.000010
0.000010 0.000010 0.000013 0.999957 0.000010
0.000010 0.000012 0.000010 0.999958 0.000010
0.000010 0.000010 0.000010 0.999960 0.000010
0.000010 0.000010 0.000010 0.999960 0.000010
0.000010 0.000010 0.000010 0.999960 0.000010
0.000010 0.000010 0.000010 0.999960 0.000010
0.000010 0.000010 0.000010 0.999960 0.000010
0.000010 0.000010 0.000010 0.999960 0.000010
0.000016 0.000010 0.000010 0.999954 0.000010
0.000010 0.000010 0.000010 0.999960 0.000010
0.000010 0.000010 0.000010 0.999960 0.000010
0.000010 0.000010 0.000010 0.999960 0.000010
0.000010 0.000010 0.000010 0.999960 0.000010
0.000010 0.000010 0.000010 0.999960 0.000010
0.000010 0.000010 0.000010 0.999960 0.000010
0.000010 0.000010 0.000010 0.999960 0.000010
0.000010 0.000010 0.000010 0.999960 0.000010
0.002691 0.896780 0.019453 0.000010 0.081065
0.012689 0.802788 0.048961 0.000010 0.135552
0.000010 0.673186 0.104562 0.000010 0.222232
0.000010 0.833591 0.055830 0.000010 0.110559
0.000010 0.808879 0.075120 0.000010 0.115980
0.000010 0.894677 0.050101 0.000010 0.055202
0.000010 0.719297 0.118310 0.000010 0.162373
0.005926 0.880924 0.053203 0.000010 0.059937
0.000010 0.669803 0.090375 0.000010 0.239801
0.000010 0.000010 0.000010 0.999960 0.000010
0.000012 0.000010 0.000010 0.999958 0.000010
0.000010 0.000010 0.000010 0.999960 0.000010
0.000010 0.000010 0.000010 0.999960 0.000010
0.009718 0.000010 0.000010 0.990252 0.000010
0.000011 0.000010 0.000010 0.999959 0.000010
0.000010 0.000010 0.000010 0.999960 0.000010
0.000010 0.000010 0.000010 0.999960 0.000010
0.000010 0.000010 0.000010 0.999960 0.000010
0.000010 0.000010 0.000010 0.999960 0.000010
0.000010 0.000010 0.000010 0.999960 0.000010
0.000010 0.000010 0.000010 0.999960 0.000010
0.000010 0.000010 0.000010 0.999960 0.000010
0.000010 0.000010 0.000010 0.999960 0.000010
0.000010 0.819044 0.082285 0.000010 0.098651
0.000010 0.732567 0.113279 0.000010 0.154134
0.000010 0.628173 0.228966 0.000010 0.142841
0.000010 0.583836 0.210238 0.000010 0.205906
0.011290 0.584921 0.220007 0.000010 0.183772
0.000010 0.760200 0.056789 0.000010 0.182991
0.000010 0.761615 0.124061 0.000010 0.114305
0.007593 0.700292 0.130257 0.000010 0.161848
0.000010 0.786655 0.090834 0.000010 0.122490
0.000010 0.784017 0.068648 0.000010 0.147315
0.021946 0.492242 0.346925 0.000010 0.138877
0.000010 0.701652 0.175253 0.000010 0.123075
0.000010 0.790332 0.066491 0.000010 0.143157
0.005640 0.756552 0.079521 0.000010 0.158277
0.000010 0.745944 0.079740 0.000010 0.174295
0.000010 0.781551 0.048349 0.000010 0.170080
0.000010 0.769465 0.076784 0.000010 0.153731
0.000010 0.756605 0.074150 0.000010 0.169225
0.001236 0.853409 0.089212 0.000010 0.056133
0.006828 0.604255 0.195881 0.000010 0.193027
0.006634 0.698080 0.159301 0.000010 0.135975
0.000010 0.687895 0.086063 0.000010 0.226022
0.000010 0.619481 0.202641 0.000010 0.177859
0.000010 0.735256 0.091762 0.000010 0.172962
0.005810 0.743384 0.125713 0.000010 0.125083
0.000010 0.673691 0.127885 0.000010 0.198404
0.008429 0.696098 0.175220 0.000010 0.120243
0.007428 0.689094 0.145336 0.000010 0.158132
0.010009 0.601990 0.255327 0.000010 0.132664
0.000010 0.733224 0.132136 0.000010 0.134620
0.000010 0.746588 0.112053 0.000010 0.141338
0.000010 0.738653 0.089306 0.000010 0.172021
0.000010 0.760581 0.093264 0.000010 0.146136
0.000010 0.673998 0.146255 0.000010 0.179728
0.000010 0.688215 0.166108 0.000010 0.145656
0.013292 0.781370 0.077056 0.001940 0.126342
0.008415 0.830035 0.076797 0.000010 0.084743
0.000010 0.643705 0.227042 0.000010 0.129232
0.000010 0.279903 0.644740 0.000010 0.075338
0.005790 0.714076 0.128480 0.000010 0.151644
0.000010 0.720900 0.112736 0.000010 0.166344
0.000010 0.913042 0.009666 0.000010 0.077272
0.003568 0.687481 0.000010 0.000616 0.308324
0.000010 0.812256 0.054335 0.016934 0.116465
0.026455 0.614947 0.039696 0.000010 0.318892
0.000010 0.690910 0.065264 0.000010 0.243805
0.000010 0.554721 0.133932 0.000010 0.311327
0.027494 0.602021 0.090115 0.000010 0.280360
0.002568 0.679786 0.053793 0.000010 0.263843
0.003301 0.660760 0.052734 0.000010 0.283195
0.011982 0.800276 0.018417 0.000010 0.169315
0.005034 0.636551 0.115879 0.000010 0.242527
0.000019 0.617380 0.089771 0.000010 0.292821
0.006324 0.594624 0.015920 0.000010 0.383122
0.000010 0.506738 0.170883 0.000010 0.322360
0.003951 0.656630 0.034704 0.000010 0.304705
0.016511 0.415186 0.182924 0.000010 0.385369
0.000010 0.676116 0.051723 0.000010 0.272141
0.009878 0.424251 0.095479 0.000010 0.470382
0.000010 0.634922 0.182103 0.000010 0.182955
0.016499 0.716096 0.095393 0.000010 0.172002
0.000010 0.782044 0.091387 0.000010 0.126549
0.000010 0.620182 0.225249 0.000010 0.154549
0.042347 0.862873 0.027754 0.000010 0.067016
0.002685 0.710478 0.117532 0.000010 0.169295
0.000010 0.663180 0.181188 0.000010 0.155611
0.000010 0.881265 0.061184 0.000010 0.057531
0.000010 0.820141 0.058454 0.000010 0.121386
0.000010 0.743683 0.085862 0.000010 0.170435
0.002723 0.712311 0.069894 0.000010 0.215061
0.000010 0.701271 0.134182 0.000010 0.164527
0.000010 0.708910 0.116551 0.000010 0.174519
0.000010 0.554476 0.178386 0.000010 0.267118
0.005914 0.557512 0.200621 0.000010 0.235943
0.000010 0.614104 0.150668 0.000010 0.235208
0.000010 0.691128 0.087988 0.000010 0.220864
0.000010 0.780775 0.061996 0.000010 0.157209
0.000010 0.654341 0.182091 0.000010 0.163548
0.011515 0.847167 0.042868 0.000010 0.098441
0.021774 0.738369 0.095647 0.000010 0.144200
0.000010 0.758007 0.114581 0.000010 0.127392
0.000010 0.234629 0.683494 0.000010 0.081858
0.025445 0.412106 0.495703 0.000010 0.066736
0.000010 0.623079 0.193799 0.000010 0.183101
0.011157 0.760986 0.115518 0.000010 0.112329
0.004545 0.590095 0.075125 0.000010 0.330225
0.001133 0.693265 0.015604 0.000453 0.289544
0.000010 0.712687 0.046359 0.000010 0.240933
0.007257 0.527216 0.167311 0.000010 0.298206
0.003567 0.802479 0.000010 0.000010 0.193933
0.000010 0.680800 0.001417 0.000010 0.317763
0.000010 0.832706 0.023512 0.000010 0.143762
0.001796 0.532113 0.138427 0.000010 0.327654
0.000010 0.651719 0.070622 0.000010 0.277639
0.009655 0.656036 0.071116 0.000010 0.263183
0.018736 0.482209 0.175683 0.000010 0.323362
0.000010 0.954417 0.004816 0.000010 0.040747
0.007841 0.605882 0.000010 0.000010 0.386257
0.000010 0.700543 0.009805 0.000010 0.289632
0.001597 0.704865 0.022174 0.000010 0.271354
0.000010 0.700922 0.061803 0.000010 0.237255
0.000010 0.612141 0.242976 0.000010 0.144862
0.012628 0.680575 0.106295 0.000010 0.200492
0.021822 0.680847 0.104285 0.000010 0.193036
0.010111 0.645945 0.149263 0.000010 0.194671
0.000010 0.600711 0.230649 0.000010 0.168620
0.006291 0.814604 0.088110 0.001039 0.089956
0.000010 0.736049 0.128392 0.000010 0.135539
0.008638 0.708766 0.112144 0.000010 0.170442
0.001019 0.777580 0.126420 0.000010 0.094971
0.003584 0.691537 0.103856 0.000483 0.200540
0.000010 0.999960 0.000010 0.000010 0.000010
0.021029 0.363502 0.000010 0.000010 0.615450
0.000010 0.413036 0.351117 0.000010 0.235827
0.000010 0.545261 0.022370 0.000010 0.432349
0.000010 0.703271 0.053371 0.000010 0.243338
0.017304 0.537598 0.035264 0.000010 0.409824
0.000010 0.508959 0.072493 0.000010 0.418528
0.000010 0.687183 0.001403 0.000010 0.311394
0.000010 0.769092 0.025148 0.000010 0.205740
0.003674 0.799764 0.014530 0.000010 0.182021
0.002670 0.619594 0.054590 0.000010 0.323136
0.000010 0.675628 0.010875 0.000010 0.313477
0.000944 0.693425 0.041647 0.000010 0.263974
0.010504 0.679088 0.055132 0.000010 0.255266
0.013401 0.612408 0.123402 0.000010 0.250779
0.000998 0.492135 0.174840 0.000010 0.332017
0.010661 0.552105 0.145091 0.000010 0.292133
0.000010 0.617466 0.110084 0.006244 0.266196
0.000010 0.336587 0.122877 0.000010 0.540516
0.000010 0.629904 0.034719 0.000010 0.335357
0.000010 0.712705 0.005331 0.000010 0.281943
0.000010 0.544208 0.136064 0.000010 0.319709
0.000010 0.574360 0.100165 0.000010 0.325455
0.000010 0.560675 0.032575 0.000010 0.406730
0.000010 0.717000 0.025429 0.000010 0.257550
0.000010 0.695000 0.060179 0.000010 0.244801
0.011069 0.795010 0.047614 0.000010 0.146297
0.002146 0.406366 0.280808 0.000010 0.310670
0.000010 0.633029 0.163636 0.000010 0.203315
0.009595 0.625405 0.211728 0.000010 0.153261
0.000010 0.776476 0.077216 0.000010 0.146288
0.007945 0.607977 0.170289 0.000010 0.213779
0.000010 0.658773 0.165010 0.000010 0.176198
0.012401 0.625086 0.167635 0.003179 0.191699
0.017275 0.637415 0.172502 0.000010 0.172798
0.018236 0.772351 0.092501 0.000010 0.116902
0.000010 0.676646 0.082875 0.000010 0.240459
0.022022 0.643755 0.135806 0.000010 0.198407
0.012110 0.666290 0.136503 0.000010 0.185087
0.004179 0.600315 0.112835 0.000010 0.282660
0.012926 0.703805 0.026658 0.000010 0.256602
0.013668 0.412332 0.036375 0.000010 0.537615
0.000010 0.867115 0.007628 0.000010 0.125237
0.000673 0.941031 0.010326 0.000010 0.047959
0.032263 0.533684 0.000010 0.000010 0.434032
0.014193 0.337639 0.044269 0.000010 0.603890
0.003766 0.595574 0.087317 0.000010 0.313333
0.026105 0.655379 0.060797 0.000010 0.257709
0.000010 0.550947 0.025127 0.000010 0.423906
0.005435 0.536313 0.042802 0.000010 0.415440
0.000010 0.536296 0.030282 0.000010 0.433402
0.006700 0.422993 0.178133 0.000010 0.392164
0.002078 0.387169 0.289800 0.000010 0.320943
0.000010 0.470609 0.183126 0.000010 0.346244
0.000010 0.780282 0.007302 0.000010 0.212396
0.000010 0.779957 0.015167 0.000010 0.204856
0.000010 0.808886 0.034902 0.000010 0.156193
0.000010 0.832533 0.025711 0.000010 0.141736
0.000327 0.366582 0.357743 0.000010 0.275337
0.013159 0.578495 0.026627 0.000010 0.381709
0.000010 0.696653 0.148541 0.000010 0.154786
0.015524 0.843298 0.015591 0.000010 0.125577
0.000010 0.817360 0.005638 0.000010 0.176982
0.000010 0.761041 0.021981 0.000010 0.216958
0.002063 0.468238 0.092984 0.000010 0.436705
0.003409 0.475428 0.115534 0.000010 0.405619
0.000010 0.573825 0.033623 0.000010 0.392532
0.000010 0.587119 0.040034 0.000010 0.372826
0.012893 0.966083 0.021004 0.000010 0.000010
0.000010 0.977957 0.022013 0.000010 0.000010
0.000010 0.991206 0.008764 0.000010 0.000010
0.000010 0.984803 0.010289 0.000010 0.004887
0.001064 0.985995 0.012921 0.000010 0.000010
0.000018 0.989140 0.010822 0.000010 0.000010
0.000010 0.988198 0.011772 0.000010 0.000010
0.000012 0.994115 0.005853 0.000010 0.000010
0.000010 0.999960 0.000010 0.000010 0.000010
0.000010 0.993805 0.006165 0.000010 0.000010
0.000010 0.999960 0.000010 0.000010 0.000010
0.000010 0.999960 0.000010 0.000010 0.000010
0.000010 0.999960 0.000010 0.000010 0.000010
0.000010 0.999960 0.000010 0.000010 0.000010
0.000010 0.999960 0.000010 0.000010 0.000010
0.000010 0.999960 0.000010 0.000010 0.000010
0.000010 0.990056 0.009914 0.000010 0.000010
0.000010 0.985253 0.014717 0.000010 0.000010
0.003144 0.967874 0.028962 0.000010 0.000010
0.000010 0.982098 0.017872 0.000010 0.000010
0.000010 0.980238 0.019732 0.000010 0.000010
0.000010 0.986236 0.013734 0.000010 0.000010
0.000010 0.992323 0.007647 0.000010 0.000010
0.000010 0.999960 0.000010 0.000010 0.000010
0.000010 0.696316 0.061991 0.000010 0.241673
0.000010 0.365096 0.385135 0.000010 0.249750
0.029047 0.385720 0.232578 0.000010 0.352645
0.001564 0.267822 0.000010 0.000010 0.730594
0.023200 0.478123 0.000010 0.000010 0.498656
0.000010 0.289313 0.000010 0.000010 0.710657
0.000012 0.000010 0.000010 0.000010 0.999958
0.002522 0.471587 0.057966 0.000010 0.467915
0.000010 0.348829 0.000010 0.000010 0.651141
0.799040 0.199006 0.000010 0.000010 0.001934
0.775001 0.219116 0.000010 0.000010 0.005864
0.770525 0.226879 0.000010 0.000010 0.002575
0.719648 0.280322 0.000010 0.000010 0.000010
0.011076 0.000010 0.000010 0.988894 0.000010
0.034778 0.000014 0.000010 0.965188 0.000010
0.017655 0.000010 0.000010 0.982315 0.000010
0.022821 0.000010 0.000010 0.977149 0.000010
0.025960 0.000013 0.000010 0.974008 0.000010
0.010054 0.000010 0.000010 0.989916 0.000010
0.001134 0.982303 0.013500 0.000010 0.003052
0.000010 0.985178 0.014792 0.000010 0.000010
0.000010 0.994664 0.005306 0.000010 0.000010
0.000010 0.991052 0.008918 0.000010 0.000010
0.008532 0.984374 0.007074 0.000010 0.000010
0.000010 0.986384 0.013586 0.000010 0.000010
0.000010 0.988842 0.011128 0.000010 0.000010
0.000010 0.982012 0.017958 0.000010 0.000010
0.011548 0.987578 0.000854 0.000010 0.000010
0.009237 0.990731 0.000012 0.000010 0.000010
0.000014 0.991612 0.008354 0.000010 0.000010
0.003955 0.973248 0.008283 0.000010 0.014504
0.006312 0.987031 0.006637 0.000010 0.000010
0.000010 0.981875 0.018095 0.000010 0.000010
0.000010 0.989017 0.010953 0.000010 0.000010
0.002263 0.974844 0.019859 0.003024 0.000010
0.001255 0.993813 0.003436 0.000010 0.001487
0.020488 0.965230 0.014262 0.000010 0.000010
0.014943 0.932556 0.052103 0.000388 0.000010
0.014998 0.951878 0.033104 0.000010 0.000010
0.000010 0.999960 0.000010 0.000010 0.000010
0.000010 0.999959 0.000010 0.000011 0.000010
0.007566 0.969628 0.022785 0.000010 0.000010
0.000010 0.959642 0.040328 0.000010 0.000010
0.007201 0.987332 0.005447 0.000010 0.000010
0.000010 0.996935 0.000010 0.000010 0.003035
0.000010 0.999960 0.000010 0.000010 0.000010
0.000010 0.999960 0.000010 0.000010 0.000010
0.000010 0.999960 0.000010 0.000010 0.000010
0.000010 0.999960 0.000010 0.000010 0.000010
0.000010 0.994589 0.005381 0.000010 0.000010
0.000010 0.993469 0.006501 0.000010 0.000010
0.000010 0.999960 0.000010 0.000010 0.000010
0.000010 0.999960 0.000010 0.000010 0.000010
0.000010 0.981767 0.018203 0.000010 0.000010
0.000190 0.987260 0.012530 0.000010 0.000010
0.000010 0.954776 0.045194 0.000010 0.000010
0.003604 0.951549 0.044827 0.000010 0.000010
0.007395 0.967068 0.025517 0.000010 0.000010
0.000010 0.981643 0.018327 0.000010 0.000010
0.000010 0.999960 0.000010 0.000010 0.000010
0.000010 0.999960 0.000010 0.000010 0.000010
0.010590 0.967796 0.021594 0.000010 0.000010
0.000011 0.982160 0.017808 0.000010 0.000010
0.007772 0.984930 0.007278 0.000010 0.000010
0.003093 0.982646 0.014241 0.000010 0.000010
0.000010 0.979768 0.020202 0.000010 0.000010
0.013377 0.970275 0.016328 0.000010 0.000010
0.000010 0.995260 0.004710 0.000010 0.000010
0.000010 0.994402 0.005568 0.000010 0.000010
0.005811 0.980760 0.011518 0.001901 0.000010
0.000010 0.980185 0.019785 0.000010 0.000010
0.005319 0.994081 0.000580 0.000010 0.000010
0.000010 0.998073 0.001897 0.000010 0.000010
0.004757 0.979437 0.015786 0.000010 0.000010
0.022835 0.942221 0.034923 0.000010 0.000010
0.011387 0.972959 0.015633 0.000010 0.000010
0.007285 0.972991 0.019704 0.000010 0.000010
0.000010 0.986839 0.013131 0.000010 0.000010
0.000010 0.999960 0.000010 0.000010 0.000010
0.009213 0.990757 0.000010 0.000010 0.000010
0.000010 0.999960 0.000010 0.000010 0.000010
0.000010 0.999960 0.000010 0.000010 0.000010
0.000010 0.999960 0.000010 0.000010 0.000010
0.000010 0.999960 0.000010 0.000010 0.000010
0.000010 0.999960 0.000010 0.000010 0.000010
0.000010 0.984724 0.015246 0.000010 0.000010
0.000010 0.988016 0.011954 0.000010 0.000010
0.006000 0.993970 0.000010 0.000010 0.000010
0.000010 0.999960 0.000010 0.000010 0.000010
0.000010 0.999960 0.000010 0.000010 0.000010
0.001491 0.998479 0.000010 0.000010 0.000010
0.000010 0.999960 0.000010 0.000010 0.000010
0.000010 0.000010 0.000010 0.999960 0.000010
0.000010 0.000010 0.000010 0.999960 0.000010
0.000010 0.000010 0.000010 0.999960 0.000010
0.000010 0.000010 0.000010 0.999960 0.000010
0.000010 0.000010 0.000010 0.999960 0.000010
0.000010 0.000010 0.000010 0.999960 0.000010
0.000012 0.000010 0.000010 0.999958 0.000010
0.000010 0.000010 0.000010 0.999960 0.000010
0.000010 0.000010 0.000010 0.999960 0.000010
0.000010 0.000010 0.000010 0.999960 0.000010
0.000010 0.000010 0.000010 0.999960 0.000010
0.000010 0.000010 0.000010 0.999960 0.000010
0.000947 0.000010 0.000010 0.999023 0.000010
0.000010 0.000010 0.000010 0.999960 0.000010
0.000010 0.000010 0.000010 0.999960 0.000010
0.000010 0.000010 0.000010 0.999960 0.000010
0.000010 0.000010 0.000010 0.999960 0.000010
0.000010 0.000010 0.000010 0.999960 0.000010
0.000010 0.000010 0.000010 0.999960 0.000010
0.005277 0.000010 0.000010 0.994693 0.000010
0.000010 0.000010 0.000010 0.999960 0.000010
0.000010 0.000010 0.000012 0.999958 0.000010
0.014575 0.000013 0.000010 0.985392 0.000010
0.014635 0.000010 0.000010 0.985335 0.000010
0.019184 0.000010 0.000010 0.980786 0.000010
0.006314 0.000010 0.000010 0.993656 0.000010
0.023209 0.000010 0.000010 0.976761 0.000010
0.025137 0.000010 0.000010 0.974833 0.000010
0.035821 0.000010 0.000010 0.964149 0.000010
0.026779 0.000010 0.000010 0.973191 0.000010
0.021024 0.000010 0.000013 0.978944 0.000010
0.033772 0.000016 0.000010 0.966192 0.000010
0.017931 0.000010 0.000010 0.982039 0.000010
0.010641 0.000010 0.000010 0.989329 0.000010
0.020203 0.000010 0.000010 0.979113 0.000663
0.020127 0.000010 0.000010 0.979843 0.000010
0.027126 0.000012 0.000010 0.972842 0.000010
0.018061 0.000010 0.000010 0.981909 0.000010
0.006874 0.000010 0.000010 0.993096 0.000010
0.004838 0.000010 0.000010 0.995132 0.000010
0.009862 0.000010 0.000010 0.990108 0.000010
0.023514 0.000011 0.000010 0.976455 0.000010
0.017264 0.000010 0.000010 0.982706 0.000010
0.007286 0.000010 0.000010 0.992684 0.000010
0.017827 0.000010 0.000010 0.982143 0.000010
0.001436 0.000010 0.000010 0.998534 0.000010
0.030840 0.000013 0.000010 0.969127 0.000010
0.024931 0.000010 0.000010 0.975039 0.000010
0.021308 0.000010 0.000011 0.978662 0.000010
0.009243 0.000011 0.000010 0.990726 0.000010
0.012784 0.000010 0.000010 0.987186 0.000010
0.030880 0.000010 0.000010 0.969089 0.000010
0.020980 0.000010 0.000010 0.978990 0.000010
0.017742 0.000660 0.000010 0.981578 0.000010
0.021152 0.000010 0.000010 0.978818 0.000010
0.026797 0.000010 0.000010 0.973173 0.000010
0.000010 0.157760 0.839876 0.002344 0.000010
0.341593 0.058193 0.544166 0.052008 0.004040
0.000010 0.039229 0.960741 0.000010 0.000010
0.002340 0.143342 0.854299 0.000010 0.000010
0.000010 0.053620 0.946350 0.000010 0.000010
0.001791 0.110237 0.887952 0.000010 0.000010
0.000010 0.026691 0.973279 0.000010 0.000010
0.005463 0.114772 0.878374 0.000010 0.001381
0.000010 0.163350 0.047474 0.000010 0.789156
0.000010 0.268817 0.121934 0.000010 0.609229
0.000010 0.085646 0.914324 0.000010 0.000010
0.003625 0.017203 0.976011 0.000010 0.003150
0.002810 0.090558 0.906612 0.000010 0.000010
0.000010 0.141729 0.851405 0.000010 0.006846
0.015900 0.056442 0.927638 0.000010 0.000010
0.000010 0.062602 0.000010 0.000010 0.937368
0.000010 0.172726 0.000010 0.000010 0.827244
0.000010 0.000010 0.000013 0.000010 0.999957
0.000010 0.174738 0.000010 0.000010 0.825232
0.000010 0.000010 0.000010 0.000010 0.999960
0.000141 0.108465 0.105321 0.060697 0.725376
0.000011 0.000010 0.000010 0.000010 0.999959
0.000015 0.000010 0.000010 0.000010 0.999955
0.000010 0.133644 0.000010 0.000010 0.866326
0.002924 0.183676 0.090913 0.043108 0.679379
0.000010 0.209395 0.000010 0.000010 0.790575
0.000012 0.000010 0.000010 0.000010 0.999958
0.000010 0.159349 0.000010 0.000010 0.840621
0.000010 0.070116 0.049302 0.000010 0.880562
0.000010 0.088460 0.000010 0.000010 0.911510
0.000010 0.067695 0.000010 0.388079 0.544206
0.000010 0.162211 0.000010 0.000010 0.837759
0.021803 0.301588 0.013147 0.000010 0.663451
0.022090 0.063528 0.160132 0.053283 0.700966
0.014665 0.036385 0.037862 0.000010 0.911078
0.000010 0.000010 0.000012 0.000010 0.999958
0.000010 0.032762 0.000010 0.000010 0.967208
0.000010 0.001755 0.000010 0.000010 0.998215
0.000010 0.068306 0.931664 0.000010 0.000010
0.000010 0.136329 0.860411 0.000010 0.003241
0.000011 0.000010 0.000010 0.000010 0.999959
0.017374 0.266438 0.079243 0.000010 0.636934
0.000010 0.314300 0.000010 0.000010 0.685670
0.000010 0.000011 0.000010 0.000010 0.999959
0.000010 0.293987 0.000010 0.000010 0.705983
0.000010 0.238006 0.149030 0.000010 0.612943
0.005153 0.114186 0.002692 0.000010 0.877959
0.000010 0.000010 0.000010 0.000010 0.999960
0.008356 0.262913 0.000010 0.000010 0.728711
0.000010 0.145281 0.000010 0.000010 0.854689
0.007052 0.236297 0.000010 0.000010 0.756631
0.028833 0.181767 0.000010 0.000010 0.789380
0.000010 0.160907 0.000010 0.000010 0.839063
0.001170 0.074387 0.924423 0.000010 0.000010
0.000010 0.128394 0.871576 0.000010 0.000010
0.000011 0.443302 0.556668 0.000010 0.000010
0.006931 0.137999 0.855050 0.000010 0.000010
0.000010 0.072306 0.922312 0.005361 0.000010
0.011679 0.194480 0.000010 0.000010 0.793822
0.009065 0.010489 0.000010 0.000010 0.980426
0.000010 0.043926 0.000010 0.000010 0.956044
0.005443 0.156202 0.000010 0.000010 0.838335
0.000010 0.115193 0.000010 0.000010 0.884777
0.000010 0.093476 0.000010 0.000010 0.906494
0.000010 0.155940 0.844030 0.000010 0.000010
0.000010 0.165035 0.834935 0.000010 0.000010
0.000010 0.078983 0.920987 0.000010 0.000010
0.005804 0.026400 0.966808 0.000010 0.000977
0.000010 0.133002 0.866968 0.000010 0.000010
0.104700 0.000010 0.000010 0.895270 0.000010
0.035015 0.000012 0.000010 0.964953 0.000010
0.017784 0.000010 0.000010 0.982186 0.000010
0.025607 0.000010 0.000010 0.974363 0.000010
0.009210 0.000018 0.000010 0.990752 0.000010
0.009519 0.000010 0.000010 0.990451 0.000010
0.000010 0.000010 0.000010 0.999960 0.000010
0.018956 0.000010 0.000010 0.981014 0.000010
0.000010 0.000010 0.000010 0.999960 0.000010
0.000010 0.000011 0.000010 0.999959 0.000010
0.003556 0.000010 0.000010 0.996414 0.000010
0.023353 0.000012 0.000010 0.976615 0.000010
0.023449 0.000017 0.000010 0.976514 0.000010
0.019960 0.000011 0.000010 0.980009 0.000010
0.025465 0.000010 0.000010 0.974505 0.000010
0.024374 0.000010 0.000010 0.975596 0.000010
0.009460 0.000010 0.000010 0.990510 0.000010
0.000010 0.024691 0.975279 0.000010 0.000010
0.000010 0.028194 0.971776 0.000010 0.000010
0.003065 0.060154 0.936761 0.000010 0.000010
0.000010 0.130036 0.869934 0.000010 0.000010
0.020400 0.000010 0.000010 0.979570 0.000010
0.052486 0.000010 0.000010 0.947484 0.000010
0.009775 0.000010 0.000010 0.990195 0.000010
0.022760 0.000018 0.000010 0.977203 0.000010
0.012907 0.000014 0.000010 0.987059 0.000010
0.041764 0.000010 0.000010 0.958206 0.000010
0.019426 0.000010 0.000010 0.980544 0.000010
0.034675 0.000010 0.000010 0.965295 0.000010
0.011002 0.000010 0.000010 0.988968 0.000010
0.033818 0.000012 0.000010 0.966149 0.000010
0.009942 0.000010 0.000010 0.990028 0.000010
0.000013 0.000010 0.000010 0.999957 0.000010
0.019055 0.000010 0.000010 0.980915 0.000010
0.020523 0.000018 0.000010 0.979438 0.000010
0.005532 0.000010 0.000010 0.994438 0.000010
0.020506 0.000010 0.000010 0.979464 0.000010
0.016633 0.000010 0.000010 0.983337 0.000010
0.030773 0.000012 0.000010 0.969195 0.000010
0.022929 0.000010 0.000010 0.977041 0.000010
0.006989 0.000010 0.000010 0.992981 0.000010
0.008319 0.273359 0.000010 0.000010 0.718301
0.000010 0.273371 0.112542 0.000010 0.614067
0.006051 0.058366 0.935563 0.000010 0.000010
0.000010 0.020526 0.000010 0.000010 0.979444
0.000013 0.000010 0.000010 0.000010 0.999957
0.000010 0.036280 0.963690 0.000010 0.000010
0.003240 0.159416 0.832113 0.005221 0.000010
0.000010 0.073498 0.926472 0.000010 0.000010
0.020770 0.000012 0.000018 0.979190 0.000010
0.029534 0.000010 0.000010 0.970436 0.000010
0.019945 0.000010 0.000010 0.980024 0.000010
0.008598 0.000010 0.000010 0.991372 0.000010
0.002867 0.000010 0.000010 0.997103 0.000010
0.026765 0.000010 0.000010 0.973205 0.000010
0.023489 0.000011 0.000010 0.976480 0.000010
0.094327 0.000010 0.000010 0.905643 0.000010
0.021637 0.000011 0.000010 0.978332 0.000010
0.007141 0.000010 0.000010 0.992829 0.000010
0.031082 0.000011 0.000010 0.968887 0.000010
0.012177 0.000010 0.000010 0.987793 0.000010
0.022020 0.000010 0.000010 0.977950 0.000010
0.016036 0.000010 0.000011 0.983934 0.000010
0.021861 0.000010 0.000010 0.978109 0.000010
0.018145 0.000010 0.000010 0.981825 0.000010
0.024809 0.079639 0.000010 0.895532 0.000010
0.000867 0.178915 0.818047 0.000010 0.002161
0.001087 0.065495 0.933398 0.000010 0.000010
0.000010 0.037523 0.000010 0.000010 0.962447
0.000010 0.000013 0.000010 0.000010 0.999957
0.000010 0.000010 0.000010 0.999960 0.000010
0.000010 0.000010 0.000010 0.999960 0.000010
0.000011 0.000010 0.000010 0.999959 0.000010
0.000010 0.000010 0.000010 0.999960 0.000010
0.000010 0.000010 0.000010 0.999960 0.000010
0.000010 0.000010 0.000010 0.999960 0.000010
0.000011 0.000010 0.000010 0.999959 0.000010
0.013126 0.000010 0.000010 0.986844 0.000010
0.000010 0.000010 0.000010 0.999960 0.000010
0.000010 0.000010 0.000010 0.999960 0.000010
0.000010 0.000010 0.000010 0.999960 0.000010
0.000010 0.000010 0.000010 0.999960 0.000010
0.000010 0.000010 0.000010 0.999960 0.000010
0.000010 0.000010 0.000010 0.999960 0.000010
0.000010 0.000010 0.000010 0.999960 0.000010
0.000010 0.000010 0.000010 0.999960 0.000010
0.000010 0.000010 0.000010 0.999960 0.000010
0.003052 0.000010 0.000010 0.996918 0.000010
0.000010 0.000010 0.000010 0.999960 0.000010
0.000010 0.000018 0.000010 0.999952 0.000010
0.000010 0.999960 0.000010 0.000010 0.000010
0.000010 0.999960 0.000010 0.000010 0.000010
0.015167 0.984803 0.000010 0.000010 0.000010
0.000496 0.996655 0.002830 0.000010 0.000010
0.013918 0.984859 0.001202 0.000010 0.000010
0.000012 0.999958 0.000010 0.000010 0.000010
0.000010 0.999960 0.000010 0.000010 0.000010
0.008121 0.991849 0.000010 0.000010 0.000010
0.000010 0.985847 0.014123 0.000010 0.000010
0.000010 0.983663 0.016307 0.000010 0.000010
0.004871 0.987447 0.007662 0.000010 0.000010
0.000010 0.987506 0.012464 0.000010 0.000010
0.000338 0.983616 0.016026 0.000010 0.000010
0.062445 0.927529 0.010006 0.000010 0.000010
0.013977 0.280717 0.000010 0.000010 0.705286
0.008895 0.396976 0.000010 0.000010 0.594110
0.006086 0.065012 0.928882 0.000010 0.000010
0.000010 0.201985 0.772610 0.000010 0.025385
0.000012 0.000010 0.000010 0.000010 0.999958
0.000010 0.112174 0.000010 0.000010 0.887796
0.000014 0.000010 0.000010 0.000010 0.999956
0.000017 0.000010 0.000010 0.000010 0.999953
0.000010 0.000010 0.000013 0.000010 0.999957
0.000010 0.000010 0.000010 0.000010 0.999960
0.019313 0.090067 0.253613 0.000010 0.636997
0.000011 0.000010 0.000011 0.000010 0.999958
0.000010 0.270993 0.000010 0.000010 0.728977
0.000152 0.008893 0.000010 0.000010 0.990935
0.000010 0.038826 0.961144 0.000010 0.000010
0.005377 0.206901 0.787701 0.000010 0.000010
0.005555 0.202009 0.792406 0.000020 0.000010
0.000459 0.155872 0.843649 0.000010 0.000010
0.000010 0.142118 0.000010 0.000010 0.857852
0.010997 0.187473 0.000010 0.000010 0.801509
0.000011 0.000010 0.000010 0.000010 0.999959
0.000010 0.054882 0.000010 0.000010 0.945088
0.000010 0.065323 0.000010 0.000010 0.934647
0.000010 0.113677 0.000010 0.000010 0.886293
0.010093 0.049901 0.939986 0.000010 0.000010
0.000010 0.113102 0.886868 0.000010 0.000010
0.006523 0.089221 0.904236 0.000010 0.000010
0.000010 0.063698 0.933240 0.003043 0.000010
0.000010 0.121033 0.878937 0.000010 0.000010
0.000010 0.050721 0.949249 0.000010 0.000010
0.013098 0.043734 0.943148 0.000010 0.000010
0.009419 0.110804 0.879757 0.000010 0.000010
0.000021 0.070419 0.929539 0.000010 0.000010
0.006804 0.013124 0.974688 0.002848 0.002536
0.006657 0.100107 0.893216 0.000010 0.000010
0.000010 0.088504 0.911466 0.000010 0.000010
0.009034 0.228526 0.762420 0.000010 0.000010
0.001293 0.122809 0.875878 0.000010 0.000010
0.000010 0.020183 0.979787 0.000010 0.000010
0.000010 0.220900 0.779070 0.000010 0.000010
0.021373 0.335542 0.067268 0.095372 0.480446
0.000010 0.090906 0.000010 0.000010 0.909064
0.005533 0.000010 0.000012 0.994435 0.000010
0.000010 0.000010 0.000010 0.999960 0.000010
0.001374 0.000010 0.000010 0.998596 0.000010
0.000010 0.000010 0.000010 0.999960 0.000010
0.000010 0.000010 0.000010 0.999960 0.000010
0.000010 0.000010 0.000010 0.999960 0.000010
0.000010 0.000010 0.000010 0.999960 0.000010
0.000010 0.000010 0.000010 0.999960 0.000010
0.000010 0.000010 0.000010 0.999960 0.000010
0.000010 0.000010 0.000010 0.999960 0.000010
