0.617035 0.000010 0.000012 0.000012 0.382921 0.000010
0.636521 0.000010 0.000010 0.000010 0.363439 0.000010
0.576922 0.000010 0.000010 0.000010 0.423038 0.000010
0.627453 0.000010 0.000010 0.000010 0.372507 0.000010
0.579493 0.000010 0.000010 0.000010 0.420467 0.000010
0.585903 0.000010 0.000010 0.000010 0.414057 0.000010
0.640331 0.000010 0.000010 0.000010 0.359629 0.000010
0.622441 0.000010 0.000010 0.000010 0.377519 0.000010
0.639278 0.000010 0.000010 0.000010 0.360682 0.000010
0.588392 0.000010 0.000010 0.000010 0.411568 0.000010
0.607600 0.000010 0.000010 0.000010 0.392360 0.000010
0.649910 0.000014 0.000010 0.000010 0.350045 0.000010
0.577481 0.000010 0.000010 0.000010 0.422479 0.000010
0.566375 0.000010 0.000010 0.000010 0.433585 0.000010
0.597391 0.000010 0.000010 0.000010 0.402569 0.000010
0.610329 0.000010 0.000010 0.000010 0.389631 0.000010
0.602662 0.000010 0.000010 0.000010 0.397298 0.000010
0.631007 0.000016 0.000010 0.000010 0.368948 0.000010
0.586213 0.000010 0.000010 0.000010 0.413747 0.000010
0.610991 0.000010 0.000010 0.000010 0.388969 0.000010
0.590959 0.000010 0.000010 0.000010 0.409001 0.000010
0.603345 0.000010 0.000010 0.000010 0.396615 0.000010
0.601151 0.000010 0.000010 0.000010 0.398809 0.000010
0.609908 0.000010 0.000010 0.000010 0.390052 0.000010
0.579807 0.000010 0.000010 0.000010 0.420153 0.000010
0.583481 0.000010 0.000010 0.000010 0.416479 0.000010
0.640889 0.000010 0.000010 0.000010 0.359071 0.000010
0.663395 0.000010 0.000010 0.000010 0.336565 0.000010
0.624921 0.000010 0.000010 0.000010 0.375039 0.000010
0.606006 0.000010 0.000010 0.000010 0.393954 0.000010
0.665965 0.000010 0.000010 0.000010 0.333995 0.000010
0.625993 0.000010 0.000010 0.000010 0.373967 0.000010
0.674384 0.000010 0.000010 0.000010 0.325576 0.000010
0.648630 0.000010 0.000010 0.000010 0.351330 0.000010
0.579961 0.000010 0.000010 0.000012 0.419997 0.000010
0.637221 0.000010 0.000010 0.000010 0.362739 0.000010
0.645572 0.000010 0.000010 0.000010 0.354388 0.000010
0.623458 0.000010 0.000010 0.000010 0.376502 0.000010
0.607665 0.000010 0.000010 0.000010 0.392295 0.000010
0.589530 0.000010 0.000010 0.000010 0.410430 0.000010
0.655066 0.000010 0.000010 0.000010 0.344894 0.000010
0.635108 0.000010 0.000010 0.000010 0.364852 0.000010
0.653735 0.000010 0.000010 0.000010 0.346225 0.000010
0.631517 0.000010 0.000010 0.000010 0.368443 0.000010
0.592245 0.000010 0.000010 0.000010 0.407715 0.000010
0.629260 0.000010 0.000010 0.000010 0.370700 0.000010
0.627653 0.000010 0.000010 0.000010 0.372307 0.000010
0.657237 0.000010 0.000010 0.000010 0.342723 0.000010
0.610471 0.000010 0.000010 0.000010 0.389489 0.000010
0.626240 0.000010 0.000010 0.000010 0.373720 0.000010
0.656321 0.000010 0.000010 0.000010 0.343639 0.000010
0.608575 0.000010 0.000010 0.000010 0.391385 0.000010
0.000010 0.000010 0.000010 0.005628 0.994332 0.000010
0.000010 0.000010 0.000010 0.004473 0.995487 0.000010
0.106090 0.000010 0.000010 0.000010 0.893870 0.000010
0.000010 0.000197 0.000010 0.000010 0.999763 0.000010
0.000010 0.002758 0.002588 0.005474 0.989160 0.000010
0.000010 0.010236 0.000010 0.000010 0.989724 0.000010
0.000010 0.003152 0.000010 0.000010 0.996808 0.000010
0.000010 0.002832 0.000010 0.006467 0.990671 0.000010
0.208991 0.000010 0.030743 0.000010 0.760236 0.000010
0.000010 0.002579 0.000010 0.004816 0.992575 0.000010
0.000010 0.000010 0.000010 0.000010 0.999950 0.000010
0.000010 0.004954 0.000010 0.000010 0.995006 0.000010
0.000010 0.000010 0.000010 0.000010 0.999950 0.000010
0.000010 0.000232 0.000010 0.000010 0.999728 0.000010
0.000010 0.000010 0.000010 0.000010 0.999950 0.000010
0.038118 0.000937 0.000010 0.002852 0.958073 0.000010
0.098291 0.002382 0.016503 0.000010 0.882804 0.000010
0.665232 0.000010 0.000010 0.000010 0.334728 0.000010
0.671538 0.000010 0.000010 0.000010 0.328422 0.000010
0.655308 0.000010 0.000010 0.000010 0.344652 0.000010
0.620890 0.000010 0.000010 0.000010 0.379070 0.000010
0.660307 0.000010 0.000010 0.000010 0.339653 0.000010
0.661874 0.000010 0.000010 0.000010 0.338086 0.000010
0.638259 0.000010 0.000010 0.000010 0.361701 0.000010
0.643709 0.000010 0.000010 0.000010 0.356251 0.000010
0.623409 0.000010 0.000010 0.000010 0.376551 0.000010
0.666356 0.000010 0.000010 0.000010 0.333604 0.000010
0.625250 0.000010 0.000010 0.000010 0.374710 0.000010
0.637088 0.000010 0.000010 0.000010 0.362872 0.000010
0.673941 0.000010 0.000010 0.000010 0.326019 0.000010
0.640709 0.000010 0.000010 0.000010 0.359251 0.000010
0.677193 0.000010 0.000010 0.000011 0.322767 0.000010
0.651637 0.000010 0.000010 0.000010 0.348323 0.000010
0.710429 0.000010 0.000010 0.000010 0.289531 0.000010
0.621524 0.000010 0.000010 0.000010 0.378436 0.000010
0.639033 0.000010 0.000010 0.000010 0.360927 0.000010
0.694860 0.000010 0.000010 0.000010 0.305100 0.000010
0.642118 0.000010 0.000010 0.000010 0.357842 0.000010
0.642996 0.000010 0.000010 0.000010 0.356964 0.000010
0.653970 0.000010 0.000010 0.000010 0.345990 0.000010
0.652900 0.000010 0.000010 0.000010 0.347060 0.000010
0.660032 0.000010 0.000010 0.000010 0.339928 0.000010
0.623331 0.000010 0.000010 0.000010 0.376629 0.000010
0.658531 0.000010 0.000010 0.000010 0.341429 0.000010
0.636777 0.000018 0.000010 0.000010 0.363175 0.000010
0.688108 0.000010 0.000010 0.000010 0.311852 0.000010
0.630254 0.000010 0.000010 0.000010 0.369706 0.000010
0.616665 0.000010 0.000010 0.000010 0.383295 0.000010
0.000010 0.000010 0.000010 0.000010 0.999950 0.000010
0.000010 0.000010 0.000010 0.000010 0.999950 0.000010
0.041017 0.000010 0.000010 0.000010 0.958943 0.000010
0.000010 0.000010 0.000010 0.000011 0.999949 0.000010
0.000010 0.004014 0.000010 0.000010 0.995946 0.000010
0.000010 0.025920 0.000010 0.000010 0.974040 0.000010
0.036846 0.000010 0.000010 0.000010 0.963114 0.000010
0.000010 0.000010 0.000010 0.000010 0.999950 0.000010
0.044559 0.000010 0.000010 0.000010 0.955401 0.000010
0.000010 0.000010 0.000010 0.000010 0.999950 0.000010
0.167929 0.000010 0.000010 0.000010 0.832031 0.000010
0.000010 0.000010 0.000010 0.000010 0.999950 0.000010
0.000010 0.000010 0.000010 0.000011 0.999949 0.000010
0.000010 0.001626 0.000010 0.000010 0.998334 0.000010
0.000010 0.000010 0.000010 0.000010 0.999950 0.000010
0.000010 0.000010 0.000010 0.000010 0.999950 0.000010
0.000010 0.000010 0.000010 0.000010 0.999950 0.000010
0.000010 0.000010 0.012496 0.000010 0.987464 0.000010
0.000010 0.000010 0.001886 0.000010 0.998074 0.000010
0.000010 0.000010 0.000695 0.000010 0.999265 0.000010
0.077053 0.000010 0.000010 0.000010 0.922907 0.000010
0.000010 0.010372 0.000010 0.000017 0.989581 0.000010
0.000010 0.000010 0.000010 0.000010 0.999950 0.000010
0.006826 0.000010 0.000010 0.000010 0.993134 0.000010
0.165837 0.000010 0.000010 0.000010 0.834123 0.000010
0.000010 0.000010 0.000010 0.000010 0.999950 0.000010
0.000010 0.000015 0.000010 0.001040 0.998915 0.000010
0.000010 0.000010 0.000010 0.000010 0.999950 0.000010
0.000010 0.000010 0.000010 0.000010 0.999950 0.000010
0.041391 0.004107 0.000010 0.000010 0.954471 0.000010
0.000010 0.008149 0.000010 0.000480 0.991340 0.000010
0.000010 0.003538 0.000010 0.000010 0.996422 0.000010
0.000010 0.000010 0.000010 0.000010 0.999950 0.000010
0.000010 0.000010 0.000010 0.000010 0.999950 0.000010
0.000010 0.000010 0.000010 0.000010 0.999950 0.000010
0.000010 0.000010 0.000010 0.000010 0.999950 0.000010
0.000010 0.000010 0.000010 0.000010 0.999950 0.000010
0.049388 0.000010 0.000010 0.000010 0.950572 0.000010
0.024229 0.000010 0.000010 0.000010 0.975731 0.000010
0.000010 0.000010 0.000010 0.000740 0.999220 0.000010
0.000327 0.001013 0.010082 0.000010 0.988558 0.000010
0.058314 0.000010 0.000010 0.000010 0.941646 0.000010
0.000010 0.000010 0.000010 0.000010 0.999950 0.000010
0.000010 0.016360 0.000010 0.000010 0.983600 0.000010
0.094140 0.000010 0.000010 0.000010 0.905820 0.000010
0.000010 0.000010 0.000010 0.000010 0.999950 0.000010
0.039452 0.000010 0.012051 0.000010 0.948467 0.000010
0.177194 0.000010 0.049261 0.000011 0.773514 0.000010
0.000010 0.000010 0.000010 0.000010 0.999950 0.000010
0.000010 0.001231 0.000010 0.000010 0.998729 0.000010
0.269973 0.000010 0.000010 0.000010 0.729987 0.000010
0.000010 0.000010 0.000010 0.000010 0.999950 0.000010
0.024417 0.000010 0.000010 0.000010 0.975543 0.000010
0.000010 0.000010 0.000010 0.000010 0.999950 0.000010
0.222227 0.000010 0.000605 0.000010 0.777138 0.000010
0.000010 0.000010 0.000010 0.000010 0.999950 0.000010
0.000010 0.000010 0.000010 0.000010 0.999950 0.000010
0.078163 0.000010 0.000010 0.000010 0.921797 0.000010
0.000010 0.004515 0.000010 0.000010 0.995445 0.000010
0.006298 0.000010 0.000010 0.000010 0.993662 0.000010
0.000010 0.000010 0.000010 0.001751 0.998209 0.000010
0.000010 0.000010 0.000010 0.000010 0.999950 0.000010
0.000010 0.000010 0.000010 0.000010 0.999950 0.000010
0.000010 0.000010 0.007649 0.000010 0.992311 0.000010
0.000010 0.000010 0.000010 0.000010 0.999950 0.000010
0.000010 0.000010 0.000010 0.001004 0.998956 0.000010
0.000010 0.000010 0.000010 0.000010 0.999950 0.000010
0.008430 0.000010 0.000010 0.000010 0.991530 0.000010
0.000010 0.000010 0.000010 0.000010 0.999950 0.000010
0.000010 0.000010 0.000010 0.000010 0.999950 0.000010
0.000010 0.000010 0.000010 0.004365 0.995595 0.000010
0.000010 0.000010 0.000010 0.000010 0.999950 0.000010
0.000010 0.006435 0.000010 0.002028 0.991507 0.000010
0.000010 0.000010 0.000010 0.000010 0.999950 0.000010
0.024740 0.000010 0.000010 0.000010 0.975220 0.000010
0.000010 0.000010 0.000010 0.000010 0.999950 0.000010
0.000010 0.000010 0.000010 0.000010 0.999950 0.000010
0.182367 0.000010 0.000010 0.000010 0.817593 0.000010
0.000010 0.000010 0.000010 0.000010 0.999950 0.000010
0.000010 0.000010 0.000010 0.000010 0.999950 0.000010
0.000010 0.000010 0.000010 0.000010 0.999950 0.000010
0.000010 0.000010 0.000010 0.000010 0.999950 0.000010
0.000010 0.999950 0.000010 0.000010 0.000010 0.000010
0.000010 0.999950 0.000010 0.000010 0.000010 0.000010
0.000010 0.999950 0.000010 0.000010 0.000010 0.000010
0.000010 0.999950 0.000010 0.000010 0.000010 0.000010
0.000010 0.999950 0.000010 0.000010 0.000010 0.000010
0.000010 0.999950 0.000010 0.000010 0.000010 0.000010
0.000010 0.999950 0.000010 0.000010 0.000010 0.000010
0.000010 0.999950 0.000010 0.000010 0.000010 0.000010
0.000010 0.999950 0.000010 0.000010 0.000010 0.000010
0.000010 0.999950 0.000010 0.000010 0.000010 0.000010
0.000010 0.999950 0.000010 0.000010 0.000010 0.000010
0.000010 0.999950 0.000010 0.000010 0.000010 0.000010
0.000010 0.999950 0.000010 0.000010 0.000010 0.000010
0.000010 0.999950 0.000010 0.000010 0.000010 0.000010
0.000010 0.999950 0.000010 0.000010 0.000010 0.000010
0.000010 0.999950 0.000010 0.000010 0.000010 0.000010
0.000010 0.999950 0.000010 0.000010 0.000010 0.000010
0.000010 0.999950 0.000010 0.000010 0.000010 0.000010
0.000010 0.999950 0.000010 0.000010 0.000010 0.000010
0.000010 0.999950 0.000010 0.000010 0.000010 0.000010
0.000010 0.999950 0.000010 0.000010 0.000010 0.000010
0.000010 0.999950 0.000010 0.000010 0.000010 0.000010
0.000010 0.999950 0.000010 0.000010 0.000010 0.000010
0.000010 0.999950 0.000010 0.000010 0.000010 0.000010
0.000010 0.999950 0.000010 0.000010 0.000010 0.000010
0.000010 0.999950 0.000010 0.000010 0.000010 0.000010
0.000010 0.999950 0.000010 0.000010 0.000010 0.000010
0.000010 0.999950 0.000010 0.000010 0.000010 0.000010
0.000010 0.999950 0.000010 0.000010 0.000010 0.000010
0.000010 0.999950 0.000010 0.000010 0.000010 0.000010
0.000010 0.999950 0.000010 0.000010 0.000010 0.000010
0.000010 0.999950 0.000010 0.000010 0.000010 0.000010
0.000010 0.999950 0.000010 0.000010 0.000010 0.000010
0.000010 0.999950 0.000010 0.000010 0.000010 0.000010
0.000010 0.999950 0.000010 0.000010 0.000010 0.000010
0.000010 0.999950 0.000010 0.000010 0.000010 0.000010
0.000010 0.999950 0.000010 0.000010 0.000010 0.000010
0.000010 0.999950 0.000010 0.000010 0.000010 0.000010
0.000010 0.999950 0.000010 0.000010 0.000010 0.000010
0.000010 0.999950 0.000010 0.000010 0.000010 0.000010
0.000010 0.999950 0.000010 0.000010 0.000010 0.000010
0.759051 0.000010 0.000010 0.166550 0.000010 0.074369
0.617140 0.000010 0.000010 0.212023 0.000010 0.170807
0.797436 0.000010 0.009915 0.122762 0.000010 0.069867
0.000010 0.999950 0.000010 0.000010 0.000010 0.000010
0.000010 0.999950 0.000010 0.000010 0.000010 0.000010
0.000010 0.999950 0.000010 0.000010 0.000010 0.000010
0.000010 0.999950 0.000010 0.000010 0.000010 0.000010
0.000010 0.999950 0.000010 0.000010 0.000010 0.000010
0.000010 0.999950 0.000010 0.000010 0.000010 0.000010
0.000010 0.999950 0.000010 0.000010 0.000010 0.000010
0.000010 0.999947 0.000010 0.000013 0.000010 0.000010
0.000010 0.999950 0.000010 0.000010 0.000010 0.000010
0.000010 0.999950 0.000010 0.000010 0.000010 0.000010
0.006251 0.974411 0.000010 0.019308 0.000010 0.000010
0.000010 0.999950 0.000010 0.000010 0.000010 0.000010
0.000010 0.999950 0.000010 0.000010 0.000010 0.000010
0.000010 0.999950 0.000010 0.000010 0.000010 0.000010
0.000010 0.999950 0.000010 0.000010 0.000010 0.000010
0.000010 0.999950 0.000010 0.000010 0.000010 0.000010
0.000010 0.999950 0.000010 0.000010 0.000010 0.000010
0.000010 0.999950 0.000010 0.000010 0.000010 0.000010
0.000010 0.999950 0.000010 0.000010 0.000010 0.000010
0.000010 0.999950 0.000010 0.000010 0.000010 0.000010
0.000010 0.999950 0.000010 0.000010 0.000010 0.000010
0.000010 0.999950 0.000010 0.000010 0.000010 0.000010
0.000010 0.999950 0.000010 0.000010 0.000010 0.000010
0.000010 0.999950 0.000010 0.000010 0.000010 0.000010
0.014862 0.947510 0.000010 0.000010 0.006326 0.031282
0.000010 0.999950 0.000010 0.000010 0.000010 0.000010
0.000010 0.999950 0.000010 0.000010 0.000010 0.000010
0.000013 0.999947 0.000010 0.000010 0.000010 0.000010
0.000010 0.999950 0.000010 0.000010 0.000010 0.000010
0.000010 0.999950 0.000010 0.000010 0.000010 0.000010
0.000010 0.999950 0.000010 0.000010 0.000010 0.000010
0.000010 0.999950 0.000010 0.000010 0.000010 0.000010
0.000010 0.999950 0.000010 0.000010 0.000010 0.000010
0.714091 0.000010 0.000010 0.139815 0.000010 0.146064
0.672848 0.000010 0.007332 0.158942 0.000010 0.160858
0.798242 0.000010 0.005547 0.130618 0.000010 0.065573
0.745955 0.000010 0.010324 0.171542 0.000010 0.072159
0.000010 0.999950 0.000010 0.000010 0.000010 0.000010
0.000010 0.999950 0.000010 0.000010 0.000010 0.000010
0.000010 0.999950 0.000010 0.000010 0.000010 0.000010
0.000010 0.999950 0.000010 0.000010 0.000010 0.000010
0.000010 0.999950 0.000010 0.000010 0.000010 0.000010
0.000010 0.999950 0.000010 0.000010 0.000010 0.000010
0.000010 0.999950 0.000010 0.000010 0.000010 0.000010
0.000010 0.999950 0.000010 0.000010 0.000010 0.000010
0.000010 0.999950 0.000010 0.000010 0.000010 0.000010
0.000010 0.999950 0.000010 0.000010 0.000010 0.000010
0.000010 0.999950 0.000010 0.000010 0.000010 0.000010
0.000010 0.999950 0.000010 0.000010 0.000010 0.000010
0.000010 0.999950 0.000010 0.000010 0.000010 0.000010
0.000010 0.999950 0.000010 0.000010 0.000010 0.000010
0.000010 0.999950 0.000010 0.000010 0.000010 0.000010
0.000010 0.999950 0.000010 0.000010 0.000010 0.000010
0.000010 0.999950 0.000010 0.000010 0.000010 0.000010
0.000010 0.999950 0.000010 0.000010 0.000010 0.000010
0.000010 0.999950 0.000010 0.000010 0.000010 0.000010
0.000010 0.999950 0.000010 0.000010 0.000010 0.000010
0.000010 0.999950 0.000010 0.000010 0.000010 0.000010
0.000010 0.999950 0.000010 0.000010 0.000010 0.000010
0.000010 0.999950 0.000010 0.000010 0.000010 0.000010
0.000010 0.999950 0.000010 0.000010 0.000010 0.000010
0.000010 0.999950 0.000010 0.000010 0.000010 0.000010
0.000010 0.999950 0.000010 0.000010 0.000010 0.000010
0.898356 0.000010 0.000010 0.088534 0.000010 0.013080
0.813070 0.004259 0.002471 0.137208 0.000010 0.042982
0.678648 0.000010 0.000010 0.222525 0.000010 0.098797
0.834136 0.000010 0.000010 0.115850 0.000010 0.049984
0.808951 0.000010 0.000010 0.121691 0.000010 0.069328
0.777265 0.000010 0.000010 0.057865 0.119001 0.045848
0.728918 0.000121 0.000010 0.159038 0.000010 0.111902
0.885557 0.000010 0.001732 0.065399 0.000010 0.047292
0.674517 0.000010 0.000010 0.240739 0.000010 0.084714
0.000010 0.999950 0.000010 0.000010 0.000010 0.000010
0.000010 0.999950 0.000010 0.000010 0.000010 0.000010
0.000010 0.999950 0.000010 0.000010 0.000010 0.000010
0.000010 0.999950 0.000010 0.000010 0.000010 0.000010
0.000010 0.990243 0.009717 0.000010 0.000010 0.000010
0.000010 0.999950 0.000010 0.000010 0.000010 0.000010
0.000010 0.999950 0.000010 0.000010 0.000010 0.000010
0.000010 0.999950 0.000010 0.000010 0.000010 0.000010
0.000010 0.999950 0.000010 0.000010 0.000010 0.000010
0.000010 0.999943 0.000017 0.000010 0.000010 0.000010
0.000010 0.999950 0.000010 0.000010 0.000010 0.000010
0.000010 0.999950 0.000010 0.000010 0.000010 0.000010
0.000010 0.999950 0.000010 0.000010 0.000010 0.000010
0.000010 0.999950 0.000010 0.000010 0.000010 0.000010
0.819841 0.000010 0.000010 0.104330 0.000010 0.075799
0.739439 0.000010 0.000010 0.152951 0.000010 0.107580
0.637428 0.000010 0.000010 0.139445 0.000010 0.223097
0.587287 0.000010 0.000010 0.208011 0.000010 0.204672
0.588175 0.000010 0.009501 0.187611 0.000010 0.214693
0.767211 0.000010 0.000010 0.181912 0.000010 0.050847
0.764056 0.000010 0.000010 0.117869 0.000010 0.118045
0.708875 0.000010 0.003214 0.163135 0.000010 0.124756
0.790386 0.000010 0.000010 0.124946 0.000010 0.084638
0.786425 0.000010 0.000010 0.151290 0.000010 0.062255
0.497736 0.000010 0.019654 0.140474 0.000010 0.342116
0.707182 0.000010 0.000010 0.124268 0.000010 0.168520
0.789697 0.000010 0.000010 0.149541 0.000010 0.060732
0.766096 0.000010 0.002232 0.158323 0.000010 0.073329
0.754283 0.000010 0.000010 0.172117 0.000010 0.073571
0.791004 0.000010 0.000010 0.166780 0.000010 0.042186
0.776947 0.000010 0.000010 0.152695 0.000010 0.070328
0.764664 0.000010 0.000010 0.167337 0.000010 0.067969
0.855435 0.000010 0.000010 0.061599 0.000010 0.082936
0.609744 0.000010 0.004094 0.195417 0.000010 0.190725
0.703239 0.000010 0.003595 0.139910 0.000010 0.153236
0.691802 0.000010 0.000010 0.227463 0.000010 0.080706
0.623280 0.000010 0.000010 0.179782 0.000010 0.196909
0.741005 0.000010 0.000010 0.173271 0.000010 0.085695
0.741542 0.000010 0.008377 0.130629 0.000010 0.119431
0.678300 0.000010 0.000010 0.199251 0.000010 0.122419
0.699029 0.001054 0.005318 0.125106 0.000010 0.169482
0.699718 0.000010 0.003525 0.157277 0.000010 0.139460
0.612884 0.000010 0.006079 0.130921 0.000010 0.250096
0.736754 0.000010 0.000010 0.137735 0.000010 0.125481
0.752308 0.000010 0.000010 0.142122 0.000010 0.105540
0.746026 0.000010 0.000010 0.170777 0.000010 0.083167
0.765600 0.000010 0.000010 0.147806 0.000010 0.086564
0.682573 0.000010 0.000010 0.177886 0.000010 0.139511
0.696192 0.000010 0.000010 0.143563 0.000010 0.160216
0.786024 0.006902 0.007100 0.128967 0.000010 0.070997
0.817105 0.002340 0.008566 0.089431 0.011910 0.070648
0.650042 0.000010 0.000010 0.129670 0.000010 0.220259
0.283015 0.000010 0.000010 0.075412 0.000010 0.641542
0.720595 0.000010 0.005817 0.151017 0.000010 0.122552
0.726917 0.000010 0.000010 0.165714 0.000010 0.107338
0.914841 0.000010 0.000010 0.082621 0.000010 0.002508
0.688438 0.000985 0.000010 0.310546 0.000010 0.000010
0.811291 0.018626 0.000010 0.120877 0.000010 0.049186
0.617683 0.000010 0.022470 0.323883 0.000010 0.035945
0.690737 0.000010 0.000010 0.249317 0.000010 0.059916
0.554225 0.000010 0.000010 0.316344 0.000010 0.129401
0.607877 0.000010 0.021936 0.284731 0.000010 0.085436
0.681477 0.000010 0.000010 0.269539 0.000010 0.048954
0.660799 0.000010 0.004314 0.286916 0.000010 0.047951
0.801854 0.000010 0.011053 0.174142 0.000010 0.012930
0.636405 0.000010 0.005254 0.247655 0.000010 0.110666
0.616392 0.000010 0.000010 0.298485 0.000010 0.085093
0.601134 0.000010 0.000010 0.387574 0.000010 0.011262
0.509480 0.000010 0.000010 0.324394 0.000010 0.166096
0.660419 0.000010 0.000010 0.308902 0.000010 0.030649
0.423051 0.000010 0.010273 0.387388 0.000010 0.179268
0.675918 0.000010 0.000010 0.277099 0.000010 0.046953
0.429489 0.000010 0.005980 0.472320 0.000010 0.092192
0.641596 0.000010 0.000010 0.183024 0.000010 0.175350
0.726934 0.000010 0.013007 0.170661 0.000010 0.089378
0.784690 0.000010 0.000010 0.130866 0.000010 0.084414
0.626699 0.000010 0.000010 0.153787 0.000010 0.219484
0.867746 0.000010 0.037264 0.072702 0.000010 0.022268
0.718871 0.000010 0.000752 0.168757 0.000010 0.111600
0.668918 0.000010 0.000010 0.155745 0.000010 0.175307
0.882258 0.000010 0.000010 0.063394 0.000010 0.054318
0.820036 0.000010 0.000010 0.127182 0.000010 0.052752
0.749979 0.000010 0.000010 0.169649 0.000010 0.080341
0.718628 0.000011 0.000014 0.216801 0.000010 0.064536
0.704965 0.000010 0.000010 0.166999 0.000010 0.128006
0.714745 0.000010 0.000010 0.174912 0.000010 0.110314
0.558509 0.000010 0.000010 0.268154 0.000010 0.173307
0.564617 0.000010 0.001365 0.238512 0.000010 0.195486
0.618003 0.000010 0.000010 0.236753 0.000010 0.145214
0.693380 0.000010 0.000010 0.223708 0.000010 0.082883
0.783617 0.000010 0.000010 0.159819 0.000010 0.056534
0.663003 0.000010 0.000010 0.161059 0.000010 0.175908
0.854058 0.000010 0.005187 0.104673 0.000010 0.036062
0.746610 0.000010 0.016404 0.147063 0.000010 0.089903
0.760157 0.000010 0.000010 0.131164 0.000010 0.108649
0.235910 0.000010 0.000010 0.083119 0.000010 0.680941
0.419250 0.000010 0.024159 0.066621 0.000010 0.489950
0.624932 0.000010 0.000010 0.186760 0.000010 0.188277
0.767955 0.000010 0.007577 0.115489 0.000010 0.108960
0.593561 0.000010 0.000657 0.334642 0.000010 0.071120
0.692825 0.005785 0.000010 0.291293 0.000010 0.010077
0.713977 0.000010 0.000010 0.244866 0.000010 0.041127
0.529562 0.000010 0.005815 0.301905 0.000010 0.162698
0.807886 0.000010 0.000010 0.192074 0.000010 0.000010
0.678822 0.000010 0.000010 0.321138 0.000010 0.000010
0.832693 0.002396 0.000010 0.147815 0.000010 0.017075
0.535892 0.000010 0.000010 0.330142 0.000010 0.133936
0.653479 0.000010 0.000010 0.281217 0.000010 0.065274
0.660198 0.000010 0.005615 0.267909 0.000010 0.066258
0.485463 0.000010 0.015365 0.327358 0.000010 0.171794
0.952233 0.000010 0.000010 0.047727 0.000010 0.000010
0.608562 0.000010 0.001543 0.389865 0.000010 0.000010
0.703130 0.000010 0.000010 0.293239 0.000010 0.003601
0.706819 0.000010 0.000010 0.275021 0.000010 0.018129
0.703245 0.000010 0.000010 0.240233 0.000010 0.056492
0.617837 0.000010 0.000010 0.145061 0.000010 0.237073
0.691109 0.000010 0.005912 0.202200 0.000010 0.100760
0.684360 0.000510 0.019673 0.196093 0.000010 0.099354
0.649224 0.000010 0.009024 0.197875 0.000010 0.143857
0.609991 0.000010 0.000010 0.165248 0.000010 0.224731
0.816220 0.004955 0.001497 0.095509 0.000010 0.081809
0.738639 0.000010 0.000010 0.138938 0.000010 0.122393
0.720511 0.000010 0.003859 0.169061 0.000010 0.106549
0.780210 0.000010 0.000169 0.100242 0.000010 0.119359
0.696198 0.003472 0.000010 0.202433 0.000010 0.097877
0.648878 0.000010 0.000010 0.000010 0.351082 0.000010
0.354522 0.000010 0.018502 0.616238 0.010718 0.000010
0.402489 0.000010 0.000010 0.239336 0.010675 0.347480
0.544978 0.000010 0.000010 0.436379 0.000010 0.018614
0.703283 0.000010 0.000010 0.248552 0.000010 0.048135
0.540783 0.000010 0.013285 0.414472 0.000010 0.031440
0.509763 0.000010 0.000010 0.421702 0.000010 0.068505
0.684654 0.000010 0.000010 0.315306 0.000010 0.000010
0.771481 0.000010 0.000010 0.207816 0.000010 0.020673
0.809214 0.000010 0.000010 0.181962 0.000010 0.008794
0.621582 0.000010 0.000010 0.327677 0.000010 0.050711
0.675774 0.000010 0.000010 0.318948 0.000010 0.005248
0.693642 0.000010 0.000010 0.269260 0.000010 0.037068
0.682457 0.000010 0.006216 0.260846 0.000010 0.050461
0.615570 0.000010 0.009747 0.255976 0.000010 0.118688
0.494042 0.000010 0.000010 0.335421 0.000010 0.170507
0.543789 0.000010 0.011256 0.296671 0.007243 0.141031
0.616730 0.007590 0.000010 0.270515 0.000010 0.105145
0.339714 0.000010 0.000010 0.540459 0.000010 0.119797
0.631497 0.000010 0.000010 0.338182 0.000010 0.030290
0.713971 0.000010 0.000010 0.285989 0.000010 0.000010
0.544511 0.000010 0.000010 0.323665 0.000010 0.131794
0.573839 0.000010 0.000010 0.330346 0.000010 0.095785
0.561975 0.000010 0.000010 0.409555 0.000010 0.028441
0.717689 0.000010 0.000010 0.262162 0.000010 0.020119
0.695924 0.000010 0.000010 0.249138 0.000010 0.054908
0.797555 0.000010 0.007443 0.152271 0.000010 0.042712
0.409785 0.000010 0.000010 0.313274 0.000010 0.276911
0.636339 0.000010 0.000010 0.206020 0.000010 0.157611
0.630801 0.000010 0.008855 0.154341 0.000010 0.205984
0.779785 0.000010 0.000010 0.149289 0.000010 0.070896
0.615066 0.000010 0.002873 0.216733 0.000010 0.165308
0.665183 0.000010 0.000010 0.175644 0.000010 0.159143
0.631558 0.005069 0.007384 0.193792 0.000010 0.162187
0.647141 0.000010 0.012312 0.173308 0.000010 0.167219
0.776280 0.000010 0.015064 0.121836 0.000010 0.086800
0.681862 0.000010 0.000010 0.241228 0.000010 0.076880
0.654125 0.000010 0.015138 0.200495 0.000010 0.130222
0.670038 0.000010 0.009516 0.189465 0.000010 0.130961
0.605252 0.000010 0.000010 0.286615 0.000010 0.108103
0.706465 0.000010 0.008285 0.262400 0.000010 0.022829
0.413900 0.000010 0.011492 0.540766 0.000010 0.033822
0.869511 0.000010 0.000010 0.130449 0.000010 0.000010
0.941758 0.000010 0.003433 0.054779 0.000010 0.000010
0.536690 0.000010 0.026524 0.436755 0.000010 0.000010
0.342736 0.000010 0.010640 0.604718 0.000010 0.041885
0.599115 0.000359 0.000010 0.317573 0.000010 0.082934
0.656259 0.000010 0.023658 0.263677 0.000010 0.056386
0.551791 0.000010 0.000010 0.427540 0.000010 0.020639
0.540462 0.000010 0.001333 0.418973 0.000010 0.039212
0.535470 0.000010 0.000010 0.437331 0.000010 0.027169
0.428927 0.000010 0.002197 0.394310 0.000010 0.174547
0.390363 0.000010 0.000010 0.323379 0.000010 0.286228
0.472956 0.000010 0.000010 0.348253 0.000010 0.178761
0.786277 0.000010 0.000010 0.213683 0.000010 0.000010
0.784362 0.000010 0.000010 0.206782 0.000010 0.008826
0.807568 0.000010 0.000010 0.163011 0.000010 0.029392
0.836028 0.000010 0.000010 0.143900 0.000010 0.020042
0.368392 0.000010 0.000010 0.277685 0.000010 0.353893
0.584652 0.000010 0.007077 0.385419 0.000010 0.022833
0.702831 0.000010 0.000010 0.154624 0.000010 0.142515
0.849590 0.000010 0.009225 0.130962 0.000010 0.010203
0.823902 0.000010 0.000010 0.176058 0.000010 0.000010
0.760616 0.000010 0.000010 0.221974 0.000010 0.017380
0.470905 0.000010 0.000010 0.439815 0.000010 0.089249
0.479545 0.000010 0.000010 0.408592 0.000010 0.111833
0.574847 0.000010 0.000010 0.395039 0.000010 0.030084
0.589765 0.000010 0.000010 0.374643 0.000010 0.035563
0.967949 0.000010 0.018079 0.000010 0.000010 0.013942
0.941027 0.000010 0.002179 0.000010 0.040251 0.016523
0.999950 0.000010 0.000010 0.000010 0.000010 0.000010
0.989925 0.002531 0.000010 0.007513 0.000010 0.000010
0.983963 0.000010 0.014338 0.000010 0.000010 0.001670
0.988147 0.000010 0.009212 0.002182 0.000010 0.000439
0.999950 0.000010 0.000010 0.000010 0.000010 0.000010
0.999950 0.000010 0.000010 0.000010 0.000010 0.000010
0.982742 0.000010 0.000010 0.000010 0.017218 0.000010
0.948037 0.000010 0.000010 0.000010 0.051923 0.000010
0.999950 0.000010 0.000010 0.000010 0.000010 0.000010
0.994490 0.000010 0.000010 0.000010 0.005470 0.000010
0.988661 0.000010 0.000010 0.000010 0.011299 0.000010
0.965398 0.000010 0.000010 0.000010 0.034562 0.000010
0.955114 0.000010 0.000010 0.000010 0.044846 0.000010
0.945379 0.000010 0.000010 0.000010 0.054581 0.000010
0.999950 0.000010 0.000010 0.000010 0.000010 0.000010
0.991739 0.000010 0.000010 0.000010 0.000010 0.008221
0.969636 0.000010 0.007499 0.000010 0.000010 0.022834
0.977138 0.000010 0.000010 0.000010 0.010821 0.012011
0.952926 0.003120 0.000010 0.000010 0.029034 0.014900
0.983925 0.000010 0.000010 0.000010 0.008950 0.007095
0.941352 0.000010 0.000010 0.000010 0.058608 0.000010
0.972199 0.000010 0.000010 0.000010 0.027761 0.000010
0.698275 0.000010 0.000010 0.244775 0.000010 0.056920
0.365757 0.000010 0.000010 0.252710 0.000010 0.381502
0.391254 0.000010 0.024552 0.355032 0.000010 0.229142
0.270217 0.000010 0.000010 0.729743 0.000010 0.000010
0.476567 0.000010 0.020707 0.501550 0.001156 0.000010
0.289958 0.000010 0.000010 0.710002 0.000010 0.000010
0.000010 0.000010 0.000010 0.999950 0.000010 0.000010
0.474234 0.000010 0.000010 0.470805 0.000010 0.054931
0.348617 0.000010 0.000010 0.651343 0.000010 0.000010
0.120996 0.000010 0.796463 0.000751 0.081770 0.000010
0.158619 0.000010 0.773343 0.005541 0.062477 0.000010
0.174693 0.000010 0.769336 0.002561 0.053390 0.000010
0.254548 0.000010 0.721676 0.000010 0.023746 0.000010
0.000010 0.989068 0.010892 0.000010 0.000010 0.000010
0.000010 0.965137 0.034823 0.000010 0.000010 0.000010
0.000010 0.982424 0.017536 0.000010 0.000010 0.000010
0.000010 0.977122 0.022838 0.000010 0.000010 0.000010
0.000010 0.974039 0.025921 0.000010 0.000010 0.000010
0.000010 0.989722 0.010238 0.000010 0.000010 0.000010
0.976685 0.000010 0.003385 0.008520 0.003843 0.007557
0.953509 0.000697 0.000010 0.000010 0.039187 0.006587
0.971239 0.000010 0.000010 0.000010 0.028721 0.000010
0.988172 0.000010 0.000010 0.000015 0.011783 0.000010
0.987458 0.000010 0.012502 0.000010 0.000010 0.000010
0.994540 0.000010 0.000010 0.000010 0.000010 0.005420
0.999950 0.000010 0.000010 0.000010 0.000010 0.000010
0.970276 0.000010 0.000010 0.000010 0.018182 0.011512
0.978729 0.000010 0.010446 0.000010 0.010795 0.000010
0.948786 0.000010 0.001960 0.000010 0.049224 0.000010
0.991696 0.002048 0.000010 0.000010 0.006226 0.000010
0.975786 0.000010 0.002037 0.022147 0.000010 0.000010
0.993866 0.000010 0.006094 0.000010 0.000010 0.000010
0.987172 0.000010 0.000010 0.000010 0.000010 0.012788
0.997214 0.000010 0.000807 0.000010 0.000010 0.001950
0.978871 0.006542 0.000626 0.000010 0.000010 0.013942
0.958736 0.000010 0.001595 0.003275 0.036374 0.000010
0.967334 0.003169 0.022800 0.000010 0.000010 0.006677
0.938465 0.005416 0.011039 0.000613 0.000010 0.044457
0.955150 0.000010 0.018446 0.000010 0.000010 0.026374
0.993797 0.000010 0.000010 0.006163 0.000010 0.000010
0.938378 0.000010 0.000010 0.000010 0.061582 0.000010
0.929932 0.000010 0.012990 0.000010 0.039197 0.017861
0.950820 0.000010 0.002798 0.000010 0.011312 0.035051
0.993174 0.000010 0.006786 0.000010 0.000010 0.000010
0.957920 0.000010 0.000010 0.005736 0.036314 0.000010
0.982806 0.000010 0.000010 0.000010 0.017154 0.000010
0.999950 0.000010 0.000010 0.000010 0.000010 0.000010
0.971654 0.000010 0.000010 0.000010 0.028306 0.000010
0.989843 0.000010 0.000010 0.000010 0.010117 0.000010
0.975912 0.000010 0.000010 0.000010 0.024048 0.000010
0.959352 0.000010 0.000010 0.000010 0.040608 0.000010
0.976156 0.000010 0.000010 0.000010 0.023804 0.000010
0.942049 0.000010 0.000010 0.000010 0.057911 0.000010
0.938519 0.000010 0.000010 0.000010 0.049885 0.011565
0.903389 0.000010 0.003439 0.000010 0.087754 0.005398
0.960881 0.000010 0.000010 0.000010 0.000010 0.039079
0.952497 0.000010 0.008681 0.000010 0.000010 0.038792
0.968768 0.000010 0.012480 0.000010 0.000010 0.018723
0.988039 0.000010 0.000010 0.000010 0.000010 0.011921
0.955089 0.000010 0.000010 0.000010 0.044871 0.000010
0.999950 0.000010 0.000010 0.000010 0.000010 0.000010
0.930625 0.000010 0.012941 0.000010 0.040879 0.015535
0.932859 0.000010 0.003172 0.000010 0.051475 0.012475
0.928273 0.000650 0.010120 0.000010 0.060938 0.000010
0.915289 0.000010 0.006506 0.000010 0.071155 0.007031
0.938556 0.000010 0.000010 0.000010 0.046364 0.015050
0.917824 0.000010 0.015369 0.000010 0.055461 0.011326
0.999950 0.000010 0.000010 0.000010 0.000010 0.000010
0.989703 0.000010 0.000010 0.004388 0.005879 0.000010
0.989744 0.009169 0.001057 0.000010 0.000010 0.000010
0.976147 0.000010 0.000010 0.000010 0.010436 0.013387
0.998813 0.000010 0.000225 0.000933 0.000010 0.000010
0.946282 0.000010 0.000010 0.000010 0.053678 0.000010
0.981803 0.000010 0.007172 0.000740 0.000010 0.010265
0.944337 0.000010 0.024394 0.001502 0.000010 0.029746
0.977113 0.000010 0.014660 0.000010 0.000010 0.008196
0.975872 0.000010 0.010232 0.000010 0.000010 0.013866
0.954936 0.000010 0.000015 0.000010 0.037950 0.007079
0.999950 0.000010 0.000010 0.000010 0.000010 0.000010
0.980059 0.000010 0.009058 0.000010 0.010853 0.000010
0.960994 0.000010 0.000010 0.000010 0.038966 0.000010
0.961923 0.000010 0.000010 0.001058 0.036989 0.000010
0.994933 0.000011 0.002104 0.000010 0.002932 0.000010
0.963904 0.000010 0.000010 0.000010 0.036056 0.000010
0.997738 0.000010 0.000010 0.000010 0.002222 0.000010
0.972704 0.000010 0.004765 0.000010 0.014267 0.008244
0.995778 0.000010 0.000010 0.000010 0.000010 0.004182
0.954522 0.000010 0.001760 0.000010 0.043688 0.000010
0.955003 0.000010 0.000010 0.000010 0.044957 0.000010
0.656636 0.000010 0.000010 0.000010 0.343324 0.000010
0.643143 0.000010 0.000010 0.000010 0.356817 0.000010
0.674610 0.000010 0.000010 0.000010 0.325350 0.000010
0.000010 0.999950 0.000010 0.000010 0.000010 0.000010
0.000010 0.999950 0.000010 0.000010 0.000010 0.000010
0.000010 0.999950 0.000010 0.000010 0.000010 0.000010
0.000010 0.999950 0.000010 0.000010 0.000010 0.000010
0.000010 0.999950 0.000010 0.000010 0.000010 0.000010
0.000010 0.999950 0.000010 0.000010 0.000010 0.000010
0.000010 0.999950 0.000010 0.000010 0.000010 0.000010
0.000010 0.999950 0.000010 0.000010 0.000010 0.000010
0.000010 0.999950 0.000010 0.000010 0.000010 0.000010
0.000011 0.999949 0.000010 0.000010 0.000010 0.000010
0.000010 0.999950 0.000010 0.000010 0.000010 0.000010
0.000010 0.999950 0.000010 0.000010 0.000010 0.000010
0.000010 0.998949 0.001011 0.000010 0.000010 0.000010
0.000010 0.999950 0.000010 0.000010 0.000010 0.000010
0.000010 0.999950 0.000010 0.000010 0.000010 0.000010
0.000010 0.999950 0.000010 0.000010 0.000010 0.000010
0.000010 0.999950 0.000010 0.000010 0.000010 0.000010
0.000010 0.999950 0.000010 0.000010 0.000010 0.000010
0.000010 0.999950 0.000010 0.000010 0.000010 0.000010
0.000010 0.994652 0.005308 0.000010 0.000010 0.000010
0.000010 0.999950 0.000010 0.000010 0.000010 0.000010
0.000010 0.999950 0.000010 0.000010 0.000010 0.000010
0.000010 0.985344 0.014616 0.000010 0.000010 0.000010
0.000010 0.985441 0.014519 0.000010 0.000010 0.000010
0.000010 0.980852 0.019108 0.000010 0.000010 0.000010
0.000010 0.993751 0.006209 0.000010 0.000010 0.000010
0.000010 0.976746 0.023214 0.000010 0.000010 0.000010
0.000010 0.974772 0.025188 0.000010 0.000010 0.000010
0.000010 0.964037 0.035923 0.000010 0.000010 0.000010
0.000010 0.973054 0.026906 0.000010 0.000010 0.000010
0.000010 0.978669 0.021291 0.000010 0.000010 0.000010
0.000010 0.966198 0.033762 0.000010 0.000010 0.000010
0.000010 0.981953 0.018007 0.000010 0.000010 0.000010
0.000010 0.989051 0.010909 0.000010 0.000010 0.000010
0.000010 0.978957 0.020085 0.000927 0.000010 0.000010
0.000010 0.979834 0.020126 0.000010 0.000010 0.000010
0.000010 0.972820 0.027140 0.000010 0.000010 0.000010
0.000010 0.981878 0.018082 0.000010 0.000010 0.000010
0.000010 0.993041 0.006919 0.000010 0.000010 0.000010
0.000010 0.995245 0.004715 0.000010 0.000010 0.000010
0.000010 0.990092 0.009868 0.000010 0.000010 0.000010
0.000010 0.976387 0.023573 0.000010 0.000010 0.000010
0.000010 0.982643 0.017317 0.000010 0.000010 0.000010
0.000010 0.992622 0.007338 0.000010 0.000010 0.000010
0.000010 0.982079 0.017881 0.000010 0.000010 0.000010
0.000010 0.998407 0.001553 0.000010 0.000010 0.000010
0.000015 0.969053 0.030902 0.000010 0.000010 0.000010
0.000010 0.975006 0.024953 0.000010 0.000011 0.000010
0.000010 0.978732 0.021228 0.000010 0.000010 0.000010
0.000010 0.990492 0.009468 0.000010 0.000010 0.000010
0.000010 0.987153 0.012807 0.000010 0.000010 0.000010
0.000010 0.969055 0.030905 0.000010 0.000010 0.000010
0.000010 0.978924 0.021036 0.000010 0.000010 0.000010
0.000618 0.981497 0.017856 0.000010 0.000010 0.000010
0.000010 0.978868 0.021092 0.000010 0.000010 0.000010
0.000010 0.973127 0.026833 0.000010 0.000010 0.000010
0.110832 0.000659 0.000010 0.000010 0.048884 0.839606
0.032058 0.050660 0.341477 0.003952 0.027506 0.544348
0.021293 0.000010 0.000010 0.000010 0.018119 0.960558
0.085585 0.000010 0.001098 0.000010 0.058987 0.854310
0.039385 0.000010 0.000010 0.000010 0.014677 0.945908
0.112928 0.000010 0.000010 0.000010 0.000010 0.887032
0.017596 0.000010 0.000010 0.000010 0.009377 0.972997
0.091383 0.000010 0.004617 0.001583 0.024756 0.877650
0.166359 0.000010 0.000010 0.787326 0.000010 0.046285
0.273367 0.000010 0.000010 0.607278 0.000010 0.119324
0.070248 0.000010 0.000010 0.000010 0.016091 0.913630
0.000010 0.000010 0.004168 0.002706 0.016586 0.976520
0.057487 0.000010 0.001689 0.000010 0.034325 0.906479
0.116816 0.000010 0.000010 0.006784 0.026041 0.850339
0.058065 0.000010 0.015330 0.000010 0.000010 0.926575
0.066164 0.000010 0.000010 0.933796 0.000010 0.000010
0.175696 0.000010 0.000010 0.824264 0.000010 0.000010
0.000010 0.000010 0.000010 0.999950 0.000010 0.000010
0.178117 0.000010 0.000010 0.821843 0.000010 0.000010
0.000010 0.000010 0.000010 0.999950 0.000010 0.000010
0.112228 0.058854 0.000010 0.724187 0.000010 0.104712
0.000010 0.000010 0.000010 0.999950 0.000010 0.000010
0.000010 0.000010 0.000010 0.999950 0.000010 0.000010
0.136598 0.000010 0.000010 0.863362 0.000010 0.000010
0.188595 0.042543 0.000061 0.678949 0.000010 0.089841
0.210889 0.000010 0.000010 0.789071 0.000010 0.000010
0.000010 0.000010 0.000010 0.999950 0.000010 0.000010
0.162142 0.000010 0.000010 0.837818 0.000010 0.000010
0.076801 0.000010 0.000010 0.874789 0.000010 0.048381
0.093210 0.000010 0.000010 0.906750 0.000010 0.000010
0.071867 0.385832 0.000010 0.542271 0.000010 0.000010
0.164387 0.000010 0.000010 0.835573 0.000010 0.000010
0.310367 0.000010 0.016335 0.663215 0.000010 0.010063
0.069799 0.052187 0.019106 0.698894 0.000010 0.160004
0.045834 0.000010 0.008743 0.907805 0.000010 0.037598
0.000010 0.000010 0.000010 0.999950 0.000010 0.000010
0.040183 0.000010 0.000010 0.959777 0.000010 0.000010
0.000010 0.000010 0.000010 0.992480 0.007480 0.000010
0.059633 0.000010 0.000010 0.000010 0.009497 0.930840
0.099688 0.000010 0.000010 0.002844 0.037860 0.859588
0.000010 0.000010 0.000010 0.999950 0.000010 0.000010
0.269367 0.000010 0.015342 0.637706 0.000010 0.077565
0.315322 0.000010 0.000010 0.684638 0.000010 0.000010
0.000010 0.000010 0.000010 0.999950 0.000010 0.000010
0.284259 0.000010 0.000010 0.705994 0.009717 0.000010
0.239037 0.000010 0.000010 0.613530 0.000010 0.147403
0.119619 0.000010 0.003270 0.875589 0.000010 0.001502
0.000010 0.000010 0.000010 0.999950 0.000010 0.000010
0.248502 0.000010 0.005757 0.727815 0.017906 0.000010
0.149407 0.000010 0.000010 0.850553 0.000010 0.000010
0.241571 0.000010 0.001796 0.756603 0.000010 0.000010
0.188595 0.000010 0.023567 0.787808 0.000010 0.000010
0.164026 0.000010 0.000010 0.835934 0.000010 0.000010
0.054552 0.000010 0.000292 0.000010 0.021114 0.924022
0.106495 0.000010 0.000010 0.000010 0.022935 0.870540
0.325434 0.000010 0.000010 0.000010 0.119689 0.554847
0.069693 0.000010 0.005320 0.000010 0.069353 0.855613
0.023792 0.001743 0.000010 0.000010 0.050721 0.923724
0.199663 0.000010 0.007983 0.792324 0.000010 0.000010
0.007722 0.000010 0.007310 0.975751 0.009197 0.000010
0.033548 0.000010 0.000010 0.951587 0.014835 0.000010
0.162100 0.000010 0.001038 0.836832 0.000010 0.000010
0.119479 0.000010 0.000010 0.880481 0.000010 0.000010
0.097009 0.000010 0.000010 0.902951 0.000010 0.000010
0.136669 0.000010 0.000010 0.000010 0.020830 0.842471
0.138769 0.000010 0.000010 0.000010 0.027517 0.833684
0.067846 0.000010 0.000010 0.000010 0.012121 0.920003
0.010316 0.000010 0.005155 0.000683 0.016840 0.966997
0.099695 0.000010 0.000010 0.000010 0.034180 0.866096
0.000010 0.895179 0.104781 0.000010 0.000010 0.000010
0.000010 0.964887 0.035073 0.000010 0.000010 0.000010
0.000010 0.982143 0.017817 0.000010 0.000010 0.000010
0.000010 0.974131 0.025829 0.000010 0.000010 0.000010
0.000010 0.990691 0.009269 0.000010 0.000010 0.000010
0.000010 0.990322 0.009638 0.000010 0.000010 0.000010
0.000010 0.999950 0.000010 0.000010 0.000010 0.000010
0.000010 0.981013 0.018947 0.000010 0.000010 0.000010
