0.000010 0.000010 0.382134 0.000010 0.000010 0.617806 0.000010 0.000010
0.000010 0.000010 0.363390 0.000010 0.000010 0.636550 0.000010 0.000010
0.000010 0.000010 0.422065 0.000010 0.000010 0.577875 0.000010 0.000010
0.000010 0.000010 0.371603 0.000010 0.000010 0.628337 0.000010 0.000010
0.000010 0.000010 0.419887 0.000017 0.000010 0.580046 0.000010 0.000010
0.000010 0.000010 0.413736 0.000010 0.000010 0.586204 0.000010 0.000010
0.000010 0.000010 0.359050 0.000010 0.000010 0.640890 0.000010 0.000010
0.000010 0.000010 0.376825 0.000010 0.000010 0.623115 0.000010 0.000010
0.000010 0.000010 0.359927 0.000010 0.000010 0.640013 0.000010 0.000010
0.000010 0.000010 0.410610 0.000010 0.000010 0.589330 0.000010 0.000010
0.000010 0.000010 0.391823 0.000010 0.000010 0.608117 0.000010 0.000010
0.000010 0.000010 0.349353 0.000010 0.000010 0.650587 0.000010 0.000010
0.000010 0.000010 0.422295 0.000010 0.000010 0.577645 0.000010 0.000010
0.000010 0.000010 0.432767 0.000010 0.000010 0.567173 0.000010 0.000010
0.000010 0.000010 0.401995 0.000010 0.000010 0.597945 0.000010 0.000010
0.000010 0.000010 0.388795 0.000010 0.000010 0.611145 0.000010 0.000010
0.000010 0.000013 0.396282 0.000010 0.000010 0.603655 0.000010 0.000010
0.000010 0.000010 0.368766 0.000010 0.000010 0.631174 0.000010 0.000010
0.000010 0.000010 0.413358 0.000010 0.000010 0.586582 0.000010 0.000010
0.000010 0.000010 0.388411 0.000010 0.000010 0.611529 0.000010 0.000010
0.000010 0.000010 0.408138 0.000010 0.000010 0.591802 0.000010 0.000010
0.000010 0.000010 0.395980 0.000010 0.000010 0.603960 0.000010 0.000010
0.000010 0.000010 0.397874 0.000010 0.000010 0.602066 0.000010 0.000010
0.000010 0.000010 0.389440 0.000010 0.000010 0.610500 0.000010 0.000010
0.000010 0.000010 0.419158 0.000010 0.000010 0.580782 0.000010 0.000010
0.000017 0.000010 0.415696 0.000010 0.000010 0.584236 0.000010 0.000010
0.000010 0.000010 0.357874 0.000010 0.000010 0.642066 0.000010 0.000010
0.000010 0.000010 0.335629 0.000010 0.000010 0.664311 0.000010 0.000010
0.000010 0.000010 0.374110 0.000010 0.000010 0.625830 0.000010 0.000010
0.000010 0.000010 0.393443 0.000010 0.000010 0.606497 0.000010 0.000010
0.000010 0.000010 0.333517 0.000010 0.000010 0.666423 0.000010 0.000010
0.000010 0.000010 0.373495 0.000010 0.000010 0.626445 0.000010 0.000010
0.000010 0.000010 0.324373 0.000010 0.000010 0.675567 0.000010 0.000010
0.000010 0.000010 0.350140 0.000010 0.000010 0.649800 0.000010 0.000010
0.000010 0.000010 0.419117 0.000010 0.000010 0.580823 0.000010 0.000010
0.000010 0.000010 0.360173 0.000010 0.000010 0.639767 0.000010 0.000010
0.000010 0.000010 0.353816 0.000010 0.000010 0.646124 0.000010 0.000010
0.000010 0.000010 0.375503 0.000010 0.000010 0.624437 0.000010 0.000010
0.000010 0.000010 0.391477 0.000010 0.000010 0.608463 0.000010 0.000010
0.000010 0.000010 0.410309 0.000010 0.000010 0.589631 0.000010 0.000010
0.000010 0.000010 0.343472 0.000010 0.000010 0.656468 0.000010 0.000010
0.000010 0.000010 0.364527 0.000010 0.000010 0.635413 0.000010 0.000010
0.000010 0.000010 0.345316 0.000010 0.000010 0.654624 0.000010 0.000010
0.000010 0.000010 0.367445 0.000010 0.000010 0.632495 0.000010 0.000010
0.000010 0.000010 0.406988 0.000010 0.000010 0.592952 0.000010 0.000010
0.000010 0.000010 0.369582 0.000010 0.000010 0.630358 0.000010 0.000010
0.000010 0.000010 0.372012 0.000010 0.000010 0.627928 0.000010 0.000010
0.000010 0.000010 0.342133 0.000010 0.000018 0.657799 0.000010 0.000010
0.000010 0.000010 0.388514 0.000010 0.000010 0.611426 0.000010 0.000010
0.000010 0.000010 0.373171 0.000010 0.000010 0.626769 0.000010 0.000010
0.000010 0.000010 0.342539 0.000010 0.000010 0.657401 0.000010 0.000010
0.000010 0.000010 0.390171 0.000010 0.000010 0.609769 0.000010 0.000010
0.000010 0.000010 0.993669 0.000010 0.004739 0.000010 0.001541 0.000010
0.000010 0.000010 0.995536 0.000010 0.004404 0.000010 0.000010 0.000010
0.000010 0.000010 0.893327 0.000010 0.000010 0.106613 0.000010 0.000010
0.000010 0.000010 0.996923 0.000010 0.000010 0.000010 0.003017 0.000010
0.000010 0.000010 0.988932 0.000010 0.004581 0.000010 0.004428 0.002018
0.000010 0.000010 0.988584 0.000010 0.000010 0.000010 0.011356 0.000010
0.000010 0.000010 0.996050 0.000010 0.000010 0.000010 0.003890 0.000010
0.000010 0.000010 0.989985 0.000010 0.005371 0.000010 0.004594 0.000010
0.000010 0.000010 0.759940 0.000010 0.000010 0.209162 0.000010 0.030849
0.000010 0.000010 0.991018 0.000010 0.002682 0.000010 0.006250 0.000010
0.000010 0.000010 0.999930 0.000010 0.000010 0.000010 0.000010 0.000010
0.000010 0.000010 0.993920 0.000010 0.000010 0.000010 0.006020 0.000010
0.000010 0.000010 0.999925 0.000010 0.000015 0.000010 0.000010 0.000010
0.000010 0.000010 0.995698 0.000010 0.000010 0.000010 0.004242 0.000010
0.000010 0.000010 0.999930 0.000010 0.000010 0.000010 0.000010 0.000010
0.002505 0.000010 0.956819 0.000010 0.002141 0.038495 0.000010 0.000010
0.002609 0.000010 0.882501 0.000010 0.000010 0.098452 0.000010 0.016398
0.000010 0.000010 0.334145 0.000010 0.000010 0.665795 0.000010 0.000010
0.000010 0.000010 0.327627 0.000010 0.000010 0.672313 0.000010 0.000010
0.000010 0.000010 0.343692 0.000010 0.000010 0.656248 0.000010 0.000010
0.000010 0.000010 0.378632 0.000010 0.000010 0.621308 0.000010 0.000010
0.000010 0.000010 0.338729 0.000010 0.000010 0.661211 0.000010 0.000010
0.000010 0.000010 0.337328 0.000010 0.000010 0.662612 0.000010 0.000010
0.000010 0.000010 0.361128 0.000010 0.000010 0.638812 0.000010 0.000010
0.000010 0.000010 0.356395 0.000010 0.000010 0.643545 0.000010 0.000010
0.000010 0.000010 0.375023 0.000010 0.000010 0.624917 0.000010 0.000010
0.000010 0.000010 0.332802 0.000010 0.000010 0.667138 0.000010 0.000010
0.000010 0.000010 0.373581 0.000010 0.000010 0.626359 0.000010 0.000010
0.000010 0.000010 0.362123 0.000010 0.000010 0.637817 0.000010 0.000010
0.000010 0.000010 0.325341 0.000010 0.000010 0.674599 0.000010 0.000010
0.000010 0.000010 0.358586 0.000010 0.000010 0.641354 0.000010 0.000010
0.000010 0.000010 0.321937 0.000010 0.000010 0.678003 0.000010 0.000010
0.000010 0.000010 0.347494 0.000010 0.000010 0.652446 0.000010 0.000010
0.000010 0.000010 0.288616 0.000010 0.000010 0.711324 0.000010 0.000010
0.000010 0.000010 0.376565 0.000010 0.000010 0.623375 0.000010 0.000010
0.000010 0.000010 0.360528 0.000010 0.000010 0.639412 0.000010 0.000010
0.000010 0.000010 0.304538 0.000010 0.000010 0.695402 0.000010 0.000010
0.000010 0.000010 0.357319 0.000010 0.000010 0.642621 0.000010 0.000010
0.000010 0.000010 0.356283 0.000010 0.000010 0.643657 0.000010 0.000010
0.000010 0.000010 0.345299 0.000010 0.000010 0.654641 0.000010 0.000010
0.000010 0.000010 0.346330 0.000010 0.000010 0.653610 0.000010 0.000010
0.000010 0.000010 0.339116 0.000010 0.000010 0.660824 0.000010 0.000010
0.000010 0.000010 0.375979 0.000010 0.000010 0.623961 0.000010 0.000010
0.000010 0.000010 0.340897 0.000010 0.000010 0.659043 0.000010 0.000010
0.000010 0.000010 0.361943 0.000010 0.000010 0.637997 0.000010 0.000010
0.000010 0.000010 0.311089 0.000010 0.000010 0.688851 0.000010 0.000010
0.000010 0.000010 0.368807 0.000010 0.000010 0.631133 0.000010 0.000010
0.000010 0.000010 0.382433 0.000010 0.000010 0.617507 0.000010 0.000010
0.000010 0.000010 0.999930 0.000010 0.000010 0.000010 0.000010 0.000010
0.000018 0.000010 0.999922 0.000010 0.000010 0.000010 0.000010 0.000010
0.000010 0.000010 0.958419 0.000010 0.000010 0.041518 0.000014 0.000010
0.000010 0.000010 0.999930 0.000010 0.000010 0.000010 0.000010 0.000010
0.004279 0.000010 0.995661 0.000010 0.000010 0.000010 0.000010 0.000010
0.010051 0.000010 0.974002 0.000010 0.000010 0.000010 0.015897 0.000010
0.000010 0.000010 0.963049 0.000010 0.000010 0.036891 0.000010 0.000010
0.000010 0.000010 0.999930 0.000010 0.000010 0.000010 0.000010 0.000010
0.000010 0.000010 0.955086 0.000010 0.000010 0.044854 0.000010 0.000010
0.000010 0.000010 0.999930 0.000010 0.000010 0.000010 0.000010 0.000010
0.000010 0.000010 0.831469 0.000010 0.000013 0.168469 0.000010 0.000010
0.000010 0.000010 0.999930 0.000010 0.000010 0.000010 0.000010 0.000010
0.000010 0.000010 0.999930 0.000010 0.000010 0.000010 0.000010 0.000010
0.002171 0.000010 0.997769 0.000010 0.000010 0.000010 0.000010 0.000010
0.000010 0.000010 0.999930 0.000010 0.000010 0.000010 0.000010 0.000010
0.000010 0.000010 0.999930 0.000010 0.000010 0.000010 0.000010 0.000010
0.000010 0.000010 0.999930 0.000010 0.000010 0.000010 0.000010 0.000010
0.000010 0.000010 0.987496 0.000010 0.000010 0.000010 0.000010 0.012444
0.000010 0.000010 0.998169 0.000010 0.000010 0.000010 0.000010 0.001771
0.000010 0.000010 0.999318 0.000010 0.000010 0.000010 0.000010 0.000622
0.000010 0.000010 0.922477 0.000010 0.000010 0.077463 0.000010 0.000010
0.000010 0.000010 0.988686 0.000010 0.000010 0.000010 0.011254 0.000010
0.000010 0.000010 0.999930 0.000010 0.000010 0.000010 0.000010 0.000010
0.000010 0.000010 0.992690 0.000010 0.000010 0.007250 0.000010 0.000010
0.000010 0.000010 0.833983 0.000010 0.000010 0.165957 0.000010 0.000010
0.000010 0.000010 0.997792 0.000010 0.000010 0.000010 0.002148 0.000010
0.000010 0.000010 0.999049 0.000010 0.000891 0.000010 0.000010 0.000010
0.000010 0.000010 0.999930 0.000010 0.000010 0.000010 0.000010 0.000010
0.000010 0.000010 0.999930 0.000010 0.000010 0.000010 0.000010 0.000010
0.004744 0.000010 0.953795 0.000010 0.000010 0.041411 0.000010 0.000010
0.009164 0.000010 0.990701 0.000010 0.000085 0.000010 0.000010 0.000010
0.005554 0.000010 0.994386 0.000010 0.000010 0.000010 0.000010 0.000010
0.000010 0.000010 0.999930 0.000010 0.000010 0.000010 0.000010 0.000010
0.000010 0.000010 0.999930 0.000010 0.000010 0.000010 0.000010 0.000010
0.000010 0.000010 0.999930 0.000010 0.000010 0.000010 0.000010 0.000010
0.000010 0.000010 0.999930 0.000010 0.000010 0.000010 0.000010 0.000010
0.000010 0.000010 0.999930 0.000010 0.000010 0.000010 0.000010 0.000010
0.000010 0.000010 0.950466 0.000010 0.000010 0.049474 0.000010 0.000010
0.000010 0.000010 0.975196 0.000010 0.000010 0.024744 0.000010 0.000010
0.000010 0.000010 0.998706 0.000010 0.000010 0.000010 0.001234 0.000010
0.000010 0.000010 0.987158 0.000010 0.000010 0.001427 0.001489 0.009885
0.000010 0.000010 0.941156 0.000010 0.000010 0.058784 0.000010 0.000010
0.000010 0.000010 0.999930 0.000010 0.000010 0.000010 0.000010 0.000010
0.000010 0.000010 0.982534 0.000010 0.000010 0.000010 0.017406 0.000010
0.000010 0.000010 0.905076 0.000010 0.000010 0.094864 0.000010 0.000010
0.000010 0.000010 0.999930 0.000010 0.000010 0.000010 0.000010 0.000010
0.000010 0.000010 0.947698 0.000010 0.000010 0.040043 0.000010 0.012209
0.000010 0.000010 0.773242 0.000010 0.000010 0.177308 0.000010 0.049400
0.000010 0.000010 0.996580 0.000010 0.000010 0.000010 0.003360 0.000010
0.001595 0.000010 0.998345 0.000010 0.000010 0.000010 0.000010 0.000010
0.000010 0.000010 0.729371 0.000010 0.000010 0.270569 0.000010 0.000010
0.000010 0.000010 0.999930 0.000010 0.000010 0.000010 0.000010 0.000010
0.000010 0.000010 0.974961 0.000010 0.000010 0.024979 0.000010 0.000010
0.000010 0.000010 0.999930 0.000010 0.000010 0.000010 0.000010 0.000010
0.000010 0.000010 0.776498 0.000010 0.000010 0.222649 0.000010 0.000803
0.000010 0.000010 0.999930 0.000010 0.000010 0.000010 0.000010 0.000010
0.000010 0.000010 0.999930 0.000010 0.000010 0.000010 0.000010 0.000010
0.000010 0.000010 0.921306 0.000010 0.000010 0.078625 0.000020 0.000010
0.004751 0.000010 0.995189 0.000010 0.000010 0.000010 0.000010 0.000010
0.000010 0.000010 0.992861 0.000010 0.000010 0.007079 0.000010 0.000010
0.000010 0.000010 0.998151 0.000010 0.001789 0.000010 0.000010 0.000010
0.000010 0.000010 0.999930 0.000010 0.000010 0.000010 0.000010 0.000010
0.000010 0.000010 0.999930 0.000010 0.000010 0.000010 0.000010 0.000010
0.000010 0.000010 0.992046 0.000010 0.000010 0.000010 0.000010 0.007894
0.000019 0.000010 0.999921 0.000010 0.000010 0.000010 0.000010 0.000010
0.000010 0.000010 0.996640 0.000010 0.000010 0.000010 0.003300 0.000010
0.000010 0.000010 0.999930 0.000010 0.000010 0.000010 0.000010 0.000010
0.000010 0.000010 0.990204 0.000010 0.000010 0.008810 0.000936 0.000010
0.000010 0.000010 0.999930 0.000010 0.000010 0.000010 0.000010 0.000010
0.000010 0.000010 0.999930 0.000010 0.000010 0.000010 0.000010 0.000010
0.000010 0.000010 0.995464 0.000010 0.004476 0.000010 0.000010 0.000010
0.000010 0.000010 0.999930 0.000010 0.000010 0.000010 0.000010 0.000010
0.000010 0.000010 0.989905 0.000010 0.000010 0.000010 0.010035 0.000010
0.000010 0.000010 0.999930 0.000010 0.000010 0.000010 0.000010 0.000010
0.000010 0.000010 0.975013 0.000010 0.000010 0.024927 0.000010 0.000010
0.000010 0.000010 0.999930 0.000010 0.000010 0.000010 0.000010 0.000010
0.000010 0.000010 0.999930 0.000010 0.000010 0.000010 0.000010 0.000010
0.000010 0.000010 0.816656 0.000010 0.000010 0.183284 0.000010 0.000010
0.000010 0.000010 0.999930 0.000010 0.000010 0.000010 0.000010 0.000010
0.000010 0.000010 0.999930 0.000010 0.000010 0.000010 0.000010 0.000010
0.000010 0.000010 0.999819 0.000010 0.000010 0.000010 0.000121 0.000010
0.000010 0.000010 0.999930 0.000010 0.000010 0.000010 0.000010 0.000010
0.616500 0.000010 0.000010 0.000010 0.000010 0.000010 0.383440 0.000010
0.574275 0.000010 0.000010 0.000010 0.000010 0.000010 0.425665 0.000010
0.647236 0.000010 0.000010 0.000010 0.000010 0.000010 0.352704 0.000010
0.641589 0.000010 0.000010 0.000010 0.000010 0.000010 0.358351 0.000010
0.627314 0.000010 0.000010 0.000010 0.000010 0.000010 0.372626 0.000010
0.642665 0.000010 0.000010 0.000010 0.000010 0.000010 0.357275 0.000010
0.645486 0.000010 0.000010 0.000010 0.000010 0.000010 0.354454 0.000010
0.572613 0.000010 0.000010 0.000010 0.000010 0.000010 0.427327 0.000010
0.636359 0.000010 0.000010 0.000010 0.000010 0.000010 0.363581 0.000010
0.623907 0.000010 0.000010 0.000010 0.000010 0.000010 0.376033 0.000010
0.632254 0.000010 0.000010 0.000010 0.000010 0.000010 0.367686 0.000010
0.616907 0.000010 0.000010 0.000010 0.000010 0.000010 0.383033 0.000010
0.636955 0.000010 0.000010 0.000010 0.000010 0.000010 0.362985 0.000010
0.604350 0.000010 0.000010 0.000010 0.000010 0.000010 0.395590 0.000010
0.619743 0.000010 0.000010 0.000010 0.000010 0.000010 0.380197 0.000010
0.613474 0.000010 0.000010 0.000010 0.000010 0.000010 0.386466 0.000010
0.616207 0.000010 0.000010 0.000010 0.000010 0.000010 0.383733 0.000010
0.617251 0.000010 0.000010 0.000010 0.000010 0.000010 0.382689 0.000010
0.575825 0.000010 0.000010 0.000010 0.000010 0.000010 0.424115 0.000010
0.635379 0.000010 0.000010 0.000010 0.000010 0.000010 0.364561 0.000010
0.642080 0.000010 0.000010 0.000010 0.000010 0.000010 0.357860 0.000010
0.622473 0.000010 0.000010 0.000010 0.000010 0.000010 0.377467 0.000010
0.638906 0.000010 0.000010 0.000010 0.000010 0.000010 0.361034 0.000010
0.604438 0.000010 0.000010 0.000010 0.000010 0.000010 0.395502 0.000010
0.645192 0.000010 0.000010 0.000010 0.000010 0.000010 0.354748 0.000010
0.640982 0.000010 0.000010 0.000010 0.000010 0.000010 0.358958 0.000010
0.609212 0.000010 0.000010 0.000010 0.000010 0.000010 0.390728 0.000010
0.624847 0.000010 0.000010 0.000010 0.000010 0.000010 0.375093 0.000010
0.637227 0.000010 0.000010 0.000010 0.000010 0.000010 0.362713 0.000010
0.636693 0.000010 0.000010 0.000010 0.000010 0.000010 0.363247 0.000010
0.556986 0.000010 0.000010 0.000010 0.000010 0.000010 0.442954 0.000010
0.656771 0.000010 0.000010 0.000010 0.000010 0.000010 0.343169 0.000010
0.573063 0.000010 0.000010 0.000010 0.000010 0.000011 0.426876 0.000010
0.611748 0.000010 0.000010 0.000010 0.000010 0.000010 0.388192 0.000010
0.676349 0.000010 0.000010 0.000010 0.000010 0.000010 0.323591 0.000010
0.639061 0.000010 0.000010 0.000010 0.000010 0.000010 0.360879 0.000010
0.631977 0.000010 0.000010 0.000010 0.000010 0.000010 0.367963 0.000010
0.658606 0.000010 0.000010 0.000010 0.000010 0.000010 0.341334 0.000010
0.614697 0.000010 0.000010 0.000010 0.000010 0.000010 0.385243 0.000010
0.616099 0.000010 0.000010 0.000010 0.000010 0.000010 0.383841 0.000010
0.656789 0.000010 0.000010 0.000010 0.000010 0.000010 0.343151 0.000010
0.000010 0.063419 0.000010 0.011840 0.166357 0.758345 0.000010 0.000010
0.000010 0.110050 0.000010 0.061777 0.212212 0.615921 0.000010 0.000010
0.000010 0.030187 0.000010 0.039846 0.122766 0.797103 0.000010 0.010068
0.557770 0.000010 0.000010 0.000010 0.000010 0.000010 0.442170 0.000010
0.562724 0.000010 0.000010 0.000010 0.000010 0.000010 0.437216 0.000010
0.484691 0.000010 0.000010 0.000010 0.000010 0.000010 0.515249 0.000010
0.611932 0.000010 0.000010 0.000010 0.000010 0.000010 0.388008 0.000010
0.574495 0.000010 0.000010 0.000010 0.000010 0.000010 0.425445 0.000010
0.576607 0.000010 0.000010 0.000010 0.000010 0.000010 0.423333 0.000010
0.547310 0.000010 0.000010 0.000010 0.000010 0.000010 0.452630 0.000010
0.719109 0.000010 0.000010 0.000010 0.000010 0.000010 0.280831 0.000010
0.580319 0.000010 0.000010 0.000010 0.000010 0.000010 0.419621 0.000010
0.680039 0.000010 0.000010 0.000010 0.000010 0.000010 0.319901 0.000010
0.341237 0.000010 0.000010 0.000010 0.010749 0.002080 0.645894 0.000010
0.544273 0.000010 0.000010 0.000010 0.000010 0.000010 0.455667 0.000010
0.559418 0.000010 0.000010 0.000010 0.000010 0.000010 0.440522 0.000010
0.534982 0.000010 0.000010 0.000010 0.000010 0.000010 0.464958 0.000010
0.613534 0.000010 0.000010 0.000010 0.000010 0.000010 0.386406 0.000010
0.479863 0.000010 0.000010 0.000010 0.000010 0.000010 0.520077 0.000010
0.613279 0.000010 0.000010 0.000010 0.000010 0.000010 0.386661 0.000010
0.540303 0.000010 0.000010 0.000010 0.000010 0.000010 0.459637 0.000010
0.551678 0.000010 0.000010 0.000010 0.000010 0.000010 0.448262 0.000010
0.564181 0.000010 0.000010 0.000010 0.000010 0.000010 0.435759 0.000010
0.612872 0.000010 0.000016 0.000010 0.000010 0.000010 0.387061 0.000010
0.575712 0.000010 0.000010 0.000010 0.000010 0.000010 0.424228 0.000010
0.617172 0.000010 0.000010 0.000010 0.000010 0.000010 0.382768 0.000010
0.613075 0.000010 0.000010 0.000010 0.000010 0.000010 0.386865 0.000010
0.549895 0.007265 0.005677 0.023614 0.000010 0.014533 0.398996 0.000010
0.563767 0.000010 0.000010 0.000010 0.000010 0.000010 0.436173 0.000010
0.682975 0.000010 0.000010 0.000010 0.000010 0.000010 0.316965 0.000010
0.564709 0.000010 0.000010 0.000010 0.000010 0.000010 0.435231 0.000010
0.632773 0.000010 0.000010 0.000010 0.000010 0.000010 0.367167 0.000010
0.585843 0.000010 0.000010 0.000010 0.000010 0.000010 0.414097 0.000010
0.610061 0.000010 0.000016 0.000010 0.000010 0.000010 0.389873 0.000010
0.624525 0.000010 0.000010 0.000010 0.000010 0.000010 0.375415 0.000010
0.590819 0.000010 0.000010 0.000010 0.000010 0.000010 0.409121 0.000010
0.000010 0.118257 0.000010 0.028903 0.140006 0.712794 0.000010 0.000010
0.000010 0.109280 0.000010 0.052841 0.159030 0.671996 0.000010 0.006823
0.000010 0.046572 0.000010 0.019219 0.130650 0.797990 0.000010 0.005539
0.000010 0.038588 0.000010 0.033903 0.171661 0.745312 0.000010 0.010506
0.784612 0.000010 0.000010 0.000010 0.000010 0.000010 0.215328 0.000010
0.739399 0.000010 0.000010 0.000010 0.000010 0.000010 0.260541 0.000010
0.749603 0.000010 0.000010 0.000010 0.000010 0.000010 0.250337 0.000010
0.714717 0.000010 0.000010 0.000010 0.000010 0.000010 0.285223 0.000010
0.729066 0.000010 0.000010 0.000010 0.000010 0.000010 0.270874 0.000010
0.763676 0.000010 0.000010 0.000010 0.000010 0.000010 0.236264 0.000010
0.739270 0.000010 0.000010 0.000010 0.000010 0.000010 0.260670 0.000010
0.742140 0.000010 0.000010 0.000010 0.000010 0.000010 0.257800 0.000010
0.748736 0.000010 0.000010 0.000010 0.000010 0.000010 0.251204 0.000010
0.735925 0.000010 0.000010 0.000010 0.000010 0.000010 0.264015 0.000010
0.729374 0.000010 0.000010 0.000010 0.000010 0.000010 0.270566 0.000010
0.730631 0.000010 0.000010 0.000010 0.000010 0.000010 0.269309 0.000010
0.723225 0.000010 0.000010 0.000010 0.000010 0.000010 0.276715 0.000010
0.765887 0.000010 0.000010 0.000010 0.000010 0.000010 0.234053 0.000010
0.756283 0.000010 0.000010 0.000010 0.000010 0.000010 0.243657 0.000010
0.722556 0.000010 0.000010 0.000010 0.000010 0.000010 0.277384 0.000010
0.764768 0.000010 0.000010 0.000010 0.000010 0.000010 0.235172 0.000010
0.692425 0.000010 0.000010 0.000010 0.000010 0.000010 0.307515 0.000010
0.701503 0.000010 0.000010 0.000010 0.000010 0.000010 0.298437 0.000010
0.753712 0.000010 0.000010 0.000010 0.000010 0.000010 0.246228 0.000010
0.722810 0.000010 0.000010 0.000010 0.000010 0.000010 0.277130 0.000010
0.756541 0.000010 0.000010 0.000010 0.000010 0.000010 0.243399 0.000010
0.729310 0.000010 0.000010 0.000010 0.000010 0.000010 0.270630 0.000010
0.752166 0.000010 0.000010 0.000010 0.000010 0.000010 0.247774 0.000010
0.760204 0.000010 0.000010 0.000010 0.000010 0.000010 0.239736 0.000010
0.746686 0.000010 0.000010 0.000010 0.000010 0.000010 0.253254 0.000010
0.000010 0.013273 0.000010 0.000010 0.088539 0.898137 0.000010 0.000010
0.000010 0.043583 0.000010 0.000010 0.135858 0.813034 0.006859 0.000636
0.000010 0.064663 0.000010 0.034747 0.222945 0.677605 0.000010 0.000010
0.000010 0.031090 0.000010 0.019303 0.115787 0.833780 0.000010 0.000010
0.000010 0.057250 0.000010 0.013138 0.121655 0.807918 0.000010 0.000010
0.000010 0.031340 0.118304 0.014843 0.057870 0.777613 0.000010 0.000010
0.000862 0.067777 0.000010 0.044608 0.158771 0.727951 0.000010 0.000010
0.000010 0.048739 0.000010 0.000010 0.065272 0.885936 0.000010 0.000013
0.000010 0.037693 0.000010 0.047030 0.241104 0.674133 0.000010 0.000010
0.999930 0.000010 0.000010 0.000010 0.000010 0.000010 0.000010 0.000010
0.999930 0.000010 0.000010 0.000010 0.000010 0.000010 0.000010 0.000010
0.999930 0.000010 0.000010 0.000010 0.000010 0.000010 0.000010 0.000010
0.999930 0.000010 0.000010 0.000010 0.000010 0.000010 0.000010 0.000010
0.999930 0.000010 0.000010 0.000010 0.000010 0.000010 0.000010 0.000010
0.999930 0.000010 0.000010 0.000010 0.000010 0.000010 0.000010 0.000010
0.999930 0.000010 0.000010 0.000010 0.000010 0.000010 0.000010 0.000010
0.999930 0.000010 0.000010 0.000010 0.000010 0.000010 0.000010 0.000010
0.982778 0.000010 0.000010 0.000010 0.000010 0.000010 0.017162 0.000010
0.999930 0.000010 0.000010 0.000010 0.000010 0.000010 0.000010 0.000010
0.999930 0.000010 0.000010 0.000010 0.000010 0.000010 0.000010 0.000010
0.999930 0.000010 0.000010 0.000010 0.000010 0.000010 0.000010 0.000010
0.999930 0.000010 0.000010 0.000010 0.000010 0.000010 0.000010 0.000010
0.999930 0.000010 0.000010 0.000010 0.000010 0.000010 0.000010 0.000010
0.000010 0.037696 0.000010 0.038364 0.104433 0.819467 0.000010 0.000010
0.000010 0.070347 0.000010 0.038084 0.153130 0.738398 0.000010 0.000010
0.000010 0.079576 0.000010 0.143666 0.139551 0.637167 0.000010 0.000010
0.000010 0.109022 0.000010 0.096384 0.208272 0.586282 0.000010 0.000010
0.000010 0.089203 0.000010 0.125793 0.187823 0.587387 0.000010 0.009765
0.000010 0.034925 0.000010 0.016625 0.181848 0.766562 0.000010 0.000010
0.000010 0.069556 0.000010 0.049331 0.117764 0.763310 0.000010 0.000010
0.000010 0.072945 0.000010 0.052570 0.163262 0.708429 0.000010 0.002763
0.000010 0.058290 0.000010 0.027090 0.124806 0.789773 0.000010 0.000010
0.000010 0.063261 0.000010 0.000010 0.151381 0.785304 0.000014 0.000010
0.000010 0.147459 0.000010 0.195283 0.140608 0.496700 0.000010 0.019920
0.000014 0.094068 0.000010 0.075260 0.124223 0.706405 0.000010 0.000010
0.000010 0.036491 0.000010 0.024763 0.149499 0.789207 0.000010 0.000010
0.000010 0.062451 0.000010 0.011972 0.158409 0.765097 0.000010 0.002042
0.000010 0.062937 0.000010 0.011401 0.172263 0.753360 0.000010 0.000010
0.000010 0.043073 0.000010 0.000010 0.166685 0.790191 0.000010 0.000010
0.000010 0.055434 0.000010 0.015746 0.152685 0.776095 0.000010 0.000010
0.000010 0.024342 0.000010 0.043586 0.167606 0.764427 0.000010 0.000010
0.000010 0.041616 0.000010 0.041636 0.061549 0.855159 0.000010 0.000010
0.000010 0.107616 0.000010 0.084134 0.195646 0.608895 0.000010 0.003679
0.000010 0.101876 0.000010 0.052543 0.139879 0.702255 0.000010 0.003417
0.000010 0.025497 0.000010 0.055150 0.227796 0.691517 0.000010 0.000010
0.000010 0.094153 0.000010 0.103308 0.179969 0.622530 0.000010 0.000010
0.000010 0.057952 0.000010 0.028465 0.173490 0.740053 0.000010 0.000010
0.000010 0.086924 0.000010 0.033641 0.130653 0.740733 0.000010 0.008020
0.000010 0.041805 0.000010 0.080517 0.199623 0.678015 0.000010 0.000010
0.003560 0.087543 0.000010 0.082664 0.124261 0.698856 0.000010 0.003095
0.000010 0.041372 0.000010 0.097755 0.157296 0.698843 0.000010 0.004704
0.001449 0.135174 0.000010 0.115965 0.130404 0.612231 0.000010 0.004757
0.000010 0.079540 0.000010 0.046573 0.137923 0.735923 0.000010 0.000010
0.000010 0.044919 0.000010 0.060809 0.142306 0.751926 0.000010 0.000010
0.000010 0.080680 0.000010 0.003568 0.170861 0.744851 0.000010 0.000010
0.000010 0.069889 0.000010 0.017069 0.147995 0.765007 0.000010 0.000010
0.000010 0.072009 0.000010 0.067931 0.178118 0.681901 0.000010 0.000010
0.000010 0.114837 0.000010 0.046652 0.143816 0.694656 0.000010 0.000010
0.009005 0.057521 0.000010 0.013893 0.128630 0.786021 0.000010 0.004910
0.000010 0.059356 0.009951 0.011978 0.088384 0.818554 0.004907 0.006860
0.000010 0.089670 0.000010 0.130907 0.129868 0.649515 0.000010 0.000010
0.000010 0.354629 0.000010 0.289577 0.075255 0.280499 0.000010 0.000010
0.000010 0.078927 0.000010 0.044334 0.151098 0.719938 0.000010 0.005672
0.000010 0.066469 0.000010 0.041687 0.165680 0.726124 0.000010 0.000010
0.000010 0.003080 0.000010 0.000010 0.082505 0.914365 0.000010 0.000010
0.000010 0.000010 0.000010 0.000010 0.309681 0.687580 0.002688 0.000010
0.004245 0.011266 0.000010 0.037698 0.119954 0.810946 0.015872 0.000010
0.000010 0.030650 0.000010 0.005732 0.324173 0.616800 0.000010 0.022615
0.000010 0.023714 0.000010 0.036211 0.249586 0.690449 0.000010 0.000010
0.000010 0.093734 0.000010 0.036395 0.316629 0.553202 0.000010 0.000010
0.000010 0.050646 0.000010 0.035232 0.285050 0.607172 0.000010 0.021869
0.000010 0.019022 0.000010 0.029890 0.269853 0.681196 0.000010 0.000010
0.000010 0.037427 0.000010 0.011210 0.287048 0.659880 0.000010 0.004404
0.000010 0.013191 0.000010 0.000010 0.174107 0.801289 0.000010 0.011373
0.000010 0.109920 0.000010 0.002227 0.247621 0.635595 0.000010 0.004607
0.000010 0.057075 0.000010 0.028825 0.298675 0.615386 0.000010 0.000010
0.000010 0.012611 0.000010 0.000010 0.387411 0.599928 0.000010 0.000010
0.000010 0.091261 0.000010 0.075422 0.324695 0.508582 0.000010 0.000010
0.000010 0.031219 0.000010 0.000090 0.309176 0.659475 0.000010 0.000010
0.000010 0.121825 0.000010 0.058986 0.387782 0.422200 0.000010 0.009176
0.000010 0.043594 0.000010 0.003625 0.277726 0.675015 0.000010 0.000010
0.000010 0.015332 0.000010 0.076037 0.472442 0.428293 0.000010 0.007866
0.000010 0.067164 0.000010 0.108243 0.183592 0.640962 0.000010 0.000010
0.000010 0.057958 0.000010 0.032353 0.170642 0.726245 0.000010 0.012772
0.000010 0.061032 0.000010 0.024128 0.130897 0.783902 0.000010 0.000010
0.000010 0.104468 0.000010 0.115576 0.154027 0.625889 0.000010 0.000010
0.000010 0.022778 0.000010 0.000010 0.072493 0.867374 0.000010 0.037315
0.000010 0.078970 0.000010 0.033305 0.168909 0.718343 0.000010 0.000444
0.000010 0.063147 0.000010 0.112363 0.155787 0.668664 0.000010 0.000010
0.000010 0.030764 0.000010 0.023887 0.063474 0.881834 0.000010 0.000010
0.000010 0.032243 0.000010 0.021117 0.127187 0.819413 0.000010 0.000010
0.000010 0.046218 0.000010 0.034517 0.169732 0.749493 0.000010 0.000010
0.001791 0.047290 0.000010 0.017546 0.216026 0.717317 0.000010 0.000010
0.000010 0.120567 0.000010 0.009250 0.166686 0.703458 0.000010 0.000010
0.000010 0.064457 0.000010 0.046434 0.174954 0.714115 0.000010 0.000010
0.000010 0.084928 0.000010 0.088896 0.268355 0.557781 0.000010 0.000010
0.000010 0.122795 0.000010 0.073858 0.238976 0.563417 0.000010 0.000923
0.000010 0.069035 0.000010 0.076649 0.237085 0.617191 0.000010 0.000010
0.000010 0.083981 0.000010 0.000010 0.224269 0.691700 0.000010 0.000010
0.000010 0.040932 0.000010 0.016138 0.159895 0.782995 0.000010 0.000010
0.000010 0.093235 0.000010 0.083303 0.161039 0.662383 0.000010 0.000010
0.000010 0.037255 0.000010 0.000010 0.104537 0.853732 0.000010 0.004436
0.000010 0.060264 0.000010 0.030446 0.147160 0.745870 0.000010 0.016230
0.000010 0.082312 0.000010 0.027328 0.131007 0.759313 0.000010 0.000010
0.000010 0.214483 0.000010 0.466909 0.083182 0.235385 0.000010 0.000010
0.000010 0.194261 0.000010 0.297833 0.066767 0.413929 0.000010 0.027180
0.000010 0.090561 0.000010 0.098211 0.187047 0.624141 0.000010 0.000010
0.000010 0.037010 0.000010 0.071904 0.115654 0.767663 0.000010 0.007740
0.000010 0.045859 0.000010 0.025618 0.334858 0.592894 0.000010 0.000741
0.005381 0.000010 0.000010 0.010008 0.291885 0.692686 0.000010 0.000010
0.000010 0.019685 0.000010 0.021827 0.245001 0.713447 0.000010 0.000010
0.000010 0.102412 0.000010 0.061224 0.302182 0.528598 0.000010 0.005554
0.000010 0.000010 0.000010 0.000010 0.192534 0.807406 0.000010 0.000010
0.000010 0.000010 0.000010 0.000010 0.321372 0.678568 0.000010 0.000010
0.005472 0.010631 0.000010 0.006296 0.146411 0.831160 0.000010 0.000010
0.000010 0.056174 0.000010 0.078005 0.330377 0.535403 0.000010 0.000010
0.000010 0.061868 0.000010 0.004582 0.281487 0.652023 0.000010 0.000010
0.000010 0.067626 0.000010 0.000010 0.268472 0.660147 0.000010 0.003715
0.000010 0.072171 0.000010 0.099828 0.327518 0.484720 0.000010 0.015734
0.000010 0.000010 0.000010 0.000010 0.047672 0.952268 0.000010 0.000010
0.000010 0.000010 0.000010 0.000010 0.390127 0.608396 0.000010 0.001427
0.000010 0.005270 0.000010 0.000010 0.292720 0.701960 0.000010 0.000010
0.000010 0.019477 0.000010 0.000010 0.274768 0.705705 0.000010 0.000010
0.000010 0.037868 0.000010 0.019005 0.240444 0.702643 0.000010 0.000010
0.000010 0.094123 0.000010 0.143209 0.145273 0.617355 0.000010 0.000010
0.000010 0.094941 0.000010 0.006989 0.202684 0.690565 0.000010 0.004791
0.003605 0.070657 0.000010 0.029720 0.195593 0.684189 0.000010 0.016216
0.000010 0.101157 0.000010 0.043842 0.198524 0.648131 0.000010 0.008316
0.000010 0.107189 0.000010 0.118080 0.168580 0.606111 0.000010 0.000010
0.007158 0.042692 0.000010 0.039350 0.094928 0.815842 0.000010 0.000010
0.000010 0.086631 0.000010 0.037024 0.138804 0.737502 0.000010 0.000010
0.000010 0.066387 0.000010 0.040727 0.169185 0.720167 0.000010 0.003504
0.000010 0.082417 0.000010 0.038038 0.100035 0.779471 0.000010 0.000010
0.000010 0.098582 0.000010 0.000010 0.202038 0.694195 0.005145 0.000010
0.000010 0.000010 0.350191 0.000010 0.000010 0.649749 0.000010 0.000010
0.000010 0.000010 0.010246 0.000010 0.616498 0.354188 0.000010 0.019028
0.000010 0.149099 0.009756 0.199001 0.239636 0.402478 0.000010 0.000010
0.000010 0.019202 0.000010 0.000010 0.436485 0.544262 0.000010 0.000010
0.000010 0.049267 0.000010 0.000010 0.248229 0.702453 0.000010 0.000010
0.000010 0.024279 0.000010 0.007598 0.414596 0.540092 0.000010 0.013406
0.000010 0.054891 0.000010 0.014289 0.421930 0.508850 0.000010 0.000010
0.000010 0.000010 0.000010 0.000010 0.315556 0.684384 0.000010 0.000010
0.000010 0.020599 0.000010 0.000010 0.208204 0.771146 0.000010 0.000010
0.000010 0.003000 0.000010 0.005804 0.182333 0.808824 0.000010 0.000010
0.000010 0.043284 0.000010 0.007838 0.328021 0.620818 0.000010 0.000010
0.000010 0.005246 0.000010 0.000013 0.319188 0.675514 0.000010 0.000010
0.000010 0.029568 0.000010 0.008020 0.269420 0.692952 0.000010 0.000010
0.000010 0.034587 0.000010 0.016161 0.261118 0.681925 0.000010 0.006179
0.000010 0.059164 0.000010 0.059908 0.256082 0.614753 0.000010 0.010064
0.000010 0.086680 0.000010 0.084322 0.335732 0.493226 0.000010 0.000010
0.000010 0.059917 0.006878 0.081301 0.296870 0.543401 0.000010 0.011613
0.007514 0.043351 0.000010 0.061858 0.270935 0.616312 0.000010 0.000010
0.000010 0.089696 0.000010 0.031556 0.540428 0.338280 0.000010 0.000010
0.000010 0.030747 0.000010 0.000220 0.338304 0.630689 0.000010 0.000010
0.000010 0.000010 0.000010 0.000010 0.286216 0.713724 0.000010 0.000010
0.000010 0.074369 0.000010 0.057868 0.324034 0.543689 0.000010 0.000010
0.000010 0.098408 0.000010 0.000010 0.329917 0.571624 0.000010 0.000010
0.000010 0.028249 0.000010 0.000010 0.410327 0.561374 0.000010 0.000010
0.000010 0.020377 0.000010 0.000010 0.262440 0.717133 0.000010 0.000010
0.000010 0.028671 0.000010 0.026592 0.249272 0.695426 0.000010 0.000010
0.000010 0.024747 0.000010 0.018360 0.152277 0.796924 0.000010 0.007661
0.000010 0.105681 0.000010 0.171525 0.313500 0.409254 0.000010 0.000010
0.000010 0.122799 0.000010 0.036758 0.205976 0.634427 0.000010 0.000010
0.000010 0.128306 0.000010 0.078836 0.154352 0.629722 0.000010 0.008754
0.000010 0.057266 0.000010 0.014579 0.149174 0.778941 0.000010 0.000010
0.000010 0.110919 0.000010 0.055803 0.216746 0.614123 0.000010 0.002379
0.000010 0.118317 0.000010 0.041983 0.175675 0.663984 0.000010 0.000010
0.000010 0.093309 0.000010 0.069886 0.193337 0.630762 0.005379 0.007307
0.000010 0.104277 0.000010 0.064203 0.173151 0.646871 0.000010 0.011468
0.000010 0.055067 0.000010 0.032494 0.121888 0.775916 0.000010 0.014605
0.000010 0.077691 0.000010 0.000010 0.241482 0.680777 0.000010 0.000010
0.000014 0.096797 0.000010 0.035234 0.200511 0.653409 0.000010 0.014016
0.000010 0.086351 0.000010 0.045556 0.189818 0.669492 0.000010 0.008754
0.000010 0.080799 0.000010 0.028391 0.286997 0.603774 0.000010 0.000010
0.000010 0.023482 0.000010 0.000010 0.262735 0.705954 0.000010 0.007789
0.000010 0.026708 0.000010 0.007433 0.541314 0.413053 0.000010 0.011463
0.000010 0.000010 0.000010 0.000010 0.130604 0.869336 0.000010 0.000010
0.000010 0.000010 0.000010 0.000010 0.054790 0.941591 0.000010 0.003569
0.000010 0.000010 0.000010 0.000010 0.436937 0.536079 0.000010 0.026933
0.000010 0.030071 0.000010 0.012019 0.605231 0.341841 0.000010 0.010809
0.001089 0.062277 0.000010 0.021092 0.317699 0.597813 0.000010 0.000010
0.000056 0.047010 0.000010 0.010297 0.263773 0.655728 0.000010 0.023116
0.000010 0.021377 0.000010 0.000010 0.427719 0.550853 0.000010 0.000010
0.000010 0.007646 0.000010 0.031158 0.419131 0.539697 0.000010 0.002338
0.000010 0.027843 0.000010 0.000010 0.437499 0.534608 0.000010 0.000010
0.000010 0.042439 0.000010 0.131965 0.394475 0.428010 0.000010 0.003080
0.000010 0.135567 0.000010 0.151046 0.321916 0.388488 0.002954 0.000010
0.000010 0.138249 0.000010 0.042244 0.348266 0.471201 0.000010 0.000010
0.000010 0.000010 0.000010 0.000010 0.216469 0.783471 0.000010 0.000010
0.000010 0.009166 0.000010 0.000010 0.206881 0.783903 0.000010 0.000010
0.000010 0.023371 0.000010 0.006315 0.163305 0.806969 0.000010 0.000010
0.000010 0.020627 0.000010 0.000010 0.143774 0.835549 0.000010 0.000010
0.000010 0.206333 0.000010 0.149056 0.278166 0.366405 0.000010 0.000010
0.000010 0.019859 0.000010 0.002647 0.385788 0.583988 0.000169 0.007528
0.000010 0.087547 0.000010 0.055440 0.154690 0.702283 0.000010 0.000010
0.000010 0.005155 0.000010 0.005056 0.131202 0.849482 0.000010 0.009074
0.000010 0.000010 0.000010 0.000010 0.176243 0.823697 0.000010 0.000010
0.000189 0.017931 0.000010 0.000010 0.221872 0.759968 0.000010 0.000010
0.000010 0.047340 0.000010 0.042146 0.440255 0.470219 0.000010 0.000010
0.000010 0.062978 0.000010 0.049488 0.408766 0.478728 0.000010 0.000010
0.000010 0.029854 0.000010 0.000010 0.395678 0.574418 0.000010 0.000010
0.000010 0.036162 0.000010 0.000010 0.374867 0.588921 0.000010 0.000010
0.000010 0.014410 0.000010 0.000010 0.000010 0.967302 0.000010 0.018237
0.000010 0.014558 0.040198 0.002486 0.000010 0.940763 0.000010 0.001965
0.000010 0.000010 0.000010 0.000010 0.000010 0.999930 0.000010 0.000010
0.000010 0.000010 0.000010 0.000010 0.007001 0.989263 0.003686 0.000010
0.000010 0.000010 0.000010 0.002022 0.000010 0.983772 0.000010 0.014156
0.000010 0.000010 0.000010 0.001144 0.001864 0.988105 0.000010 0.008847
0.000010 0.001692 0.000010 0.000010 0.000010 0.998248 0.000010 0.000010
0.000010 0.000010 0.000010 0.000010 0.000010 0.999930 0.000010 0.000010
0.000010 0.000010 0.016680 0.000010 0.000010 0.983260 0.000010 0.000010
0.000010 0.000010 0.051441 0.000010 0.000010 0.948499 0.000010 0.000010
0.000010 0.000010 0.000010 0.000010 0.000010 0.999930 0.000010 0.000010
0.000010 0.000010 0.005004 0.000010 0.000010 0.994936 0.000010 0.000010
0.000010 0.000010 0.010727 0.000010 0.000010 0.989213 0.000010 0.000010
0.000010 0.000010 0.033821 0.000010 0.000010 0.966119 0.000010 0.000010
0.000010 0.000010 0.044171 0.000010 0.000010 0.955769 0.000010 0.000010
0.000010 0.000010 0.053873 0.000010 0.000010 0.946067 0.000010 0.000010
0.000577 0.000010 0.000010 0.000010 0.000010 0.999363 0.000010 0.000010
0.000010 0.009260 0.000010 0.000010 0.000010 0.990680 0.000010 0.000010
0.000010 0.023109 0.000010 0.000010 0.000010 0.969310 0.000010 0.007531
0.000010 0.012154 0.010842 0.000010 0.000010 0.976955 0.000010 0.000010
0.003092 0.015472 0.028104 0.000010 0.000010 0.953292 0.000010 0.000010
0.000010 0.007626 0.008990 0.000010 0.000010 0.983334 0.000010 0.000010
0.000010 0.000010 0.058205 0.000010 0.000010 0.941735 0.000010 0.000010
0.000010 0.000010 0.026885 0.000010 0.000010 0.973055 0.000010 0.000010
0.000010 0.047492 0.000010 0.009948 0.245002 0.697518 0.000010 0.000010
0.000010 0.166950 0.000010 0.215294 0.252890 0.364826 0.000010 0.000010
0.000010 0.098714 0.000010 0.130750 0.355234 0.390317 0.000010 0.024955
0.000010 0.000010 0.000010 0.000010 0.730314 0.269626 0.000010 0.000010
0.000010 0.000010 0.000779 0.000010 0.501812 0.476344 0.000010 0.021025
0.000010 0.000010 0.000010 0.000010 0.710462 0.289478 0.000010 0.000010
0.000010 0.000010 0.000010 0.000010 0.999930 0.000010 0.000010 0.000010
0.000010 0.028516 0.000010 0.026527 0.471191 0.473726 0.000010 0.000010
0.000010 0.000010 0.000010 0.000010 0.651874 0.348066 0.000010 0.000010
0.000010 0.000010 0.081141 0.000010 0.000713 0.121207 0.000010 0.796899
0.000010 0.000010 0.062188 0.000010 0.005318 0.158726 0.000010 0.773727
0.000010 0.000010 0.053142 0.000010 0.002571 0.174851 0.000010 0.769396
0.000010 0.000010 0.023774 0.000010 0.000010 0.254307 0.000010 0.721869
0.931578 0.000010 0.000010 0.000010 0.000010 0.000010 0.068362 0.000010
0.952616 0.000010 0.000010 0.000010 0.000010 0.000010 0.020841 0.026493
0.972726 0.000010 0.000010 0.000010 0.003538 0.000010 0.019454 0.004242
0.959508 0.000010 0.000010 0.000010 0.000010 0.000010 0.027666 0.012776
0.930256 0.000010 0.000010 0.000010 0.000010 0.000010 0.049704 0.019990
0.936153 0.000010 0.000010 0.000010 0.000010 0.000010 0.063787 0.000010
0.000010 0.008597 0.004435 0.000010 0.008506 0.975345 0.000010 0.003087
0.001309 0.007422 0.039147 0.000010 0.000010 0.952083 0.000010 0.000010
0.000010 0.000010 0.027937 0.000010 0.000010 0.972003 0.000010 0.000010
0.000010 0.000010 0.010998 0.000010 0.000010 0.988942 0.000010 0.000010
0.000010 0.000010 0.000010 0.000010 0.000010 0.987515 0.000010 0.012425
0.000010 0.005537 0.000010 0.000015 0.000010 0.994398 0.000010 0.000010
0.000010 0.001870 0.000010 0.000010 0.000010 0.998070 0.000010 0.000010
0.000010 0.012563 0.018078 0.000010 0.000010 0.969309 0.000010 0.000010
0.000010 0.000010 0.010339 0.000010 0.000010 0.978887 0.000010 0.010724
0.000010 0.000010 0.047900 0.000010 0.000010 0.949783 0.000010 0.002267
0.002220 0.000010 0.004899 0.000010 0.000010 0.992831 0.000010 0.000010
0.000010 0.000010 0.000010 0.000010 0.022156 0.975754 0.000010 0.002040
0.000010 0.000010 0.000010 0.000010 0.000010 0.993737 0.000010 0.006203
0.000993 0.012757 0.000010 0.000010 0.000010 0.986200 0.000010 0.000010
0.000010 0.000010 0.000010 0.002247 0.000010 0.996926 0.000010 0.000777
0.006954 0.014591 0.000010 0.000010 0.000010 0.978384 0.000010 0.000032
0.000010 0.000010 0.036095 0.000010 0.003260 0.958838 0.000010 0.001768
0.005745 0.007295 0.000017 0.000010 0.000010 0.967341 0.000010 0.019572
0.006683 0.045229 0.000010 0.000243 0.000211 0.938988 0.000010 0.008626
0.000010 0.018562 0.000010 0.008164 0.000010 0.955049 0.000010 0.018185
0.000010 0.000010 0.000010 0.000010 0.006165 0.993775 0.000010 0.000010
