0.000010 0.000010 0.000010 0.382958 0.616992 0.000010 0.000010
0.000010 0.000010 0.000010 0.363440 0.636510 0.000010 0.000010
0.000010 0.000010 0.000010 0.423030 0.576920 0.000010 0.000010
0.000010 0.000010 0.000010 0.372369 0.627581 0.000010 0.000010
0.000010 0.000010 0.000010 0.420449 0.579501 0.000010 0.000010
0.000010 0.000010 0.000010 0.414143 0.585807 0.000010 0.000010
0.000010 0.000010 0.000010 0.359590 0.640360 0.000010 0.000010
0.000010 0.000010 0.000010 0.377412 0.622538 0.000010 0.000010
0.000010 0.000010 0.000010 0.360503 0.639447 0.000010 0.000010
0.000010 0.000010 0.000010 0.411663 0.588287 0.000010 0.000010
0.000010 0.000010 0.000010 0.392750 0.607200 0.000010 0.000010
0.000010 0.000010 0.000010 0.350062 0.649888 0.000010 0.000010
0.000010 0.000010 0.000010 0.422481 0.577469 0.000010 0.000010
0.000010 0.000010 0.000010 0.433693 0.566257 0.000010 0.000010
0.000010 0.000010 0.000010 0.402690 0.597260 0.000010 0.000010
0.000010 0.000011 0.000010 0.389847 0.610101 0.000010 0.000010
0.000010 0.000010 0.000010 0.397387 0.602563 0.000010 0.000010
0.000010 0.000010 0.000010 0.369341 0.630609 0.000010 0.000010
0.000010 0.000010 0.000010 0.414651 0.585299 0.000010 0.000010
0.000010 0.000010 0.000015 0.388848 0.611097 0.000010 0.000010
0.000010 0.000010 0.000010 0.409192 0.590758 0.000010 0.000010
0.000010 0.000010 0.000010 0.397040 0.602910 0.000010 0.000010
0.000010 0.000010 0.000010 0.398970 0.600980 0.000011 0.000010
0.000010 0.000010 0.000010 0.390247 0.609703 0.000010 0.000010
0.000010 0.000010 0.000010 0.420077 0.579872 0.000011 0.000010
0.000010 0.000010 0.000010 0.416463 0.583487 0.000010 0.000010
0.000010 0.000010 0.000010 0.358897 0.641053 0.000010 0.000010
0.000010 0.000010 0.000010 0.336579 0.663370 0.000011 0.000010
0.000010 0.000010 0.000010 0.375181 0.624769 0.000010 0.000010
0.000010 0.000010 0.000010 0.394057 0.605893 0.000010 0.000010
0.000010 0.000010 0.000010 0.333792 0.666158 0.000010 0.000010
0.000010 0.000010 0.000010 0.373721 0.626229 0.000010 0.000010
0.000010 0.000010 0.000010 0.325553 0.674397 0.000010 0.000010
0.000010 0.000010 0.000010 0.351387 0.648563 0.000010 0.000010
0.000010 0.000010 0.000010 0.420056 0.579894 0.000010 0.000010
0.000010 0.000010 0.000010 0.362680 0.637270 0.000010 0.000010
0.000010 0.000010 0.000010 0.354078 0.645872 0.000010 0.000010
0.000010 0.000010 0.000010 0.376270 0.623680 0.000010 0.000010
0.000010 0.000010 0.000010 0.392253 0.607697 0.000010 0.000010
0.000010 0.000010 0.000010 0.410553 0.589396 0.000011 0.000010
0.000010 0.000010 0.000010 0.345020 0.654930 0.000010 0.000010
0.000010 0.000010 0.000010 0.364790 0.635159 0.000010 0.000010
0.000010 0.000010 0.000010 0.346098 0.653852 0.000010 0.000010
0.000010 0.000010 0.000010 0.368423 0.631527 0.000010 0.000010
0.000010 0.000010 0.000010 0.407791 0.592159 0.000010 0.000010
0.000010 0.000010 0.000010 0.370439 0.629511 0.000010 0.000010
0.000010 0.000010 0.000010 0.372352 0.627598 0.000010 0.000010
0.000010 0.000010 0.000010 0.342689 0.657261 0.000010 0.000010
0.000010 0.000010 0.000010 0.389163 0.610787 0.000010 0.000010
0.000010 0.000010 0.000010 0.373698 0.626252 0.000010 0.000010
0.000010 0.000010 0.000010 0.343555 0.656394 0.000010 0.000010
0.000010 0.000010 0.000010 0.391363 0.608586 0.000011 0.000010
0.000010 0.001635 0.004818 0.993506 0.000010 0.000010 0.000010
0.000010 0.000010 0.004494 0.995456 0.000010 0.000010 0.000010
0.000012 0.000010 0.000010 0.893890 0.106058 0.000010 0.000010
0.000010 0.003157 0.000010 0.996793 0.000010 0.000010 0.000010
0.002003 0.004521 0.004641 0.988806 0.000010 0.000010 0.000010
0.000010 0.011425 0.000010 0.988525 0.000010 0.000010 0.000010
0.000010 0.004032 0.000010 0.995918 0.000010 0.000010 0.000010
0.000010 0.004697 0.005384 0.989879 0.000010 0.000010 0.000010
0.030948 0.000010 0.000010 0.760073 0.208940 0.000010 0.000010
0.000010 0.006314 0.002733 0.990914 0.000010 0.000010 0.000010
0.000010 0.000010 0.000010 0.999940 0.000010 0.000010 0.000010
0.000010 0.006184 0.000010 0.993766 0.000010 0.000010 0.000010
0.000010 0.000010 0.000010 0.999940 0.000010 0.000010 0.000010
0.000010 0.004301 0.000010 0.995649 0.000010 0.000010 0.000010
0.000010 0.000019 0.000010 0.999931 0.000010 0.000010 0.000010
0.000010 0.000010 0.002121 0.956983 0.038228 0.000010 0.002638
0.016463 0.000010 0.000010 0.882507 0.098288 0.000010 0.002712
0.000010 0.000010 0.000010 0.334663 0.665285 0.000012 0.000010
0.000010 0.000010 0.000010 0.328503 0.671447 0.000010 0.000010
0.000010 0.000010 0.000010 0.344539 0.655411 0.000010 0.000010
0.000010 0.000010 0.000010 0.379075 0.620875 0.000010 0.000010
0.000010 0.000010 0.000010 0.339616 0.660334 0.000010 0.000010
0.000010 0.000010 0.000010 0.338064 0.661880 0.000016 0.000010
0.000010 0.000010 0.000010 0.361730 0.638220 0.000010 0.000010
0.000010 0.000010 0.000010 0.356364 0.643586 0.000010 0.000010
0.000010 0.000010 0.000010 0.376406 0.623544 0.000010 0.000010
0.000010 0.000010 0.000010 0.333597 0.666353 0.000010 0.000010
0.000010 0.000010 0.000010 0.374491 0.625459 0.000010 0.000010
0.000010 0.000010 0.000010 0.362766 0.637184 0.000010 0.000010
0.000010 0.000010 0.000010 0.326072 0.673878 0.000010 0.000010
0.000010 0.000010 0.000010 0.359210 0.640740 0.000010 0.000010
0.000010 0.000010 0.000010 0.322683 0.677267 0.000010 0.000010
0.000010 0.000010 0.000010 0.348402 0.651548 0.000010 0.000010
0.000010 0.000010 0.000010 0.289519 0.710431 0.000010 0.000010
0.000010 0.000010 0.000010 0.378193 0.621757 0.000010 0.000010
0.000010 0.000010 0.000010 0.360829 0.639121 0.000010 0.000010
0.000010 0.000010 0.000010 0.305183 0.694767 0.000010 0.000010
0.000010 0.000010 0.000010 0.357801 0.642149 0.000010 0.000010
0.000010 0.000010 0.000010 0.356748 0.643202 0.000010 0.000010
0.000010 0.000010 0.000010 0.345935 0.654015 0.000010 0.000010
0.000010 0.000010 0.000010 0.347438 0.652512 0.000010 0.000010
0.000010 0.000010 0.000010 0.340023 0.659927 0.000010 0.000010
0.000010 0.000010 0.000010 0.376585 0.623365 0.000010 0.000010
0.000010 0.000010 0.000010 0.341556 0.658394 0.000010 0.000010
0.000010 0.000010 0.000010 0.362879 0.637071 0.000010 0.000010
0.000010 0.000010 0.000010 0.311872 0.688078 0.000010 0.000010
0.000010 0.000010 0.000010 0.369532 0.630418 0.000010 0.000010
0.000010 0.000010 0.000018 0.383293 0.616648 0.000010 0.000010
0.000010 0.000010 0.000010 0.999940 0.000010 0.000010 0.000010
0.000010 0.000010 0.000010 0.999940 0.000010 0.000010 0.000010
0.000010 0.000010 0.000010 0.959026 0.040924 0.000010 0.000010
0.000010 0.000010 0.000010 0.999940 0.000010 0.000010 0.000010
0.000010 0.000010 0.000010 0.995522 0.000010 0.000010 0.004428
0.000010 0.015765 0.000010 0.973903 0.000010 0.000010 0.010292
0.000010 0.000010 0.000010 0.963074 0.036876 0.000010 0.000010
0.000010 0.000010 0.000010 0.999940 0.000010 0.000010 0.000010
0.000010 0.000010 0.000010 0.955532 0.044418 0.000010 0.000010
0.000010 0.000010 0.000010 0.999940 0.000010 0.000010 0.000010
0.000010 0.000010 0.000010 0.831969 0.167981 0.000010 0.000010
0.000010 0.000010 0.000011 0.999939 0.000010 0.000010 0.000010
0.000010 0.000010 0.000010 0.999940 0.000010 0.000010 0.000010
0.000010 0.000010 0.000010 0.997657 0.000010 0.000010 0.002293
0.000010 0.000010 0.000010 0.999940 0.000010 0.000010 0.000010
0.000010 0.000010 0.000010 0.999940 0.000010 0.000010 0.000010
0.000010 0.000010 0.000010 0.999940 0.000010 0.000010 0.000010
0.012839 0.000010 0.000010 0.987111 0.000010 0.000010 0.000010
0.002253 0.000010 0.000010 0.997697 0.000010 0.000010 0.000010
0.001124 0.000010 0.000010 0.998826 0.000010 0.000010 0.000010
0.000010 0.000010 0.000010 0.922937 0.077013 0.000010 0.000010
0.000010 0.011374 0.000010 0.988576 0.000010 0.000010 0.000010
0.000010 0.000010 0.000010 0.999940 0.000010 0.000010 0.000010
0.000010 0.000010 0.000010 0.993115 0.006835 0.000010 0.000010
0.000010 0.000010 0.000010 0.834108 0.165842 0.000010 0.000010
0.000010 0.002306 0.000010 0.997644 0.000010 0.000010 0.000010
0.000010 0.000010 0.001025 0.998925 0.000010 0.000010 0.000010
0.000010 0.000010 0.000010 0.999940 0.000010 0.000010 0.000010
0.000010 0.000010 0.000010 0.999940 0.000010 0.000010 0.000010
0.000010 0.000010 0.000010 0.954095 0.041034 0.000010 0.004831
0.000010 0.000010 0.000191 0.990510 0.000010 0.000010 0.009259
0.000010 0.000010 0.000010 0.994243 0.000010 0.000010 0.005707
0.000010 0.000010 0.000010 0.999940 0.000010 0.000010 0.000010
0.000010 0.000010 0.000010 0.999940 0.000010 0.000010 0.000010
0.000010 0.000010 0.000010 0.999940 0.000010 0.000010 0.000010
0.000010 0.000010 0.000010 0.999940 0.000010 0.000010 0.000010
0.000010 0.000010 0.000010 0.999940 0.000010 0.000010 0.000010
0.000010 0.000010 0.000010 0.950562 0.049388 0.000010 0.000010
0.000010 0.000010 0.000010 0.975512 0.024438 0.000010 0.000010
0.000010 0.001349 0.000016 0.998594 0.000010 0.000010 0.000010
0.010087 0.001451 0.000010 0.987875 0.000557 0.000010 0.000010
0.000010 0.000010 0.000010 0.941543 0.058407 0.000010 0.000010
0.000010 0.000010 0.000010 0.999940 0.000010 0.000010 0.000010
0.000010 0.017517 0.000010 0.982433 0.000010 0.000010 0.000010
0.000010 0.000010 0.000010 0.905659 0.094291 0.000010 0.000010
0.000010 0.000010 0.000010 0.999940 0.000010 0.000010 0.000010
0.012331 0.000010 0.000010 0.948068 0.039561 0.000010 0.000010
0.049476 0.000010 0.000010 0.773422 0.177062 0.000010 0.000010
0.000010 0.003497 0.000010 0.996453 0.000010 0.000010 0.000010
0.000010 0.000010 0.000010 0.998204 0.000010 0.000010 0.001746
0.000010 0.000010 0.000012 0.730060 0.269888 0.000010 0.000010
0.000010 0.000010 0.000010 0.999940 0.000010 0.000010 0.000010
0.000010 0.000010 0.000010 0.975457 0.024493 0.000010 0.000010
0.000010 0.000010 0.000010 0.999940 0.000010 0.000010 0.000010
0.000864 0.000010 0.000010 0.776950 0.222146 0.000010 0.000010
0.000010 0.000010 0.000010 0.999940 0.000010 0.000010 0.000010
0.000010 0.000010 0.000010 0.999940 0.000010 0.000010 0.000010
0.000010 0.000010 0.000011 0.921704 0.078244 0.000010 0.000010
0.000010 0.000013 0.000010 0.995072 0.000010 0.000010 0.004874
0.000010 0.000010 0.000010 0.993353 0.006597 0.000010 0.000010
0.000010 0.000010 0.001878 0.998072 0.000010 0.000010 0.000010
0.000010 0.000010 0.000010 0.999940 0.000010 0.000010 0.000010
0.000010 0.000010 0.000010 0.999940 0.000010 0.000010 0.000010
0.007990 0.000010 0.000010 0.991960 0.000010 0.000010 0.000010
0.000010 0.000010 0.000010 0.999940 0.000010 0.000010 0.000010
0.000010 0.003439 0.000010 0.996511 0.000010 0.000010 0.000010
0.000010 0.000010 0.000010 0.999940 0.000010 0.000010 0.000010
0.000010 0.001077 0.000010 0.990358 0.008524 0.000010 0.000010
0.000010 0.000010 0.000010 0.999940 0.000010 0.000010 0.000010
0.000010 0.000010 0.000010 0.999940 0.000010 0.000010 0.000010
0.000010 0.000010 0.004502 0.995448 0.000010 0.000010 0.000010
0.000010 0.000010 0.000010 0.999940 0.000010 0.000010 0.000010
0.000010 0.010141 0.000010 0.989809 0.000010 0.000010 0.000010
0.000010 0.000010 0.000010 0.999940 0.000010 0.000010 0.000010
0.000010 0.000010 0.000010 0.975159 0.024791 0.000010 0.000010
0.000010 0.000010 0.000010 0.999940 0.000010 0.000010 0.000010
0.000010 0.000010 0.000010 0.999940 0.000010 0.000010 0.000010
0.000010 0.000010 0.000010 0.817586 0.182364 0.000010 0.000010
0.000010 0.000010 0.000010 0.999940 0.000010 0.000010 0.000010
0.000010 0.000010 0.000010 0.999940 0.000010 0.000010 0.000010
0.000010 0.000206 0.000010 0.999744 0.000010 0.000010 0.000010
0.000010 0.000010 0.000010 0.999940 0.000010 0.000010 0.000010
0.000010 0.383353 0.000010 0.000010 0.000010 0.000010 0.616597
0.000010 0.425670 0.000010 0.000010 0.000010 0.000010 0.574280
0.000010 0.352738 0.000010 0.000010 0.000010 0.000010 0.647212
0.000010 0.358276 0.000010 0.000010 0.000010 0.000010 0.641674
0.000010 0.372509 0.000010 0.000010 0.000010 0.000010 0.627441
0.000010 0.357265 0.000010 0.000010 0.000010 0.000010 0.642685
0.000010 0.354410 0.000010 0.000010 0.000010 0.000010 0.645540
0.000010 0.427295 0.000010 0.000010 0.000010 0.000010 0.572655
0.000010 0.363505 0.000010 0.000010 0.000010 0.000010 0.636445
0.000010 0.375960 0.000014 0.000010 0.000010 0.000010 0.623985
0.000010 0.367684 0.000010 0.000010 0.000010 0.000010 0.632266
0.000010 0.383037 0.000010 0.000010 0.000010 0.000010 0.616913
0.000010 0.362959 0.000010 0.000010 0.000010 0.000010 0.636991
0.000010 0.395561 0.000010 0.000010 0.000010 0.000010 0.604389
0.000010 0.380134 0.000010 0.000010 0.000010 0.000010 0.619816
0.000010 0.386489 0.000013 0.000010 0.000010 0.000010 0.613457
0.000010 0.383670 0.000010 0.000010 0.000010 0.000010 0.616280
0.000010 0.382706 0.000010 0.000010 0.000011 0.000010 0.617242
0.000015 0.424037 0.000010 0.000010 0.000011 0.000010 0.575908
0.000010 0.364532 0.000010 0.000010 0.000010 0.000010 0.635418
0.000010 0.357851 0.000010 0.000010 0.000014 0.000010 0.642095
0.000014 0.377388 0.000010 0.000010 0.000010 0.000010 0.622558
0.000010 0.360869 0.000010 0.000010 0.000010 0.000010 0.639081
0.000010 0.395492 0.000010 0.000010 0.000010 0.000010 0.604458
0.000010 0.354659 0.000010 0.000010 0.000010 0.000010 0.645291
0.000010 0.358896 0.000010 0.000010 0.000010 0.000010 0.641054
0.000013 0.390724 0.000010 0.000010 0.000014 0.000010 0.609220
0.000010 0.375004 0.000010 0.000010 0.000013 0.000010 0.624943
0.000010 0.362678 0.000010 0.000010 0.000011 0.000010 0.637272
0.000010 0.363201 0.000010 0.000010 0.000010 0.000010 0.636749
0.000010 0.442992 0.000010 0.000010 0.000010 0.000010 0.556958
0.000010 0.343087 0.000010 0.000010 0.000010 0.000010 0.656863
0.000010 0.426882 0.000010 0.000010 0.000014 0.000010 0.573064
0.000010 0.388131 0.000010 0.000010 0.000010 0.000010 0.611819
0.000010 0.323566 0.000010 0.000010 0.000010 0.000010 0.676384
0.000010 0.360875 0.000010 0.000010 0.000010 0.000010 0.639075
0.000010 0.367868 0.000010 0.000010 0.000010 0.000010 0.632082
0.000010 0.341258 0.000015 0.000010 0.000010 0.000010 0.658687
0.000010 0.385194 0.000010 0.000010 0.000010 0.000010 0.614756
0.000010 0.383898 0.000010 0.000010 0.000010 0.000010 0.616052
0.000010 0.343117 0.000010 0.000010 0.000010 0.000010 0.656833
0.000010 0.000010 0.166649 0.000010 0.759007 0.074304 0.000010
0.000011 0.000010 0.212251 0.000010 0.616970 0.170738 0.000010
0.009988 0.000010 0.122822 0.000010 0.797348 0.069812 0.000010
0.000010 0.442116 0.000010 0.000010 0.000010 0.000010 0.557834
0.000010 0.437244 0.000012 0.000010 0.000010 0.000010 0.562704
0.000010 0.515228 0.000010 0.000010 0.000011 0.000010 0.484721
0.000010 0.387925 0.000010 0.000010 0.000011 0.000010 0.612024
0.000010 0.425457 0.000010 0.000010 0.000010 0.000010 0.574493
0.000010 0.423316 0.000010 0.000010 0.000010 0.000010 0.576634
0.000010 0.452673 0.000010 0.000010 0.000016 0.000010 0.547271
0.000010 0.280797 0.000010 0.000010 0.000012 0.000010 0.719150
0.000010 0.419660 0.000010 0.000010 0.000010 0.000010 0.580290
0.000010 0.319860 0.000010 0.000010 0.000010 0.000010 0.680090
0.000010 0.645912 0.010752 0.000010 0.002096 0.000010 0.341209
0.000010 0.455669 0.000010 0.000010 0.000010 0.000010 0.544281
0.000010 0.440485 0.000011 0.000010 0.000013 0.000010 0.559461
0.000014 0.464922 0.000010 0.000010 0.000013 0.000010 0.535021
0.000010 0.386462 0.000010 0.000010 0.000012 0.000010 0.613486
0.000010 0.520066 0.000010 0.000010 0.000010 0.000010 0.479884
0.000010 0.415132 0.000010 0.000010 0.000015 0.000010 0.584813
0.000010 0.459620 0.000010 0.000010 0.000010 0.000010 0.540330
0.000010 0.448232 0.000010 0.000010 0.000010 0.000010 0.551718
0.000010 0.435736 0.000010 0.000010 0.000013 0.000010 0.564210
0.000010 0.387016 0.000010 0.000010 0.000010 0.000010 0.612934
0.000010 0.424250 0.000010 0.000010 0.000010 0.000010 0.575700
0.000010 0.382687 0.000010 0.000010 0.000013 0.000010 0.617261
0.000010 0.386857 0.000010 0.000010 0.000010 0.000010 0.613093
0.000010 0.400191 0.000010 0.005473 0.014711 0.031118 0.548486
0.000010 0.436154 0.000010 0.000010 0.000012 0.000010 0.563794
0.000010 0.316902 0.000010 0.000010 0.000010 0.000010 0.683048
0.000010 0.435169 0.000011 0.000010 0.000010 0.000010 0.564780
0.000010 0.367079 0.000010 0.000010 0.000010 0.000010 0.632871
0.000010 0.414166 0.000012 0.000010 0.000010 0.000010 0.585782
0.000010 0.389887 0.000010 0.000010 0.000010 0.000010 0.610063
0.000010 0.375454 0.000010 0.000012 0.000010 0.000010 0.624494
0.000010 0.409207 0.000010 0.000010 0.000010 0.000010 0.590743
0.000010 0.000010 0.139932 0.000010 0.714014 0.146014 0.000010
0.007428 0.000010 0.159052 0.000010 0.672687 0.160802 0.000010
0.005597 0.000010 0.130687 0.000010 0.798161 0.065525 0.000010
0.010428 0.000010 0.171729 0.000010 0.745732 0.072080 0.000010
0.000010 0.215344 0.000010 0.000010 0.000010 0.000010 0.784606
0.000010 0.260465 0.000010 0.000010 0.000010 0.000010 0.739485
0.000010 0.250285 0.000010 0.000010 0.000010 0.000010 0.749665
0.000010 0.285272 0.000010 0.000010 0.000010 0.000010 0.714678
0.000010 0.270850 0.000010 0.000010 0.000010 0.000010 0.729100
0.000010 0.236215 0.000010 0.000010 0.000010 0.000010 0.763735
0.000011 0.260601 0.000010 0.000010 0.000010 0.000010 0.739347
0.000010 0.257746 0.000010 0.000010 0.000010 0.000010 0.742204
0.000010 0.251085 0.000010 0.000010 0.000010 0.000010 0.748865
0.000010 0.264065 0.000010 0.000010 0.000010 0.000010 0.735885
0.000010 0.270442 0.000010 0.000010 0.000010 0.000010 0.729508
0.000010 0.269170 0.000010 0.000010 0.000011 0.000010 0.730779
0.000010 0.276727 0.000010 0.000010 0.000010 0.000010 0.723223
0.000010 0.233935 0.000010 0.000010 0.000010 0.000010 0.766015
0.000010 0.243663 0.000010 0.000010 0.000010 0.000010 0.756287
0.000015 0.277424 0.000010 0.000010 0.000015 0.000010 0.722516
0.000010 0.235165 0.000010 0.000010 0.000010 0.000010 0.764785
0.000010 0.307478 0.000010 0.000010 0.000010 0.000010 0.692472
0.000010 0.298436 0.000010 0.000010 0.000014 0.000010 0.701511
0.000010 0.246181 0.000010 0.000010 0.000010 0.000010 0.753769
0.000010 0.277018 0.000010 0.000010 0.000012 0.000010 0.722929
0.000010 0.243347 0.000010 0.000010 0.000010 0.000010 0.756603
0.000010 0.270498 0.000010 0.000010 0.000010 0.000010 0.729452
0.000010 0.247682 0.000010 0.000010 0.000010 0.000010 0.752268
0.000010 0.239615 0.000010 0.000010 0.000010 0.000010 0.760335
0.000010 0.253136 0.000010 0.000010 0.000012 0.000010 0.746812
0.000010 0.000010 0.088643 0.000010 0.898294 0.013023 0.000010
0.000926 0.006926 0.136061 0.000010 0.813237 0.042829 0.000010
0.000010 0.000010 0.222906 0.000010 0.678347 0.098708 0.000010
0.000010 0.000010 0.115921 0.000010 0.834105 0.049934 0.000010
0.000010 0.000010 0.121834 0.000010 0.808848 0.069278 0.000010
0.000010 0.000010 0.057844 0.118876 0.777423 0.045827 0.000010
0.000010 0.000010 0.158750 0.000010 0.728574 0.111754 0.000893
0.001686 0.000010 0.065452 0.000010 0.885571 0.047261 0.000010
0.000010 0.000010 0.241006 0.000010 0.674350 0.084604 0.000010
0.000010 0.000010 0.000010 0.000010 0.000010 0.000010 0.999940
0.000010 0.000010 0.000010 0.000010 0.000010 0.000010 0.999940
0.000010 0.000010 0.000010 0.000010 0.000010 0.000010 0.999940
0.000010 0.000010 0.000010 0.000010 0.000010 0.000010 0.999940
0.000010 0.000010 0.000010 0.000010 0.000010 0.000010 0.999940
0.000010 0.000010 0.000010 0.000010 0.000010 0.000010 0.999940
0.000010 0.000010 0.000010 0.000010 0.000010 0.000010 0.999940
0.000010 0.000010 0.000010 0.000010 0.000010 0.000010 0.999940
0.000010 0.017001 0.000010 0.000010 0.000010 0.000010 0.982949
0.000010 0.000010 0.000010 0.000010 0.000010 0.000010 0.999940
0.000010 0.000010 0.000010 0.000010 0.000010 0.000010 0.999940
0.000010 0.000010 0.000010 0.000010 0.000010 0.000010 0.999940
0.000010 0.000010 0.000010 0.000010 0.000010 0.000010 0.999940
0.000010 0.000010 0.000010 0.000010 0.000010 0.000010 0.999940
0.000010 0.000010 0.104471 0.000010 0.819736 0.075754 0.000010
0.000010 0.000010 0.153162 0.000010 0.739278 0.107519 0.000010
0.000010 0.000010 0.139590 0.000010 0.637330 0.223040 0.000010
0.000010 0.000010 0.208243 0.000010 0.587113 0.204604 0.000010
0.009490 0.000010 0.187858 0.000010 0.587991 0.214631 0.000010
0.000010 0.000010 0.182045 0.000010 0.767143 0.050773 0.000010
0.000010 0.000010 0.117948 0.000010 0.764016 0.117996 0.000010
0.003184 0.000010 0.163258 0.000010 0.708833 0.124695 0.000010
0.000010 0.000010 0.125021 0.000010 0.790355 0.084583 0.000010
0.000010 0.000010 0.151417 0.000010 0.786350 0.062194 0.000010
0.019623 0.000010 0.140685 0.000010 0.497580 0.342082 0.000010
0.000010 0.000010 0.124365 0.000010 0.707118 0.168478 0.000010
0.000010 0.000010 0.149586 0.000010 0.789693 0.060681 0.000010
0.002239 0.000010 0.158557 0.000010 0.765913 0.073260 0.000010
0.000010 0.000010 0.172370 0.000010 0.754095 0.073495 0.000010
0.000010 0.000010 0.166951 0.000010 0.790899 0.042110 0.000010
0.000010 0.000010 0.152908 0.000010 0.776788 0.070264 0.000010
0.000010 0.000010 0.167603 0.000010 0.764476 0.067881 0.000010
0.000010 0.000010 0.061639 0.000010 0.855420 0.082900 0.000010
0.004225 0.000010 0.195628 0.000010 0.609466 0.190650 0.000010
0.003736 0.000010 0.140013 0.000010 0.703049 0.153172 0.000010
0.000010 0.000010 0.227805 0.000010 0.691542 0.080613 0.000010
0.000010 0.000010 0.179953 0.000010 0.623156 0.196850 0.000010
0.000010 0.000010 0.173539 0.000010 0.740790 0.085631 0.000010
0.008454 0.000010 0.130705 0.000010 0.741424 0.119387 0.000010
0.000010 0.000010 0.199432 0.000010 0.678176 0.122353 0.000010
0.003326 0.000010 0.124283 0.000010 0.699446 0.169361 0.003564
0.003514 0.000010 0.157479 0.000010 0.699577 0.139399 0.000010
0.005281 0.000010 0.130800 0.000010 0.612939 0.250008 0.000953
0.000010 0.000010 0.137939 0.000010 0.736600 0.125421 0.000010
0.000010 0.000010 0.142321 0.000010 0.752156 0.105483 0.000010
0.000010 0.000010 0.170985 0.000010 0.745876 0.083099 0.000010
0.000010 0.000010 0.147928 0.000010 0.765525 0.086506 0.000010
0.000010 0.000010 0.178051 0.000010 0.682455 0.139454 0.000010
0.000010 0.000010 0.143715 0.000010 0.696081 0.160164 0.000010
0.005655 0.000010 0.128520 0.000010 0.786169 0.070858 0.008779
0.007066 0.004821 0.088427 0.010883 0.818319 0.070474 0.000010
0.000010 0.000010 0.129878 0.000010 0.649871 0.220211 0.000010
0.000010 0.000010 0.075472 0.000010 0.282955 0.641533 0.000010
0.005964 0.000010 0.151093 0.000010 0.720434 0.122478 0.000010
0.000010 0.000010 0.165802 0.000010 0.726877 0.107281 0.000010
0.000010 0.000010 0.082783 0.000010 0.914731 0.002445 0.000010
0.000010 0.002393 0.309851 0.000010 0.687716 0.000010 0.000010
0.000010 0.016360 0.119823 0.000010 0.810891 0.049109 0.003797
0.022592 0.000010 0.324137 0.000010 0.617440 0.035802 0.000010
0.000010 0.000010 0.249559 0.000010 0.690596 0.059805 0.000010
0.000010 0.000010 0.316659 0.000010 0.554002 0.129299 0.000010
0.021948 0.000010 0.285047 0.000010 0.607663 0.085313 0.000010
0.000010 0.000010 0.269826 0.000010 0.681311 0.048824 0.000010
0.004518 0.000010 0.287103 0.000010 0.660531 0.047818 0.000010
0.011080 0.000010 0.174300 0.000010 0.801726 0.012865 0.000010
0.005385 0.000010 0.247872 0.000010 0.636155 0.110558 0.000010
0.000010 0.000010 0.298746 0.000010 0.616238 0.084977 0.000010
0.000010 0.000010 0.387963 0.000010 0.601024 0.010973 0.000010
0.000010 0.000010 0.324689 0.000010 0.509278 0.165993 0.000010
0.000010 0.000010 0.309170 0.000010 0.660273 0.030517 0.000010
0.010418 0.000010 0.387659 0.000010 0.422740 0.179153 0.000010
0.000010 0.000010 0.277420 0.000010 0.675713 0.046827 0.000010
0.006273 0.000010 0.472650 0.000010 0.429025 0.092022 0.000010
0.000010 0.000010 0.183525 0.000010 0.641159 0.175276 0.000010
0.013088 0.000010 0.170872 0.000010 0.726713 0.089297 0.000010
0.000010 0.000010 0.131013 0.000010 0.784587 0.084360 0.000010
0.000010 0.000010 0.153994 0.000010 0.626538 0.219428 0.000010
0.037304 0.000010 0.072726 0.000010 0.867715 0.022225 0.000010
0.000630 0.000010 0.169005 0.000010 0.718783 0.111552 0.000010
0.000010 0.000010 0.155785 0.000010 0.668912 0.175263 0.000010
0.000010 0.000010 0.063468 0.000010 0.882213 0.054279 0.000010
0.000010 0.000010 0.127350 0.000010 0.819916 0.052694 0.000010
0.000010 0.000010 0.169792 0.000010 0.749884 0.080285 0.000010
0.000010 0.000010 0.216044 0.000010 0.717811 0.064275 0.001840
0.000010 0.000010 0.167111 0.000010 0.704896 0.127953 0.000010
0.000010 0.000010 0.175022 0.000010 0.714681 0.110258 0.000010
0.000010 0.000010 0.268374 0.000010 0.558362 0.173224 0.000010
0.001535 0.000010 0.238739 0.000010 0.564302 0.195395 0.000010
0.000010 0.000010 0.237145 0.000010 0.617700 0.145115 0.000010
0.000010 0.000010 0.223965 0.000010 0.693198 0.082796 0.000010
0.000010 0.000010 0.159976 0.000010 0.783507 0.056478 0.000010
0.000010 0.000010 0.161107 0.000010 0.662995 0.175858 0.000010
0.005301 0.000010 0.104751 0.000010 0.853905 0.036013 0.000010
0.016451 0.000010 0.147196 0.000010 0.746480 0.089843 0.000010
0.000010 0.000010 0.131252 0.000010 0.760107 0.108600 0.000010
0.000010 0.000010 0.083182 0.000010 0.235858 0.680920 0.000010
0.024197 0.000010 0.066653 0.000010 0.419204 0.489916 0.000010
0.000010 0.000010 0.186955 0.000010 0.624786 0.188219 0.000010
0.007502 0.000010 0.115636 0.000010 0.767913 0.108919 0.000010
0.000864 0.000010 0.334895 0.000010 0.593241 0.070970 0.000010
0.000010 0.000010 0.291897 0.000010 0.692729 0.009883 0.005461
0.000010 0.000010 0.245113 0.000010 0.713824 0.041024 0.000010
0.005983 0.000010 0.302144 0.000010 0.529252 0.162592 0.000010
0.000010 0.000010 0.192269 0.000010 0.807681 0.000010 0.000010
0.000010 0.000010 0.321400 0.000010 0.678550 0.000010 0.000010
0.000010 0.000010 0.146320 0.000010 0.831252 0.016819 0.005579
0.000010 0.000010 0.330442 0.000010 0.535677 0.133841 0.000010
0.000010 0.000010 0.281511 0.000010 0.653280 0.065169 0.000010
0.005567 0.000010 0.268199 0.000010 0.660031 0.066174 0.000010
0.015573 0.000010 0.327591 0.000010 0.485119 0.171687 0.000010
0.000010 0.000010 0.047675 0.000010 0.952275 0.000010 0.000010
0.001559 0.000010 0.390115 0.000010 0.608286 0.000010 0.000010
0.000010 0.000010 0.293568 0.000010 0.703077 0.003315 0.000010
0.000010 0.000010 0.275386 0.000010 0.706594 0.017980 0.000010
0.000010 0.000010 0.240454 0.000010 0.703117 0.056389 0.000010
0.000010 0.000010 0.145265 0.000010 0.617678 0.237017 0.000010
0.005839 0.000010 0.202410 0.000010 0.691033 0.100688 0.000010
0.017617 0.000010 0.195309 0.000010 0.684525 0.099168 0.003362
0.009076 0.000010 0.198072 0.000010 0.649041 0.143781 0.000010
0.000010 0.000010 0.168583 0.000010 0.606772 0.224605 0.000010
0.000011 0.000010 0.094978 0.000010 0.816187 0.081679 0.007125
0.000010 0.000010 0.139041 0.000010 0.738574 0.122346 0.000010
0.003852 0.000010 0.169257 0.000010 0.720377 0.106484 0.000010
0.000178 0.000010 0.100331 0.000010 0.780143 0.119318 0.000010
0.000010 0.004247 0.202044 0.000010 0.695927 0.097752 0.000010
0.000010 0.000010 0.000010 0.351083 0.648867 0.000010 0.000010
0.018867 0.000010 0.616539 0.010676 0.353888 0.000010 0.000010
0.000010 0.000010 0.239597 0.010485 0.402472 0.347416 0.000010
0.000010 0.000010 0.436826 0.000010 0.544813 0.018321 0.000010
0.000010 0.000010 0.248807 0.000010 0.703135 0.048018 0.000010
0.013424 0.000010 0.414838 0.000010 0.540491 0.031217 0.000010
0.000010 0.000010 0.422081 0.000010 0.509542 0.068338 0.000010
0.000010 0.000010 0.315547 0.000010 0.684403 0.000010 0.000010
0.000010 0.000010 0.210150 0.000010 0.769298 0.020511 0.000010
0.000010 0.000010 0.182287 0.000010 0.809001 0.008672 0.000010
0.000010 0.000010 0.327949 0.000010 0.621424 0.050587 0.000010
0.000010 0.000010 0.319383 0.000010 0.675730 0.004847 0.000010
0.000010 0.000010 0.269504 0.000010 0.693506 0.036950 0.000010
0.006360 0.000010 0.261053 0.000010 0.682224 0.050333 0.000010
0.009934 0.000010 0.256124 0.000010 0.615317 0.118595 0.000010
0.000010 0.000010 0.335740 0.000010 0.493815 0.170405 0.000010
0.011351 0.000010 0.296936 0.007264 0.543497 0.140932 0.000010
0.000010 0.000010 0.270861 0.000010 0.616561 0.105052 0.007496
0.000010 0.000010 0.540923 0.000010 0.339384 0.119653 0.000010
0.000010 0.000010 0.338515 0.000010 0.631304 0.030141 0.000010
0.000010 0.000010 0.286208 0.000010 0.713742 0.000010 0.000010
0.000010 0.000010 0.323937 0.000010 0.544321 0.131702 0.000010
0.000010 0.000010 0.330692 0.000010 0.573618 0.095650 0.000010
0.000010 0.000010 0.409955 0.000010 0.561790 0.028214 0.000010
0.000010 0.000010 0.262482 0.000010 0.717528 0.019950 0.000010
0.000010 0.000010 0.249329 0.000010 0.695811 0.054820 0.000010
0.007478 0.000010 0.152413 0.000010 0.797428 0.042651 0.000010
0.000010 0.000010 0.313503 0.000010 0.409616 0.276841 0.000010
0.000010 0.000010 0.206269 0.000010 0.636163 0.157529 0.000010
0.008872 0.000010 0.154459 0.000010 0.630705 0.205934 0.000010
0.000010 0.000010 0.149352 0.000010 0.779760 0.070848 0.000010
0.003031 0.000010 0.217000 0.000010 0.614722 0.165218 0.000010
0.000010 0.000010 0.175945 0.000010 0.664926 0.159089 0.000010
0.007492 0.005185 0.193719 0.000010 0.631466 0.162117 0.000010
0.012435 0.000010 0.173255 0.000010 0.647120 0.167160 0.000010
0.014963 0.000010 0.122008 0.000010 0.776248 0.086750 0.000010
0.000010 0.000010 0.241529 0.000010 0.681661 0.076770 0.000010
0.015135 0.000010 0.200800 0.000010 0.653891 0.130144 0.000010
0.009557 0.000010 0.189642 0.000010 0.669885 0.130887 0.000010
0.000010 0.000010 0.286884 0.000010 0.605086 0.107990 0.000010
0.008254 0.000010 0.262710 0.000010 0.706306 0.022701 0.000010
0.011816 0.000010 0.541279 0.000010 0.413332 0.033543 0.000010
0.000010 0.000010 0.130555 0.000010 0.869395 0.000010 0.000010
0.003370 0.000010 0.054876 0.000010 0.941713 0.000010 0.000010
0.026530 0.000010 0.437056 0.000010 0.536373 0.000010 0.000010
0.010979 0.000010 0.605269 0.000010 0.342149 0.041573 0.000010
0.000010 0.000010 0.317326 0.000010 0.598584 0.082732 0.001328
0.023699 0.000010 0.263922 0.000010 0.656073 0.056276 0.000010
0.000010 0.000010 0.427976 0.000010 0.551623 0.020361 0.000010
0.001664 0.000010 0.419212 0.000010 0.540100 0.038994 0.000010
0.000010 0.000010 0.437743 0.000012 0.535200 0.027015 0.000010
0.002485 0.000010 0.394574 0.000010 0.428493 0.174418 0.000010
0.000010 0.002921 0.321983 0.000010 0.389264 0.285801 0.000010
0.000010 0.000010 0.348543 0.000010 0.472749 0.178669 0.000010
0.000010 0.000010 0.216254 0.000010 0.783695 0.000011 0.000010
0.000010 0.000010 0.207090 0.000010 0.784198 0.008671 0.000010
0.000010 0.000010 0.163355 0.000010 0.807290 0.029315 0.000010
0.000010 0.000010 0.144116 0.000010 0.835882 0.019962 0.000010
0.000010 0.000010 0.277978 0.000010 0.368156 0.353826 0.000010
0.007188 0.000149 0.385692 0.000010 0.584361 0.022590 0.000010
0.000010 0.000010 0.154712 0.000010 0.702778 0.142470 0.000010
0.009143 0.000010 0.131150 0.000010 0.849541 0.010136 0.000010
0.000010 0.000010 0.176181 0.000010 0.823769 0.000010 0.000010
0.000010 0.000010 0.221837 0.000010 0.760214 0.017222 0.000697
0.000010 0.000010 0.440252 0.000010 0.470598 0.089110 0.000010
0.000010 0.000010 0.408922 0.000010 0.479320 0.111718 0.000010
0.000010 0.000010 0.395413 0.000010 0.574664 0.029883 0.000010
0.000010 0.000010 0.374991 0.000010 0.589561 0.035408 0.000010
0.018009 0.000010 0.000010 0.000010 0.968011 0.013940 0.000010
0.002128 0.000010 0.000010 0.040219 0.941095 0.016528 0.000010
0.000010 0.000010 0.000010 0.000010 0.999940 0.000010 0.000010
0.000010 0.003752 0.006944 0.000010 0.989264 0.000010 0.000010
0.014292 0.000010 0.000010 0.000010 0.984002 0.001666 0.000010
0.009231 0.000010 0.002142 0.000010 0.988173 0.000424 0.000010
0.000010 0.000010 0.000010 0.000010 0.999940 0.000010 0.000010
0.000016 0.000010 0.000010 0.000010 0.999934 0.000010 0.000010
0.000010 0.000010 0.000010 0.017355 0.982595 0.000010 0.000010
0.000010 0.000010 0.000010 0.051898 0.948052 0.000010 0.000010
0.000010 0.000010 0.000010 0.000010 0.999940 0.000010 0.000010
0.000010 0.000010 0.000010 0.005788 0.994162 0.000010 0.000010
0.000010 0.000010 0.000010 0.011314 0.988636 0.000010 0.000010
0.000010 0.000010 0.000010 0.034607 0.965343 0.000010 0.000010
0.000010 0.000010 0.000010 0.044874 0.955076 0.000010 0.000010
0.000010 0.000010 0.000010 0.054707 0.945243 0.000010 0.000010
0.000010 0.000010 0.000010 0.000010 0.999563 0.000010 0.000387
0.000010 0.000010 0.000010 0.000012 0.991744 0.008203 0.000010
0.007391 0.000010 0.000010 0.000010 0.969736 0.022833 0.000010
0.000010 0.000010 0.000010 0.010826 0.977139 0.011995 0.000010
0.000010 0.000010 0.000010 0.028897 0.952806 0.014865 0.003402
0.000010 0.000010 0.000010 0.008983 0.983903 0.007073 0.000010
0.000010 0.000010 0.000010 0.058629 0.941321 0.000010 0.000010
0.000010 0.000010 0.000010 0.027778 0.972172 0.000010 0.000010
0.000010 0.000010 0.245001 0.000010 0.698127 0.056832 0.000010
0.000010 0.000010 0.252896 0.000010 0.365612 0.381452 0.000010
0.024708 0.000010 0.355299 0.000010 0.390923 0.229040 0.000010
0.000010 0.000010 0.730342 0.000010 0.269608 0.000010 0.000010
0.020866 0.000010 0.501862 0.001232 0.476010 0.000010 0.000010
0.000010 0.000010 0.710472 0.000010 0.289478 0.000010 0.000010
0.000010 0.000010 0.999940 0.000010 0.000010 0.000010 0.000010
0.000010 0.000010 0.471213 0.000010 0.473941 0.054805 0.000010
0.000010 0.000010 0.651864 0.000010 0.348086 0.000010 0.000010
0.796883 0.000010 0.000732 0.081013 0.121342 0.000010 0.000010
0.773718 0.000010 0.005327 0.062201 0.158725 0.000010 0.000010
0.769375 0.000010 0.002574 0.053348 0.174673 0.000010 0.000010
0.721778 0.000010 0.000010 0.023639 0.254544 0.000010 0.000010
0.000010 0.068283 0.000010 0.000010 0.000010 0.000010 0.931667
0.026464 0.020776 0.000010 0.000010 0.000010 0.000010 0.952720
0.004216 0.019381 0.003527 0.000010 0.000010 0.000010 0.972845
0.012751 0.027613 0.000010 0.000010 0.000010 0.000010 0.959596
0.019968 0.049701 0.000010 0.000010 0.000010 0.000010 0.930290
0.000010 0.063641 0.000010 0.000010 0.000010 0.000010 0.936309
0.003279 0.000010 0.008541 0.003877 0.976732 0.007551 0.000010
0.000010 0.000010 0.000010 0.038193 0.953739 0.006383 0.001655
0.000010 0.000010 0.000010 0.028695 0.971255 0.000010 0.000010
0.000010 0.000010 0.000010 0.011910 0.988040 0.000010 0.000010
0.012465 0.000010 0.000010 0.000010 0.987485 0.000010 0.000010
0.000010 0.000010 0.000010 0.000010 0.994548 0.005402 0.000010
0.000010 0.000010 0.000010 0.000010 0.999940 0.000010 0.000010
0.000010 0.000010 0.000010 0.018142 0.970308 0.011510 0.000010
0.010461 0.000010 0.000010 0.010856 0.978642 0.000010 0.000010
0.001977 0.000018 0.000010 0.048994 0.948981 0.000010 0.000010
0.000010 0.000012 0.000010 0.006136 0.991750 0.000010 0.002072
0.001961 0.000010 0.022188 0.000010 0.975811 0.000010 0.000010
0.005976 0.000010 0.000010 0.000010 0.993974 0.000010 0.000010
0.000010 0.000010 0.000010 0.000010 0.987173 0.012777 0.000010
0.000701 0.000010 0.000017 0.000010 0.997318 0.001934 0.000010
0.000689 0.000010 0.000010 0.000010 0.978743 0.013934 0.006604
0.001557 0.000010 0.003280 0.036379 0.958754 0.000010 0.000010
0.019728 0.000010 0.000010 0.000010 0.967720 0.006476 0.006045
0.009754 0.000010 0.000247 0.000010 0.938862 0.044395 0.006721
0.018377 0.000010 0.000010 0.000010 0.955206 0.026377 0.000010
0.000010 0.000010 0.006179 0.000010 0.993771 0.000010 0.000010
0.000010 0.000010 0.000010 0.061093 0.938116 0.000010 0.000751
0.012889 0.000010 0.000010 0.039228 0.929989 0.017864 0.000010
0.002720 0.000010 0.000010 0.011442 0.950759 0.035049 0.000010
0.006788 0.000010 0.000010 0.000010 0.993162 0.000010 0.000010
0.000010 0.000010 0.005703 0.036282 0.957976 0.000010 0.000010
0.000010 0.000010 0.000010 0.017037 0.982913 0.000010 0.000010
0.000010 0.000010 0.000010 0.000010 0.999940 0.000010 0.000010
0.000010 0.000010 0.000010 0.028184 0.971766 0.000010 0.000010
0.000010 0.000010 0.000010 0.010111 0.989839 0.000010 0.000010
0.000010 0.000010 0.000010 0.024156 0.975794 0.000010 0.000010
0.000010 0.000010 0.000010 0.040443 0.959507 0.000010 0.000010
0.000010 0.000010 0.000010 0.023950 0.976000 0.000010 0.000010
0.000010 0.000010 0.000010 0.057871 0.942079 0.000010 0.000010
0.000010 0.000010 0.000010 0.049809 0.938592 0.011559 0.000010
0.003420 0.000010 0.000010 0.087786 0.903367 0.005397 0.000010
0.000010 0.000010 0.000010 0.000010 0.960882 0.039068 0.000010
0.008633 0.000010 0.000010 0.000010 0.952542 0.038785 0.000010
0.012394 0.000010 0.000010 0.000010 0.968856 0.018709 0.000010
0.000010 0.000010 0.000010 0.000010 0.988031 0.011919 0.000010
0.000010 0.000010 0.000010 0.045031 0.954919 0.000010 0.000010
0.000010 0.000010 0.000010 0.000010 0.999940 0.000010 0.000010
0.012868 0.000010 0.000010 0.040912 0.930644 0.015546 0.000010
0.003075 0.000010 0.000010 0.051533 0.932880 0.012482 0.000010
0.008577 0.000010 0.000010 0.060289 0.929187 0.000010 0.001917
0.006377 0.000010 0.000010 0.071297 0.915274 0.007023 0.000010
0.000010 0.000010 0.000010 0.046643 0.938273 0.015045 0.000010
0.015278 0.000010 0.000010 0.055584 0.917781 0.011327 0.000010
0.000010 0.000010 0.000010 0.000010 0.999940 0.000010 0.000010
0.000010 0.000010 0.004317 0.005968 0.989675 0.000010 0.000010
0.000015 0.000010 0.000010 0.000010 0.989833 0.000010 0.010113
0.000010 0.000010 0.000010 0.010292 0.976307 0.013361 0.000010
0.000085 0.000010 0.000998 0.000010 0.998878 0.000010 0.000010
0.000010 0.000010 0.000010 0.053606 0.946344 0.000010 0.000010
0.007012 0.000010 0.000839 0.000010 0.981839 0.010280 0.000010
0.024515 0.000010 0.001431 0.000010 0.944288 0.029736 0.000010
0.014504 0.000010 0.000010 0.000010 0.977254 0.008202 0.000010
0.010307 0.000010 0.000010 0.000010 0.975785 0.013868 0.000010
0.000010 0.000010 0.000010 0.038081 0.954821 0.007058 0.000010
0.000010 0.000010 0.000010 0.000010 0.999940 0.000010 0.000010
0.009023 0.000010 0.000010 0.010613 0.980324 0.000010 0.000010
0.000010 0.000010 0.000010 0.039059 0.960891 0.000010 0.000010
0.000010 0.000010 0.000943 0.037061 0.961957 0.000010 0.000010
0.002118 0.000010 0.000010 0.002505 0.995337 0.000010 0.000010
0.000010 0.000010 0.000010 0.036040 0.963910 0.000010 0.000010
0.000010 0.000010 0.000010 0.002138 0.997812 0.000010 0.000010
0.004744 0.000010 0.000010 0.014125 0.972889 0.008213 0.000010
0.000010 0.000010 0.000010 0.000010 0.995794 0.004156 0.000010
0.001769 0.000010 0.000010 0.043632 0.954559 0.000010 0.000010
0.000010 0.000010 0.000010 0.044955 0.954995 0.000010 0.000010
0.000017 0.000015 0.000010 0.343348 0.656590 0.000010 0.000010
0.000010 0.000010 0.000010 0.356781 0.643169 0.000010 0.000010
0.000010 0.000010 0.000010 0.325309 0.674641 0.000010 0.000010
0.000010 0.000010 0.000010 0.000010 0.000010 0.000010 0.999940
0.000010 0.000010 0.000010 0.000010 0.000010 0.000010 0.999940
0.000010 0.000010 0.000010 0.000010 0.000010 0.000010 0.999940
0.000010 0.000010 0.000010 0.000010 0.000010 0.000010 0.999940
0.000010 0.322537 0.000010 0.000010 0.000014 0.000010 0.677408
0.000010 0.000010 0.000010 0.000010 0.000010 0.000010 0.999940
0.000010 0.000010 0.000010 0.000010 0.000010 0.000010 0.999940
0.000010 0.000010 0.000010 0.000010 0.000010 0.000010 0.999940
0.000010 0.016397 0.000010 0.000010 0.000010 0.000010 0.983553
0.000010 0.000017 0.000010 0.000010 0.000010 0.000010 0.999933
0.000010 0.000010 0.000010 0.000010 0.000010 0.000010 0.999940
0.000010 0.000010 0.000010 0.000010 0.000010 0.000010 0.999940
0.000010 0.000010 0.000010 0.000010 0.000010 0.000010 0.999940
0.000010 0.000010 0.000010 0.000010 0.000010 0.000010 0.999940
0.000010 0.000010 0.000010 0.000010 0.000010 0.000010 0.999940
0.000010 0.000010 0.000010 0.000010 0.000010 0.000010 0.999940
0.000010 0.000010 0.000010 0.000010 0.000010 0.000010 0.999940
0.000010 0.000010 0.000010 0.000010 0.000010 0.000010 0.999940
0.000010 0.000010 0.000010 0.000010 0.000010 0.000010 0.999940
0.000010 0.000010 0.000010 0.000010 0.000010 0.000010 0.999940
0.000010 0.000010 0.000010 0.000010 0.000010 0.000010 0.999940
0.000010 0.000010 0.000010 0.000010 0.000010 0.000010 0.999940
0.004879 0.073062 0.000010 0.000010 0.000010 0.000010 0.922018
0.000010 0.009762 0.000010 0.000010 0.000010 0.000010 0.990188
0.007382 0.032894 0.000010 0.000010 0.000010 0.000010 0.959684
0.000010 0.020955 0.000010 0.000010 0.000010 0.000010 0.978995
0.015584 0.061031 0.000010 0.000010 0.000010 0.000010 0.923346
