0.000010 0.000010 0.000010 0.000010 0.000010 0.000010 0.382204 0.617736
0.000010 0.000010 0.000010 0.000010 0.000010 0.000010 0.363337 0.636603
0.000010 0.000010 0.000010 0.000010 0.000010 0.000010 0.422066 0.577874
0.000010 0.000010 0.000010 0.000010 0.000010 0.000010 0.371541 0.628399
0.000010 0.000010 0.000010 0.000010 0.000010 0.000010 0.419840 0.580100
0.000010 0.000010 0.000010 0.000010 0.000010 0.000010 0.413678 0.586262
0.000010 0.000010 0.000010 0.000010 0.000010 0.000010 0.358973 0.640967
0.000010 0.000010 0.000010 0.000010 0.000010 0.000010 0.376912 0.623028
0.000010 0.000010 0.000010 0.000010 0.000010 0.000010 0.359917 0.640023
0.000010 0.000010 0.000010 0.000010 0.000010 0.000010 0.410542 0.589398
0.000010 0.000010 0.000010 0.000010 0.000010 0.000010 0.391764 0.608176
0.000010 0.000010 0.000010 0.000010 0.000010 0.000010 0.349248 0.650692
0.000010 0.000010 0.000010 0.000010 0.000010 0.000010 0.422199 0.577741
0.000010 0.000010 0.000010 0.000010 0.000010 0.000010 0.432729 0.567211
0.000010 0.000010 0.000010 0.000010 0.000010 0.000010 0.401897 0.598043
0.000016 0.000010 0.000010 0.000010 0.000010 0.000010 0.388744 0.611190
0.000010 0.000010 0.000010 0.000010 0.000010 0.000010 0.396254 0.603686
0.000010 0.000010 0.000010 0.000010 0.000010 0.000010 0.368708 0.631232
0.000010 0.000010 0.000010 0.000010 0.000010 0.000010 0.413414 0.586526
0.000010 0.000010 0.000010 0.000010 0.000010 0.000010 0.388333 0.611607
0.000010 0.000010 0.000010 0.000010 0.000010 0.000010 0.408076 0.591864
0.000010 0.000010 0.000010 0.000010 0.000010 0.000010 0.395957 0.603983
0.000010 0.000010 0.000010 0.000010 0.000010 0.000010 0.397899 0.602041
0.000010 0.000010 0.000010 0.000010 0.000010 0.000010 0.389438 0.610502
0.000010 0.000010 0.000010 0.000010 0.000010 0.000010 0.419126 0.580814
0.000010 0.000010 0.000010 0.000010 0.000010 0.000010 0.415579 0.584361
0.000010 0.000010 0.000010 0.000010 0.000010 0.000010 0.357876 0.642064
0.000010 0.000010 0.000010 0.000010 0.000010 0.000010 0.335689 0.664251
0.000010 0.000010 0.000010 0.000010 0.000010 0.000010 0.374097 0.625843
0.000010 0.000010 0.000010 0.000010 0.000010 0.000010 0.393437 0.606503
0.000010 0.000010 0.000010 0.000010 0.000010 0.000010 0.333462 0.666478
0.000010 0.000010 0.000010 0.000010 0.000010 0.000010 0.373468 0.626472
0.000010 0.000010 0.000010 0.000010 0.000010 0.000010 0.324459 0.675481
0.000010 0.000010 0.000010 0.000010 0.000010 0.000010 0.350325 0.649615
0.000010 0.000010 0.000010 0.000010 0.000010 0.000010 0.419147 0.580793
0.000010 0.000010 0.000010 0.000010 0.000010 0.000010 0.360177 0.639763
0.000010 0.000010 0.000010 0.000010 0.000010 0.000010 0.353759 0.646181
0.000010 0.000010 0.000010 0.000010 0.000010 0.000010 0.375436 0.624504
0.000010 0.000010 0.000010 0.000010 0.000010 0.000010 0.391427 0.608513
0.000010 0.000010 0.000010 0.000010 0.000010 0.000010 0.410480 0.589460
0.000010 0.000010 0.000010 0.000010 0.000010 0.000010 0.343440 0.656500
0.000010 0.000010 0.000010 0.000010 0.000010 0.000010 0.364500 0.635440
0.000010 0.000010 0.000010 0.000010 0.000010 0.000010 0.345255 0.654685
0.000010 0.000010 0.000010 0.000010 0.000010 0.000010 0.367394 0.632546
0.000010 0.000010 0.000010 0.000010 0.000010 0.000010 0.406926 0.593014
0.000010 0.000010 0.000010 0.000010 0.000010 0.000010 0.369622 0.630318
0.000010 0.000010 0.000010 0.000010 0.000010 0.000010 0.371875 0.628065
0.000010 0.000010 0.000010 0.000010 0.000010 0.000010 0.342120 0.657820
0.000010 0.000010 0.000010 0.000010 0.000010 0.000010 0.388412 0.611528
0.000010 0.000010 0.000010 0.000010 0.000010 0.000010 0.373128 0.626812
0.000015 0.000010 0.000010 0.000010 0.000010 0.000010 0.342661 0.657274
0.000010 0.000010 0.000010 0.000010 0.000010 0.000010 0.390093 0.609847
0.000010 0.000010 0.000010 0.001535 0.000010 0.004742 0.993673 0.000010
0.000010 0.000010 0.000010 0.000010 0.000010 0.004391 0.995549 0.000010
0.000010 0.000010 0.000010 0.000010 0.000010 0.000010 0.893324 0.106616
0.000010 0.000010 0.000010 0.003009 0.000010 0.000010 0.996931 0.000010
0.000010 0.000010 0.000010 0.004436 0.001984 0.004576 0.988965 0.000010
0.000010 0.000010 0.000010 0.011353 0.000010 0.000010 0.988587 0.000010
0.000010 0.000010 0.000010 0.003882 0.000010 0.000010 0.996058 0.000010
0.000010 0.000010 0.000010 0.004595 0.000010 0.005369 0.989987 0.000010
0.000010 0.000010 0.000010 0.000010 0.030836 0.000010 0.759822 0.209292
0.000010 0.000010 0.000010 0.006227 0.000010 0.002701 0.991023 0.000010
0.000010 0.000010 0.000010 0.000010 0.000010 0.000010 0.999930 0.000010
0.000010 0.000010 0.000010 0.006018 0.000010 0.000010 0.993922 0.000010
0.000010 0.000010 0.000010 0.000010 0.000010 0.000010 0.999930 0.000010
0.000010 0.000010 0.000010 0.004227 0.000010 0.000010 0.995713 0.000010
0.000011 0.000010 0.000010 0.000010 0.000010 0.000010 0.999929 0.000010
0.002519 0.000010 0.000010 0.000010 0.000010 0.002132 0.956872 0.038436
0.002626 0.000010 0.000010 0.000010 0.016364 0.000010 0.882467 0.098503
0.000010 0.000010 0.000010 0.000010 0.000010 0.000010 0.334200 0.665740
0.000010 0.000010 0.000010 0.000010 0.000010 0.000010 0.327662 0.672278
0.000010 0.000010 0.000010 0.000010 0.000010 0.000010 0.343726 0.656214
0.000010 0.000010 0.000010 0.000010 0.000010 0.000010 0.378577 0.621363
0.000010 0.000010 0.000010 0.000010 0.000010 0.000010 0.338755 0.661185
0.000010 0.000010 0.000010 0.000010 0.000010 0.000010 0.337276 0.662664
0.000010 0.000010 0.000010 0.000010 0.000010 0.000010 0.361093 0.638847
0.000010 0.000010 0.000010 0.000010 0.000010 0.000010 0.356397 0.643543
0.000010 0.000010 0.000010 0.000010 0.000010 0.000010 0.374941 0.624999
0.000010 0.000010 0.000010 0.000010 0.000010 0.000010 0.332789 0.667151
0.000010 0.000010 0.000010 0.000010 0.000010 0.000010 0.373672 0.626268
0.000010 0.000010 0.000010 0.000010 0.000010 0.000010 0.362112 0.637828
0.000010 0.000010 0.000010 0.000010 0.000010 0.000010 0.325327 0.674613
0.000010 0.000010 0.000010 0.000010 0.000010 0.000010 0.358561 0.641379
0.000010 0.000010 0.000010 0.000010 0.000010 0.000010 0.321902 0.678038
0.000010 0.000010 0.000010 0.000010 0.000010 0.000010 0.347374 0.652566
0.000010 0.000010 0.000010 0.000010 0.000010 0.000010 0.288629 0.711311
0.000010 0.000010 0.000010 0.000010 0.000010 0.000010 0.376525 0.623415
0.000010 0.000010 0.000010 0.000010 0.000010 0.000010 0.360525 0.639415
0.000010 0.000010 0.000010 0.000010 0.000010 0.000010 0.304484 0.695456
0.000010 0.000010 0.000010 0.000010 0.000010 0.000010 0.357173 0.642767
0.000010 0.000010 0.000010 0.000010 0.000010 0.000010 0.356259 0.643681
0.000010 0.000010 0.000010 0.000010 0.000010 0.000010 0.345437 0.654503
0.000010 0.000010 0.000010 0.000010 0.000010 0.000010 0.346253 0.653687
0.000010 0.000010 0.000010 0.000010 0.000010 0.000010 0.339110 0.660830
0.000014 0.000010 0.000010 0.000010 0.000010 0.000010 0.376000 0.623936
0.000010 0.000010 0.000010 0.000010 0.000010 0.000010 0.340908 0.659032
0.000010 0.000010 0.000010 0.000010 0.000010 0.000010 0.361925 0.638015
0.000017 0.000010 0.000010 0.000010 0.000010 0.000010 0.311088 0.688846
0.000010 0.000010 0.000010 0.000010 0.000010 0.000010 0.368904 0.631036
0.000010 0.000010 0.000010 0.000010 0.000010 0.000010 0.382414 0.617526
0.000010 0.000010 0.000010 0.000010 0.000010 0.000010 0.999930 0.000010
0.000010 0.000010 0.000010 0.000010 0.000010 0.000010 0.999930 0.000010
0.000010 0.000010 0.000010 0.000010 0.000010 0.000010 0.958278 0.041662
0.000010 0.000010 0.000010 0.000010 0.000010 0.000010 0.999930 0.000010
0.004279 0.000010 0.000010 0.000010 0.000010 0.000010 0.995661 0.000010
0.010146 0.000010 0.000010 0.015797 0.000010 0.000010 0.974007 0.000010
0.000010 0.000010 0.000010 0.000010 0.000010 0.000010 0.962964 0.036976
0.000010 0.000010 0.000010 0.000010 0.000010 0.000010 0.999930 0.000010
0.000010 0.000010 0.000010 0.000010 0.000010 0.000010 0.955143 0.044797
0.000010 0.000010 0.000010 0.000010 0.000010 0.000010 0.999930 0.000010
0.000010 0.000010 0.000010 0.000010 0.000010 0.000010 0.831420 0.168520
0.000010 0.000010 0.000010 0.000010 0.000010 0.000010 0.999930 0.000010
0.000010 0.000010 0.000010 0.000010 0.000010 0.000010 0.999930 0.000010
0.002173 0.000010 0.000010 0.000010 0.000010 0.000010 0.997767 0.000010
0.000010 0.000010 0.000010 0.000010 0.000010 0.000010 0.999930 0.000010
0.000010 0.000010 0.000010 0.000010 0.000010 0.000010 0.999930 0.000010
0.000010 0.000010 0.000010 0.000010 0.000010 0.000010 0.999930 0.000010
0.000010 0.000010 0.000010 0.000010 0.012437 0.000010 0.987503 0.000010
0.000010 0.000010 0.000010 0.000010 0.001747 0.000010 0.998193 0.000010
0.000010 0.000010 0.000010 0.000010 0.000603 0.000010 0.999337 0.000010
0.000010 0.000010 0.000010 0.000010 0.000010 0.000010 0.922410 0.077530
0.000010 0.000010 0.000010 0.011238 0.000010 0.000010 0.988702 0.000010
0.000010 0.000010 0.000010 0.000010 0.000010 0.000010 0.999930 0.000010
0.000010 0.000010 0.000010 0.000010 0.000010 0.000010 0.992615 0.007325
0.000010 0.000010 0.000010 0.000010 0.000010 0.000010 0.833936 0.166004
0.000010 0.000010 0.000010 0.002146 0.000010 0.000010 0.997794 0.000010
0.000010 0.000010 0.000010 0.000010 0.000010 0.000894 0.999046 0.000010
0.000010 0.000010 0.000010 0.000010 0.000010 0.000010 0.999930 0.000010
0.000010 0.000010 0.000010 0.000010 0.000010 0.000010 0.999930 0.000010
0.004731 0.000010 0.000010 0.000010 0.000010 0.000010 0.953835 0.041383
0.009176 0.000010 0.000010 0.000010 0.000010 0.000071 0.990702 0.000010
0.005566 0.000010 0.000010 0.000010 0.000010 0.000010 0.994374 0.000010
0.000010 0.000010 0.000010 0.000010 0.000010 0.000010 0.999930 0.000010
0.000010 0.000010 0.000010 0.000010 0.000010 0.000010 0.999930 0.000010
0.000010 0.000010 0.000010 0.000011 0.000010 0.000010 0.999929 0.000010
0.000010 0.000010 0.000010 0.000010 0.000010 0.000010 0.999930 0.000010
0.000010 0.000010 0.000010 0.000010 0.000010 0.000010 0.999930 0.000010
0.000010 0.000010 0.000010 0.000010 0.000010 0.000010 0.950398 0.049542
0.000010 0.000010 0.000010 0.000010 0.000010 0.000010 0.975179 0.024761
0.000010 0.000010 0.000010 0.001219 0.000010 0.000010 0.998721 0.000010
0.000010 0.000010 0.000010 0.001478 0.009871 0.000010 0.987119 0.001491
0.000010 0.000010 0.000010 0.000010 0.000010 0.000010 0.941209 0.058731
0.000010 0.000010 0.000010 0.000010 0.000010 0.000010 0.999930 0.000010
0.000010 0.000010 0.000010 0.017402 0.000010 0.000010 0.982538 0.000010
0.000010 0.000010 0.000010 0.000010 0.000010 0.000010 0.905000 0.094940
0.000010 0.000010 0.000010 0.000010 0.000010 0.000010 0.999930 0.000010
0.000010 0.000010 0.000010 0.000010 0.012166 0.000010 0.947684 0.040100
0.000010 0.000010 0.000010 0.000010 0.049379 0.000010 0.773184 0.177387
0.000010 0.000010 0.000010 0.003375 0.000010 0.000010 0.996565 0.000010
0.001604 0.000010 0.000010 0.000010 0.000010 0.000010 0.998336 0.000010
0.000010 0.000010 0.000010 0.000010 0.000010 0.000010 0.729316 0.270624
0.000010 0.000010 0.000010 0.000010 0.000010 0.000010 0.999930 0.000010
0.000010 0.000010 0.000010 0.000010 0.000010 0.000010 0.974936 0.025004
0.000010 0.000010 0.000010 0.000010 0.000010 0.000010 0.999930 0.000010
0.000010 0.000010 0.000010 0.000010 0.000788 0.000010 0.776449 0.222713
0.000010 0.000010 0.000010 0.000010 0.000010 0.000010 0.999930 0.000010
0.000010 0.000010 0.000010 0.000010 0.000010 0.000010 0.999930 0.000010
0.000010 0.000010 0.000010 0.000010 0.000010 0.000010 0.921402 0.078538
0.004753 0.000010 0.000010 0.000010 0.000010 0.000010 0.995187 0.000010
0.000010 0.000010 0.000010 0.000010 0.000010 0.000010 0.992860 0.007080
0.000010 0.000010 0.000010 0.000010 0.000010 0.001804 0.998136 0.000010
0.000014 0.000010 0.000010 0.000010 0.000010 0.000010 0.999926 0.000010
0.000010 0.000010 0.000010 0.000010 0.000010 0.000010 0.999930 0.000010
0.000010 0.000010 0.000010 0.000016 0.007867 0.000010 0.992067 0.000010
0.000010 0.000010 0.000010 0.000010 0.000010 0.000010 0.999930 0.000010
0.000010 0.000010 0.000010 0.003289 0.000010 0.000010 0.996651 0.000010
0.000010 0.000010 0.000010 0.000010 0.000010 0.000010 0.999930 0.000010
0.000010 0.000010 0.000010 0.000934 0.000010 0.000010 0.990136 0.008880
0.000010 0.000010 0.000010 0.000010 0.000010 0.000010 0.999930 0.000010
0.000010 0.000010 0.000010 0.000010 0.000010 0.000010 0.999930 0.000010
0.000010 0.000010 0.000010 0.000010 0.000010 0.004464 0.995476 0.000010
0.000010 0.000010 0.000010 0.000010 0.000010 0.000010 0.999930 0.000010
0.000010 0.000010 0.000010 0.010024 0.000010 0.000010 0.989916 0.000010
0.000010 0.000010 0.000010 0.000010 0.000010 0.000010 0.999930 0.000010
0.000010 0.000010 0.000010 0.000010 0.000010 0.000010 0.974939 0.025001
0.000010 0.000010 0.000010 0.000010 0.000010 0.000010 0.999930 0.000010
0.000010 0.000010 0.000010 0.000010 0.000010 0.000010 0.999930 0.000010
0.000010 0.000010 0.000010 0.000010 0.000010 0.000010 0.816615 0.183325
0.000010 0.000010 0.000010 0.000010 0.000010 0.000010 0.999930 0.000010
0.000010 0.000010 0.000010 0.000010 0.000010 0.000010 0.999930 0.000010
0.000010 0.000010 0.000010 0.000072 0.000010 0.000010 0.999868 0.000010
0.000010 0.000010 0.000010 0.000010 0.000010 0.000010 0.999930 0.000010
0.616604 0.000010 0.000010 0.383336 0.000010 0.000010 0.000010 0.000010
0.574277 0.000010 0.000010 0.425663 0.000010 0.000010 0.000010 0.000010
0.647263 0.000010 0.000010 0.352677 0.000010 0.000010 0.000010 0.000010
0.641716 0.000010 0.000011 0.358223 0.000010 0.000010 0.000010 0.000010
0.627391 0.000010 0.000010 0.372549 0.000010 0.000010 0.000010 0.000010
0.642657 0.000010 0.000010 0.357283 0.000010 0.000010 0.000010 0.000010
0.645553 0.000010 0.000010 0.354387 0.000010 0.000010 0.000010 0.000010
0.572615 0.000010 0.000010 0.427325 0.000010 0.000010 0.000010 0.000010
0.636418 0.000010 0.000010 0.363522 0.000010 0.000010 0.000010 0.000010
0.623961 0.000010 0.000010 0.375979 0.000010 0.000010 0.000010 0.000010
0.632332 0.000010 0.000010 0.367608 0.000010 0.000010 0.000010 0.000010
0.616946 0.000010 0.000010 0.382992 0.000012 0.000010 0.000010 0.000010
0.636975 0.000010 0.000010 0.362965 0.000010 0.000010 0.000010 0.000010
0.604373 0.000010 0.000010 0.395567 0.000010 0.000010 0.000010 0.000010
0.619866 0.000010 0.000010 0.380074 0.000010 0.000010 0.000010 0.000010
0.613507 0.000010 0.000010 0.386433 0.000010 0.000010 0.000010 0.000010
0.616266 0.000010 0.000010 0.383674 0.000010 0.000010 0.000010 0.000010
0.617242 0.000010 0.000010 0.382698 0.000010 0.000010 0.000010 0.000010
0.575864 0.000010 0.000010 0.424076 0.000010 0.000010 0.000010 0.000010
0.635395 0.000010 0.000010 0.364545 0.000010 0.000010 0.000010 0.000010
0.642107 0.000010 0.000010 0.357833 0.000010 0.000010 0.000010 0.000010
0.622549 0.000010 0.000010 0.377391 0.000010 0.000010 0.000010 0.000010
0.639066 0.000010 0.000010 0.360874 0.000010 0.000010 0.000010 0.000010
0.604464 0.000010 0.000010 0.395476 0.000010 0.000010 0.000010 0.000010
0.645284 0.000010 0.000011 0.354655 0.000010 0.000010 0.000010 0.000010
0.641048 0.000010 0.000010 0.358892 0.000010 0.000010 0.000010 0.000010
0.609231 0.000010 0.000010 0.390707 0.000010 0.000012 0.000010 0.000010
0.624929 0.000010 0.000010 0.375011 0.000010 0.000010 0.000010 0.000010
0.637246 0.000010 0.000010 0.362694 0.000010 0.000010 0.000010 0.000010
0.636752 0.000010 0.000010 0.363181 0.000010 0.000017 0.000010 0.000010
0.557000 0.000010 0.000010 0.442940 0.000010 0.000010 0.000010 0.000010
0.656838 0.000010 0.000010 0.343102 0.000010 0.000010 0.000010 0.000010
0.573108 0.000010 0.000010 0.426832 0.000010 0.000010 0.000010 0.000010
0.611816 0.000010 0.000010 0.388124 0.000010 0.000010 0.000010 0.000010
0.676413 0.000010 0.000010 0.323527 0.000010 0.000010 0.000010 0.000010
0.639044 0.000010 0.000010 0.360896 0.000010 0.000010 0.000010 0.000010
0.632078 0.000010 0.000010 0.367862 0.000010 0.000010 0.000010 0.000010
0.658672 0.000010 0.000010 0.341268 0.000010 0.000010 0.000010 0.000010
0.614763 0.000010 0.000010 0.385177 0.000010 0.000010 0.000010 0.000010
0.616084 0.000010 0.000010 0.383856 0.000010 0.000010 0.000010 0.000010
0.656819 0.000010 0.000010 0.343121 0.000010 0.000010 0.000010 0.000010
0.000010 0.011765 0.063495 0.000010 0.000010 0.166349 0.000010 0.758351
0.000010 0.061839 0.109989 0.000010 0.000010 0.212217 0.000010 0.615914
0.000018 0.039885 0.030151 0.000010 0.010039 0.122766 0.000010 0.797121
0.557841 0.000010 0.000010 0.442097 0.000010 0.000010 0.000012 0.000010
0.562722 0.000010 0.000010 0.437218 0.000010 0.000010 0.000010 0.000010
0.484706 0.000010 0.000010 0.515234 0.000010 0.000010 0.000010 0.000010
0.612008 0.000010 0.000010 0.387932 0.000010 0.000010 0.000010 0.000010
0.574521 0.000010 0.000010 0.425419 0.000010 0.000010 0.000010 0.000010
0.576673 0.000010 0.000010 0.423267 0.000010 0.000010 0.000010 0.000010
0.547271 0.000010 0.000010 0.452669 0.000010 0.000010 0.000010 0.000010
0.719164 0.000010 0.000010 0.280775 0.000010 0.000011 0.000010 0.000010
0.580324 0.000010 0.000010 0.419616 0.000010 0.000010 0.000010 0.000010
0.680053 0.000010 0.000010 0.319887 0.000010 0.000010 0.000010 0.000010
0.341272 0.000010 0.000010 0.645854 0.000010 0.010749 0.000010 0.002084
0.544291 0.000010 0.000010 0.455649 0.000010 0.000010 0.000010 0.000010
0.559435 0.000010 0.000010 0.440505 0.000010 0.000010 0.000010 0.000010
0.535026 0.000010 0.000010 0.464914 0.000010 0.000010 0.000010 0.000010
0.613551 0.000010 0.000010 0.386389 0.000010 0.000010 0.000010 0.000010
0.479904 0.000010 0.000010 0.520036 0.000010 0.000010 0.000010 0.000010
0.584841 0.000010 0.000010 0.415099 0.000010 0.000010 0.000010 0.000010
0.540310 0.000010 0.000010 0.459630 0.000010 0.000010 0.000010 0.000010
0.551704 0.000010 0.000010 0.448236 0.000010 0.000010 0.000010 0.000010
0.564221 0.000010 0.000010 0.435719 0.000010 0.000010 0.000010 0.000010
0.612938 0.000010 0.000010 0.387002 0.000010 0.000010 0.000010 0.000010
0.575690 0.000010 0.000010 0.424250 0.000010 0.000010 0.000010 0.000010
0.617219 0.000010 0.000010 0.382721 0.000010 0.000010 0.000010 0.000010
0.613144 0.000010 0.000010 0.386796 0.000010 0.000010 0.000010 0.000010
0.548792 0.023619 0.007258 0.400109 0.000010 0.000010 0.005671 0.014531
0.563799 0.000010 0.000010 0.436141 0.000010 0.000010 0.000010 0.000010
0.683036 0.000010 0.000010 0.316904 0.000010 0.000010 0.000010 0.000010
0.564807 0.000010 0.000010 0.435133 0.000010 0.000010 0.000010 0.000010
0.632847 0.000010 0.000010 0.367084 0.000010 0.000019 0.000010 0.000010
0.585778 0.000010 0.000010 0.414162 0.000010 0.000010 0.000010 0.000010
0.610066 0.000010 0.000010 0.389874 0.000010 0.000010 0.000010 0.000010
0.624510 0.000019 0.000010 0.375421 0.000010 0.000010 0.000010 0.000010
0.590756 0.000010 0.000010 0.409184 0.000010 0.000010 0.000010 0.000010
0.000010 0.028921 0.118239 0.000010 0.000010 0.140007 0.000010 0.712793
0.000010 0.052747 0.109381 0.000010 0.006824 0.159026 0.000010 0.671993
0.000010 0.019290 0.046507 0.000010 0.005514 0.130652 0.000010 0.798008
0.000010 0.033889 0.038607 0.000010 0.010481 0.171663 0.000010 0.745330
0.784646 0.000010 0.000010 0.215294 0.000010 0.000010 0.000010 0.000010
0.739440 0.000010 0.000010 0.260500 0.000010 0.000010 0.000010 0.000010
0.749644 0.000010 0.000010 0.250296 0.000010 0.000010 0.000010 0.000010
0.714677 0.000010 0.000010 0.285263 0.000010 0.000010 0.000010 0.000010
0.729085 0.000010 0.000010 0.270855 0.000010 0.000010 0.000010 0.000010
0.763751 0.000010 0.000010 0.236189 0.000010 0.000010 0.000010 0.000010
0.739367 0.000010 0.000010 0.260573 0.000010 0.000010 0.000010 0.000010
0.742189 0.000010 0.000010 0.257751 0.000010 0.000010 0.000010 0.000010
0.748853 0.000010 0.000010 0.251087 0.000010 0.000010 0.000010 0.000010
0.735891 0.000010 0.000010 0.264049 0.000010 0.000010 0.000010 0.000010
0.729502 0.000010 0.000010 0.270438 0.000010 0.000010 0.000010 0.000010
0.730753 0.000010 0.000010 0.269187 0.000010 0.000010 0.000010 0.000010
0.723219 0.000010 0.000010 0.276712 0.000019 0.000010 0.000010 0.000010
0.765963 0.000010 0.000010 0.233977 0.000010 0.000010 0.000010 0.000010
0.756294 0.000010 0.000010 0.243646 0.000010 0.000010 0.000010 0.000010
0.722524 0.000010 0.000010 0.277414 0.000010 0.000010 0.000012 0.000010
0.764763 0.000010 0.000010 0.235177 0.000010 0.000010 0.000010 0.000010
0.692465 0.000010 0.000010 0.307475 0.000010 0.000010 0.000010 0.000010
0.701524 0.000010 0.000010 0.298416 0.000010 0.000010 0.000010 0.000010
0.753759 0.000010 0.000010 0.246181 0.000010 0.000010 0.000010 0.000010
0.722882 0.000010 0.000010 0.277058 0.000011 0.000010 0.000010 0.000010
0.756601 0.000010 0.000010 0.243339 0.000010 0.000010 0.000010 0.000010
0.729416 0.000010 0.000010 0.270524 0.000010 0.000010 0.000010 0.000010
0.752250 0.000010 0.000010 0.247690 0.000010 0.000010 0.000010 0.000010
0.760256 0.000010 0.000010 0.239682 0.000012 0.000010 0.000010 0.000010
0.746762 0.000010 0.000010 0.253178 0.000010 0.000010 0.000010 0.000010
0.000010 0.000010 0.013283 0.000010 0.000010 0.088540 0.000010 0.898127
0.000010 0.000010 0.043585 0.006860 0.000600 0.135862 0.000010 0.813063
0.000010 0.034706 0.064709 0.000010 0.000010 0.222946 0.000010 0.677599
0.000010 0.019278 0.031119 0.000010 0.000010 0.115786 0.000010 0.833778
0.000010 0.013118 0.057273 0.000010 0.000010 0.121654 0.000010 0.807915
0.000010 0.014841 0.031341 0.000010 0.000010 0.057874 0.118232 0.777681
0.000850 0.044599 0.067794 0.000010 0.000010 0.158773 0.000010 0.727955
0.000010 0.000010 0.048741 0.000010 0.000010 0.065269 0.000010 0.885939
0.000010 0.046945 0.037781 0.000010 0.000010 0.241103 0.000010 0.674130
0.999930 0.000010 0.000010 0.000010 0.000010 0.000010 0.000010 0.000010
0.999930 0.000010 0.000010 0.000010 0.000010 0.000010 0.000010 0.000010
0.999930 0.000010 0.000010 0.000010 0.000010 0.000010 0.000010 0.000010
0.999927 0.000010 0.000010 0.000010 0.000010 0.000013 0.000010 0.000010
0.999930 0.000010 0.000010 0.000010 0.000010 0.000010 0.000010 0.000010
0.999930 0.000010 0.000010 0.000010 0.000010 0.000010 0.000010 0.000010
0.999930 0.000010 0.000010 0.000010 0.000010 0.000010 0.000010 0.000010
0.999930 0.000010 0.000010 0.000010 0.000010 0.000010 0.000010 0.000010
0.982917 0.000010 0.000010 0.017023 0.000010 0.000010 0.000010 0.000010
0.999930 0.000010 0.000010 0.000010 0.000010 0.000010 0.000010 0.000010
0.999930 0.000010 0.000010 0.000010 0.000010 0.000010 0.000010 0.000010
0.999928 0.000010 0.000010 0.000010 0.000010 0.000010 0.000012 0.000010
0.999930 0.000010 0.000010 0.000010 0.000010 0.000010 0.000010 0.000010
0.999930 0.000010 0.000010 0.000010 0.000010 0.000010 0.000010 0.000010
0.000010 0.038301 0.037765 0.000010 0.000010 0.104436 0.000010 0.819457
0.000015 0.038058 0.070377 0.000010 0.000010 0.153127 0.000010 0.738393
0.000010 0.143626 0.079618 0.000010 0.000010 0.139546 0.000010 0.637170
0.000010 0.096401 0.109007 0.000010 0.000010 0.208270 0.000010 0.586282
0.000010 0.125754 0.089248 0.000010 0.009746 0.187823 0.000010 0.587399
0.000010 0.016549 0.035007 0.000010 0.000010 0.181846 0.000010 0.766558
0.000010 0.049356 0.069532 0.000010 0.000010 0.117763 0.000010 0.763309
0.000010 0.052645 0.072874 0.000010 0.002749 0.163265 0.000010 0.708436
0.000010 0.027045 0.058338 0.000010 0.000010 0.124800 0.000010 0.789777
0.000013 0.000010 0.063263 0.000010 0.000010 0.151381 0.000010 0.785304
0.000010 0.195209 0.147539 0.000010 0.019893 0.140606 0.000010 0.496723
0.000020 0.075229 0.094099 0.000010 0.000010 0.124219 0.000010 0.706403
0.000010 0.024750 0.036509 0.000010 0.000010 0.149500 0.000010 0.789201
0.000010 0.012028 0.062401 0.000010 0.002012 0.158410 0.000010 0.765119
0.000016 0.011370 0.062972 0.000010 0.000010 0.172259 0.000010 0.753352
0.000010 0.000010 0.043081 0.000010 0.000010 0.166680 0.000010 0.790188
0.000010 0.015716 0.055469 0.000010 0.000010 0.152689 0.000010 0.776086
0.000010 0.043595 0.024334 0.000010 0.000010 0.167601 0.000010 0.764431
0.000010 0.041629 0.041627 0.000010 0.000010 0.061548 0.000010 0.855156
0.000010 0.084035 0.107721 0.000010 0.003648 0.195649 0.000010 0.608916
0.000010 0.052553 0.101872 0.000010 0.003390 0.139882 0.000010 0.702274
0.000010 0.055114 0.025535 0.000010 0.000010 0.227796 0.000010 0.691516
0.000010 0.103293 0.094171 0.000010 0.000010 0.179968 0.000010 0.622528
0.000010 0.028443 0.057977 0.000010 0.000010 0.173485 0.000010 0.740055
0.000010 0.033627 0.086941 0.000010 0.007988 0.130662 0.000010 0.740752
0.000010 0.080639 0.041682 0.000010 0.000010 0.199621 0.000010 0.678018
0.003573 0.082679 0.087530 0.000010 0.003069 0.124258 0.000010 0.698871
0.000010 0.097702 0.041432 0.000010 0.004681 0.157303 0.000010 0.698852
0.001446 0.116053 0.135088 0.000010 0.004746 0.130404 0.000010 0.612243
0.000010 0.046471 0.079647 0.000010 0.000010 0.137919 0.000010 0.735924
0.000010 0.060786 0.044949 0.000010 0.000010 0.142308 0.000010 0.751917
0.000010 0.003545 0.080705 0.000010 0.000010 0.170858 0.000010 0.744853
0.000010 0.017024 0.069936 0.000010 0.000010 0.147992 0.000010 0.765008
0.000010 0.067825 0.072121 0.000010 0.000010 0.178118 0.000010 0.681897
0.000016 0.046655 0.114835 0.000010 0.000010 0.143809 0.000010 0.694656
0.009016 0.013876 0.057543 0.000010 0.004874 0.128631 0.000010 0.786040
0.000010 0.011952 0.059386 0.004910 0.006833 0.088394 0.009836 0.818680
0.000010 0.130862 0.089717 0.000010 0.000010 0.129866 0.000010 0.649514
0.000014 0.289484 0.354723 0.000010 0.000010 0.075245 0.000010 0.280505
0.000010 0.044259 0.079010 0.000010 0.005643 0.151103 0.000010 0.719956
0.000010 0.041678 0.066484 0.000010 0.000010 0.165679 0.000010 0.726119
0.000010 0.000010 0.003089 0.000010 0.000010 0.082502 0.000010 0.914359
0.000010 0.000010 0.000010 0.002680 0.000010 0.309688 0.000010 0.687583
0.004263 0.037718 0.011251 0.015851 0.000010 0.119960 0.000010 0.810936
0.000010 0.005673 0.030711 0.000010 0.022588 0.324184 0.000010 0.616813
0.000010 0.036256 0.023670 0.000010 0.000010 0.249584 0.000010 0.690450
0.000010 0.036258 0.093875 0.000010 0.000010 0.316629 0.000010 0.553198
0.000010 0.035266 0.050615 0.000010 0.021838 0.285053 0.000010 0.607198
0.000010 0.029828 0.019088 0.000010 0.000010 0.269846 0.000010 0.681198
0.000019 0.011149 0.037493 0.000010 0.004368 0.287056 0.000010 0.659894
0.000010 0.000010 0.013195 0.000010 0.011352 0.174113 0.000010 0.801300
0.000010 0.002159 0.109995 0.000010 0.004579 0.247628 0.000010 0.635608
0.000010 0.028753 0.057152 0.000010 0.000010 0.298673 0.000010 0.615382
0.000010 0.000010 0.012613 0.000010 0.000010 0.387408 0.000010 0.599928
0.000010 0.075527 0.091156 0.000010 0.000010 0.324697 0.000010 0.508580
0.000010 0.000054 0.031257 0.000010 0.000010 0.309181 0.000010 0.659469
0.000010 0.059081 0.121732 0.000010 0.009147 0.387785 0.000010 0.422225
0.000010 0.003489 0.043734 0.000010 0.000010 0.277727 0.000010 0.675009
0.000010 0.076029 0.015344 0.000010 0.007835 0.472449 0.000010 0.428314
0.000010 0.108181 0.067229 0.000010 0.000010 0.183590 0.000010 0.640960
0.000010 0.032323 0.057994 0.000010 0.012741 0.170646 0.000010 0.726265
0.000010 0.024052 0.061112 0.000010 0.000010 0.130894 0.000010 0.783902
0.000010 0.115428 0.104619 0.000010 0.000010 0.154020 0.000010 0.625892
0.000010 0.000010 0.022781 0.000010 0.037286 0.072497 0.000010 0.867397
0.000010 0.033199 0.079083 0.000010 0.000414 0.168913 0.000010 0.718360
0.000010 0.112357 0.063154 0.000010 0.000010 0.155785 0.000010 0.668664
0.000010 0.023840 0.030817 0.000010 0.000010 0.063475 0.000010 0.881827
0.000010 0.021137 0.032226 0.000010 0.000010 0.127184 0.000010 0.819413
0.000010 0.034553 0.046186 0.000010 0.000010 0.169731 0.000010 0.749490
0.001784 0.017499 0.047342 0.000010 0.000010 0.216031 0.000010 0.717315
0.000015 0.009294 0.120526 0.000010 0.000010 0.166684 0.000010 0.703452
0.000010 0.046557 0.064337 0.000010 0.000010 0.174953 0.000010 0.714113
0.000010 0.088938 0.084886 0.000010 0.000010 0.268357 0.000010 0.557779
0.000010 0.073718 0.122943 0.000010 0.000899 0.238987 0.000010 0.563423
0.000010 0.076703 0.068982 0.000010 0.000010 0.237083 0.000010 0.617193
0.000010 0.000010 0.083985 0.000010 0.000010 0.224264 0.000010 0.691700
0.000010 0.016089 0.040987 0.000010 0.000010 0.159903 0.000010 0.782981
0.000012 0.083317 0.093223 0.000010 0.000010 0.161037 0.000010 0.662381
0.000010 0.000010 0.037266 0.000010 0.004405 0.104542 0.000010 0.853747
0.000010 0.030372 0.060345 0.000010 0.016192 0.147163 0.000010 0.745897
0.000018 0.027271 0.082370 0.000010 0.000010 0.131002 0.000010 0.759309
0.000010 0.466869 0.214525 0.000010 0.000010 0.083175 0.000010 0.235391
0.000010 0.297764 0.194331 0.000010 0.027182 0.066764 0.000010 0.413928
0.000010 0.098198 0.090580 0.000010 0.000010 0.187044 0.000010 0.624138
0.000010 0.071952 0.036969 0.000010 0.007718 0.115654 0.000010 0.767677
0.000010 0.025600 0.045882 0.000010 0.000711 0.334865 0.000010 0.592912
0.005379 0.010010 0.000010 0.000010 0.000010 0.291884 0.000010 0.692686
0.000010 0.021791 0.019727 0.000010 0.000010 0.244997 0.000010 0.713444
0.000010 0.061347 0.102291 0.000010 0.005527 0.302185 0.000010 0.528621
0.000010 0.000010 0.000010 0.000010 0.000010 0.192536 0.000010 0.807404
0.000010 0.000010 0.000010 0.000010 0.000010 0.321369 0.000010 0.678571
0.005468 0.006271 0.010663 0.000010 0.000010 0.146415 0.000010 0.831153
0.000019 0.077930 0.056251 0.000010 0.000010 0.330368 0.000010 0.535402
0.000010 0.004447 0.062011 0.000010 0.000010 0.281484 0.000010 0.652018
0.000010 0.000010 0.067633 0.000010 0.003683 0.268477 0.000010 0.660167
0.000010 0.099650 0.072358 0.000010 0.015708 0.327522 0.000010 0.484733
0.000010 0.000010 0.000010 0.000010 0.000010 0.047670 0.000010 0.952270
0.000010 0.000010 0.000010 0.000010 0.001395 0.390132 0.000010 0.608423
0.000010 0.000010 0.005272 0.000010 0.000010 0.292719 0.000010 0.701959
0.000010 0.000010 0.019481 0.000010 0.000010 0.274766 0.000010 0.705703
0.000010 0.019211 0.037654 0.000010 0.000010 0.240449 0.000010 0.702646
0.000010 0.143190 0.094144 0.000010 0.000010 0.145272 0.000010 0.617354
0.000010 0.007027 0.094909 0.000010 0.004760 0.202687 0.000010 0.690587
0.003616 0.029704 0.070679 0.000010 0.016183 0.195592 0.000010 0.684206
0.000010 0.043817 0.101185 0.000010 0.008292 0.198529 0.000010 0.648147
0.000010 0.118028 0.107245 0.000010 0.000010 0.168599 0.000010 0.606088
0.007166 0.039356 0.042689 0.000010 0.000010 0.094922 0.000010 0.815837
0.000010 0.036918 0.086740 0.000010 0.000010 0.138800 0.000010 0.737502
0.000010 0.040622 0.066499 0.000010 0.003460 0.169192 0.000010 0.720196
0.000010 0.037907 0.082556 0.000010 0.000010 0.100034 0.000010 0.779464
0.000010 0.000010 0.098590 0.005135 0.000010 0.202043 0.000010 0.694192
0.000010 0.000010 0.000010 0.000010 0.000010 0.000010 0.350103 0.649837
0.000010 0.000010 0.000010 0.000010 0.019008 0.616505 0.010230 0.354217
0.000010 0.198942 0.149162 0.000010 0.000010 0.239635 0.009734 0.402497
0.000010 0.000010 0.019206 0.000010 0.000010 0.436482 0.000010 0.544262
0.000010 0.000010 0.049272 0.000010 0.000010 0.248227 0.000010 0.702451
0.000010 0.007661 0.024217 0.000010 0.013385 0.414601 0.000010 0.540106
0.000010 0.014236 0.054946 0.000010 0.000010 0.421931 0.000010 0.508847
0.000010 0.000010 0.000010 0.000010 0.000010 0.315554 0.000010 0.684386
0.000010 0.000017 0.020554 0.000010 0.000010 0.210176 0.000010 0.769212
0.000010 0.005800 0.003007 0.000010 0.000010 0.182336 0.000010 0.808817
0.000010 0.007807 0.043315 0.000010 0.000010 0.328015 0.000010 0.620822
0.000010 0.000010 0.005250 0.000010 0.000010 0.319185 0.000010 0.675515
0.000010 0.007985 0.029608 0.000010 0.000010 0.269419 0.000010 0.692947
0.000010 0.016249 0.034503 0.000010 0.006146 0.261121 0.000010 0.681951
0.000020 0.059861 0.059217 0.000010 0.010020 0.256080 0.000010 0.614782
0.000010 0.084243 0.086764 0.000010 0.000010 0.335729 0.000010 0.493225
0.000010 0.081268 0.059953 0.000010 0.011590 0.296882 0.006791 0.543495
0.007519 0.061915 0.043294 0.000010 0.000010 0.270932 0.000010 0.616310
0.000010 0.031631 0.089621 0.000010 0.000010 0.540425 0.000010 0.338283
0.000010 0.000320 0.030651 0.000010 0.000010 0.338299 0.000010 0.630690
0.000010 0.000010 0.000010 0.000010 0.000010 0.286212 0.000010 0.713728
0.000010 0.057778 0.074464 0.000010 0.000010 0.324031 0.000010 0.543687
0.000010 0.000010 0.098411 0.000010 0.000010 0.329920 0.000010 0.571619
0.000010 0.000010 0.028256 0.000010 0.000010 0.410321 0.000010 0.561373
0.000010 0.000010 0.020380 0.000010 0.000010 0.262439 0.000010 0.717131
0.000020 0.026669 0.028592 0.000010 0.000010 0.249264 0.000010 0.695425
0.000010 0.018355 0.024759 0.000010 0.007630 0.152280 0.000010 0.796945
0.000010 0.171509 0.105698 0.000010 0.000010 0.313500 0.000010 0.409253
0.000010 0.036831 0.122731 0.000010 0.000010 0.205972 0.000010 0.634426
0.000010 0.078866 0.128278 0.000010 0.008744 0.154351 0.000010 0.629731
0.000010 0.014545 0.057305 0.000010 0.000010 0.149174 0.000010 0.778937
0.000016 0.055779 0.110948 0.000010 0.002353 0.216744 0.000010 0.614139
0.000010 0.041954 0.118350 0.000010 0.000010 0.175674 0.000010 0.663982
0.000011 0.069815 0.093388 0.005373 0.007288 0.193342 0.000010 0.630773
0.000010 0.064156 0.104289 0.000010 0.011199 0.175862 0.000010 0.644464
0.000010 0.032525 0.055039 0.000010 0.014586 0.121889 0.000010 0.775932
0.000010 0.000010 0.077700 0.000010 0.000010 0.241480 0.000010 0.680770
0.000010 0.035154 0.096886 0.000010 0.013985 0.200518 0.000010 0.653426
0.000010 0.045498 0.086414 0.000010 0.008724 0.189821 0.000010 0.669513
0.000020 0.028457 0.080734 0.000010 0.000011 0.286987 0.000010 0.603772
0.000010 0.000010 0.023492 0.000010 0.007755 0.262735 0.000010 0.705978
0.000010 0.007497 0.026642 0.000010 0.011434 0.541318 0.000010 0.413079
0.000010 0.000010 0.000010 0.000010 0.000010 0.130602 0.000010 0.869338
0.000010 0.000010 0.000010 0.000010 0.003538 0.054796 0.000010 0.941617
0.000010 0.000010 0.000010 0.000010 0.026903 0.436945 0.000010 0.536103
0.000010 0.011973 0.030128 0.000010 0.010775 0.605234 0.000010 0.341861
0.001092 0.021081 0.062291 0.000010 0.000010 0.317699 0.000010 0.597808
0.000076 0.010289 0.047023 0.000010 0.023066 0.263767 0.000010 0.655758
0.000017 0.000010 0.021374 0.000010 0.000010 0.427720 0.000010 0.550849
0.000010 0.031047 0.007767 0.000010 0.002300 0.419134 0.000010 0.539723
0.000010 0.000010 0.027851 0.000010 0.000010 0.437494 0.000010 0.534605
0.000010 0.131867 0.042542 0.000010 0.003052 0.394479 0.000010 0.428030
0.000010 0.151057 0.135558 0.002939 0.000010 0.321920 0.000010 0.388495
0.000010 0.042331 0.138163 0.000010 0.000010 0.348263 0.000010 0.471203
0.000020 0.000010 0.000010 0.000010 0.000010 0.216474 0.000010 0.783456
0.000010 0.000010 0.009174 0.000010 0.000010 0.206877 0.000010 0.783900
0.000018 0.006272 0.023416 0.000010 0.000010 0.163303 0.000010 0.806961
0.000020 0.000010 0.020637 0.000010 0.000010 0.143767 0.000010 0.835537
0.000010 0.148899 0.206493 0.000010 0.000010 0.278159 0.000010 0.366408
0.000010 0.002528 0.019978 0.000169 0.007498 0.385795 0.000010 0.584012
0.000010 0.055486 0.087504 0.000010 0.000010 0.154682 0.000010 0.702289
0.000010 0.005092 0.005123 0.000010 0.009047 0.131208 0.000010 0.849500
0.000020 0.000010 0.000010 0.000010 0.000010 0.176238 0.000010 0.823692
0.000185 0.000010 0.017939 0.000010 0.000010 0.221872 0.000010 0.759965
0.000010 0.042072 0.047417 0.000010 0.000010 0.440253 0.000010 0.470219
0.000010 0.049407 0.063064 0.000010 0.000010 0.408764 0.000010 0.478725
0.000017 0.000010 0.029861 0.000010 0.000010 0.395669 0.000010 0.574412
0.000010 0.000010 0.036162 0.000010 0.000010 0.374864 0.000010 0.588924
0.000010 0.000010 0.014419 0.000010 0.018207 0.000010 0.000010 0.967324
0.000010 0.002487 0.014564 0.000010 0.001944 0.000010 0.040139 0.940836
0.000010 0.000010 0.000010 0.000010 0.000010 0.000010 0.000010 0.999930
0.000010 0.000010 0.000010 0.003674 0.000010 0.007005 0.000010 0.989270
0.000010 0.002029 0.000010 0.000010 0.014145 0.000010 0.000010 0.983776
0.000010 0.001147 0.000010 0.000010 0.008821 0.001866 0.000010 0.988127
0.000010 0.000010 0.001694 0.000010 0.000010 0.000010 0.000010 0.998246
0.000010 0.000010 0.000010 0.000010 0.000010 0.000010 0.000010 0.999930
0.000010 0.000010 0.000010 0.000010 0.000010 0.000010 0.016597 0.983343
0.000010 0.000010 0.000010 0.000010 0.000010 0.000010 0.051393 0.948547
0.000010 0.000010 0.000010 0.000010 0.000010 0.000010 0.000010 0.999930
0.000010 0.000010 0.000010 0.000010 0.000010 0.000010 0.005057 0.994883
0.000010 0.000010 0.000010 0.000010 0.000010 0.000010 0.010712 0.989228
0.000010 0.000010 0.000010 0.000010 0.000010 0.000010 0.033716 0.966224
0.000010 0.000010 0.000010 0.000010 0.000010 0.000010 0.044166 0.955774
0.000010 0.000010 0.000010 0.000010 0.000010 0.000010 0.053865 0.946075
0.000577 0.000010 0.000010 0.000010 0.000010 0.000010 0.000010 0.999363
0.000010 0.000010 0.009260 0.000010 0.000010 0.000010 0.000010 0.990680
0.000010 0.000010 0.023116 0.000010 0.007507 0.000010 0.000010 0.969327
0.000010 0.000010 0.012160 0.000010 0.000010 0.000010 0.010810 0.976980
0.003101 0.000010 0.015480 0.000010 0.000010 0.000010 0.028012 0.953368
0.000010 0.000010 0.007634 0.000010 0.000010 0.000010 0.008910 0.983406
0.000010 0.000010 0.000010 0.000010 0.000010 0.000010 0.058094 0.941846
0.000010 0.000010 0.000010 0.000010 0.000010 0.000010 0.026705 0.973235
0.000010 0.009936 0.047508 0.000010 0.000010 0.244999 0.000010 0.697517
0.000010 0.215256 0.166990 0.000010 0.000010 0.252886 0.000010 0.364828
0.000010 0.130781 0.098688 0.000010 0.024929 0.355234 0.000010 0.390338
0.000010 0.000010 0.000010 0.000010 0.000010 0.730311 0.000010 0.269629
0.000010 0.000010 0.000010 0.000010 0.021003 0.501822 0.000744 0.476391
0.000010 0.000010 0.000010 0.000010 0.000010 0.710461 0.000010 0.289479
0.000010 0.000010 0.000010 0.000010 0.000010 0.999930 0.000010 0.000010
0.000010 0.026440 0.028609 0.000010 0.000010 0.471188 0.000010 0.473722
0.000010 0.000010 0.000010 0.000010 0.000010 0.651870 0.000010 0.348070
0.000010 0.000010 0.000010 0.000010 0.796853 0.000716 0.081082 0.121308
0.000010 0.000010 0.000010 0.000010 0.773691 0.005319 0.062075 0.158875
0.000010 0.000010 0.000010 0.000010 0.769351 0.002572 0.053173 0.174864
0.000010 0.000010 0.000010 0.000010 0.721836 0.000010 0.023582 0.254532
0.931658 0.000010 0.000010 0.068282 0.000010 0.000010 0.000010 0.000010
0.952688 0.000010 0.000010 0.020789 0.026473 0.000010 0.000010 0.000010
0.972794 0.000010 0.000010 0.019408 0.004223 0.003535 0.000010 0.000010
0.959580 0.000010 0.000010 0.027611 0.012759 0.000010 0.000010 0.000010
0.930303 0.000010 0.000010 0.049673 0.019974 0.000010 0.000010 0.000010
0.936302 0.000010 0.000010 0.063637 0.000010 0.000010 0.000010 0.000010
0.000010 0.000010 0.008602 0.000010 0.003060 0.008512 0.004339 0.975456
0.001324 0.000010 0.007415 0.000010 0.000010 0.000010 0.038994 0.952227
0.000010 0.000010 0.000010 0.000010 0.000010 0.000010 0.027786 0.972154
0.000010 0.000010 0.000010 0.000010 0.000010 0.000010 0.010933 0.989007
0.000010 0.000010 0.000010 0.000010 0.012409 0.000010 0.000010 0.987531
0.000010 0.000010 0.005545 0.000010 0.000010 0.000010 0.000010 0.994395
0.000013 0.000010 0.001880 0.000010 0.000010 0.000010 0.000010 0.998058
0.000010 0.000010 0.012567 0.000010 0.000010 0.000010 0.018016 0.969367
0.000010 0.000010 0.000010 0.000010 0.010708 0.000010 0.010278 0.978964
0.000010 0.000010 0.000010 0.000010 0.002248 0.000010 0.047935 0.949767
0.002221 0.000010 0.000010 0.000010 0.000010 0.000010 0.004868 0.992861
0.000010 0.000010 0.000010 0.000010 0.002010 0.022162 0.000010 0.975778
0.000010 0.000010 0.000010 0.000010 0.006177 0.000010 0.000010 0.993763
0.000986 0.000010 0.012766 0.000010 0.000010 0.000010 0.000010 0.986197
0.000010 0.002258 0.000010 0.000010 0.000745 0.000010 0.000010 0.996947
0.006954 0.000010 0.014596 0.000010 0.000019 0.000010 0.000010 0.978392
0.000010 0.000010 0.000010 0.000010 0.001761 0.003269 0.035948 0.958982
0.005753 0.000010 0.007302 0.000010 0.019532 0.000010 0.000010 0.967373
0.006697 0.000093 0.045388 0.000010 0.008578 0.000211 0.000010 0.939013
0.000010 0.008136 0.018596 0.000010 0.018161 0.000010 0.000010 0.955066
0.000010 0.000010 0.000010 0.000010 0.000010 0.006164 0.000010 0.993776
