0.000010 0.000010 0.000010 0.999950 0.000010 0.000010
0.000010 0.000014 0.000010 0.999946 0.000010 0.000010
0.000010 0.000010 0.000010 0.999950 0.000010 0.000010
0.000010 0.000010 0.000010 0.999950 0.000010 0.000010
0.000010 0.000010 0.000010 0.999950 0.000010 0.000010
0.000010 0.000010 0.000010 0.999950 0.000010 0.000010
0.000010 0.000010 0.000010 0.999950 0.000010 0.000010
0.000010 0.000010 0.000010 0.999950 0.000010 0.000010
0.000010 0.007818 0.000010 0.992142 0.000010 0.000010
0.000010 0.000010 0.000010 0.999950 0.000010 0.000010
0.000010 0.000010 0.000010 0.999950 0.000010 0.000010
0.000010 0.000010 0.000010 0.999950 0.000010 0.000010
0.000010 0.000010 0.000010 0.999950 0.000010 0.000010
0.000010 0.004648 0.000010 0.995312 0.000010 0.000010
0.000010 0.000010 0.000010 0.999950 0.000010 0.000010
0.000010 0.000010 0.000010 0.999950 0.000010 0.000010
0.000010 0.000010 0.000010 0.999950 0.000010 0.000010
0.000010 0.000010 0.000010 0.999950 0.000010 0.000010
0.000010 0.000010 0.000010 0.999950 0.000010 0.000010
0.000010 0.000010 0.000010 0.999950 0.000010 0.000010
0.000010 0.000010 0.000010 0.999950 0.000010 0.000010
0.000010 0.000010 0.000010 0.999950 0.000010 0.000010
0.000010 0.000010 0.000010 0.999950 0.000010 0.000010
0.000010 0.000010 0.000010 0.999950 0.000010 0.000010
0.000010 0.000010 0.000010 0.999950 0.000010 0.000010
0.000010 0.000010 0.000010 0.999950 0.000010 0.000010
0.000010 0.000010 0.000010 0.999950 0.000010 0.000010
0.000010 0.000010 0.000010 0.999950 0.000010 0.000010
0.000010 0.000010 0.000010 0.999950 0.000010 0.000010
0.000010 0.000010 0.000010 0.999950 0.000010 0.000010
0.000010 0.005178 0.000010 0.994782 0.000010 0.000010
0.000010 0.000010 0.000010 0.999950 0.000010 0.000010
0.000010 0.000010 0.000010 0.999950 0.000010 0.000010
0.000010 0.000010 0.000010 0.999950 0.000010 0.000010
0.000010 0.000010 0.000010 0.999950 0.000010 0.000010
0.000010 0.000010 0.000010 0.999950 0.000010 0.000010
0.000010 0.000010 0.000010 0.999950 0.000010 0.000010
0.000010 0.000010 0.000010 0.999950 0.000010 0.000010
0.000010 0.000010 0.000010 0.999950 0.000010 0.000010
0.000010 0.000869 0.000010 0.999091 0.000010 0.000010
0.000010 0.000010 0.000010 0.999950 0.000010 0.000010
0.000010 0.000010 0.000010 0.999950 0.000010 0.000010
0.000010 0.000010 0.000010 0.999950 0.000010 0.000010
0.000010 0.000010 0.000010 0.999950 0.000010 0.000010
0.000010 0.000010 0.000010 0.999950 0.000010 0.000010
0.000010 0.000010 0.000010 0.999950 0.000010 0.000010
0.000010 0.000010 0.000010 0.999950 0.000010 0.000010
0.000010 0.000010 0.000010 0.999950 0.000010 0.000010
0.000010 0.000010 0.000010 0.999950 0.000010 0.000010
0.000010 0.000010 0.000010 0.999950 0.000010 0.000010
0.000010 0.000010 0.000010 0.999950 0.000010 0.000010
0.000010 0.000010 0.000010 0.999950 0.000010 0.000010
0.000010 0.000010 0.056158 0.921111 0.000010 0.022701
0.000010 0.000010 0.043616 0.930414 0.000010 0.025939
0.000010 0.000010 0.043589 0.952257 0.000010 0.004124
0.000010 0.000010 0.065672 0.928149 0.000010 0.006148
0.000010 0.000017 0.064094 0.917217 0.000010 0.018651
0.000010 0.000010 0.065600 0.934360 0.000010 0.000010
0.000010 0.000018 0.056236 0.928987 0.000010 0.014738
0.000010 0.000010 0.054552 0.926124 0.000010 0.019295
0.000010 0.017100 0.047027 0.935843 0.000010 0.000010
0.000010 0.000010 0.054655 0.924335 0.000010 0.020980
0.000010 0.000010 0.049615 0.936287 0.000010 0.014068
0.000010 0.000010 0.063664 0.924136 0.000010 0.012170
0.000010 0.000010 0.047719 0.932842 0.000010 0.019409
0.000010 0.000010 0.072014 0.915529 0.000010 0.012427
0.000010 0.000010 0.050104 0.939914 0.000010 0.009953
0.000010 0.000010 0.044468 0.935939 0.000010 0.019563
0.000010 0.004355 0.048410 0.940648 0.000010 0.006567
0.000010 0.000010 0.000010 0.999950 0.000010 0.000010
0.000010 0.000010 0.000010 0.999950 0.000010 0.000010
0.000010 0.000010 0.000010 0.999950 0.000010 0.000010
0.000010 0.000010 0.000010 0.999950 0.000010 0.000010
0.000010 0.000010 0.000010 0.999950 0.000010 0.000010
0.000010 0.000010 0.000010 0.999950 0.000010 0.000010
0.000010 0.000010 0.000010 0.999950 0.000010 0.000010
0.000010 0.000010 0.000010 0.999950 0.000010 0.000010
0.000010 0.000010 0.000010 0.999950 0.000010 0.000010
0.000010 0.000017 0.000010 0.999943 0.000010 0.000010
0.000010 0.000010 0.000010 0.999950 0.000010 0.000010
0.000010 0.000010 0.000010 0.999950 0.000010 0.000010
0.000010 0.000010 0.000010 0.999950 0.000010 0.000010
0.000010 0.000010 0.000010 0.999950 0.000010 0.000010
0.000010 0.000010 0.000010 0.999950 0.000010 0.000010
0.000010 0.000010 0.000010 0.999950 0.000010 0.000010
0.000010 0.000010 0.000010 0.999950 0.000010 0.000010
0.000010 0.000010 0.000010 0.999950 0.000010 0.000010
0.000010 0.000010 0.000010 0.999950 0.000010 0.000010
0.000010 0.000010 0.000010 0.999950 0.000010 0.000010
0.000010 0.000010 0.000010 0.999950 0.000010 0.000010
0.000010 0.000010 0.000010 0.999950 0.000010 0.000010
0.000010 0.000010 0.000010 0.999950 0.000010 0.000010
0.000010 0.000010 0.000010 0.999950 0.000010 0.000010
0.000010 0.000010 0.000010 0.999950 0.000010 0.000010
0.000010 0.000010 0.000010 0.999950 0.000010 0.000010
0.000010 0.000010 0.000010 0.999950 0.000010 0.000010
0.000010 0.000010 0.000010 0.999950 0.000010 0.000010
0.000010 0.000012 0.000010 0.999948 0.000010 0.000010
0.000010 0.000010 0.000010 0.999950 0.000010 0.000010
0.000010 0.000010 0.000010 0.999950 0.000010 0.000010
0.000010 0.000010 0.054591 0.935582 0.000010 0.009797
0.000010 0.000010 0.067202 0.932758 0.000010 0.000010
0.000010 0.000010 0.036310 0.956979 0.000010 0.006680
0.000010 0.000010 0.059100 0.930317 0.000010 0.010553
0.000010 0.000010 0.074969 0.918801 0.000010 0.006201
0.000010 0.000010 0.085629 0.914331 0.000010 0.000010
0.000010 0.000010 0.051910 0.948050 0.000010 0.000010
0.000010 0.000010 0.034842 0.953626 0.000010 0.011502
0.000010 0.000010 0.038376 0.953435 0.000010 0.008159
0.000010 0.000010 0.052249 0.932836 0.000010 0.014885
0.000010 0.000010 0.026270 0.959291 0.000010 0.014409
0.000010 0.000010 0.050858 0.932735 0.000010 0.016377
0.000010 0.000010 0.051465 0.936341 0.000010 0.012164
0.000010 0.000010 0.060672 0.933533 0.000010 0.005765
0.000010 0.000010 0.066077 0.930030 0.000010 0.003863
0.000010 0.000010 0.050775 0.933400 0.000010 0.015795
0.000010 0.000010 0.064360 0.923307 0.000010 0.012303
0.000010 0.018150 0.042355 0.918141 0.000010 0.021335
0.000010 0.015168 0.057706 0.917996 0.000010 0.009111
0.000010 0.012915 0.048664 0.931289 0.000010 0.007112
0.000010 0.000010 0.036864 0.956775 0.000010 0.006331
0.000010 0.000010 0.065877 0.920639 0.000010 0.013454
0.000010 0.000010 0.053596 0.942924 0.000010 0.003450
0.000010 0.000010 0.039925 0.951921 0.000010 0.008125
0.000010 0.000010 0.031846 0.962597 0.000010 0.005527
0.000010 0.000010 0.064793 0.934693 0.000010 0.000484
0.000010 0.000010 0.052782 0.929786 0.000010 0.017402
0.000010 0.000010 0.041962 0.949591 0.000010 0.008417
0.000010 0.000010 0.056516 0.938265 0.000010 0.005190
0.000010 0.000010 0.045496 0.936541 0.000010 0.017933
0.000010 0.000010 0.057903 0.925575 0.000010 0.016492
0.000010 0.000010 0.074106 0.925854 0.000010 0.000010
0.000010 0.000010 0.052250 0.932286 0.000010 0.015434
0.000010 0.000010 0.061671 0.929913 0.000010 0.008386
0.000010 0.000010 0.059108 0.935603 0.000010 0.005260
0.000010 0.000010 0.060509 0.936756 0.000010 0.002705
0.000010 0.000010 0.036152 0.944485 0.000010 0.019333
0.000010 0.000010 0.039672 0.945957 0.000010 0.014341
0.000010 0.000010 0.049689 0.941429 0.000010 0.008852
0.000010 0.000010 0.052433 0.933304 0.000010 0.014234
0.000010 0.000010 0.056231 0.937474 0.000010 0.006265
0.000010 0.000010 0.034658 0.960341 0.000010 0.004971
0.000010 0.000010 0.044182 0.943771 0.000010 0.012017
0.000010 0.000010 0.065176 0.921740 0.000010 0.013053
0.000010 0.000010 0.035328 0.956658 0.000010 0.007984
0.000010 0.000010 0.050633 0.948301 0.000010 0.001035
0.000010 0.000010 0.050199 0.939354 0.000010 0.010417
0.000010 0.042262 0.027755 0.916847 0.000010 0.013115
0.000010 0.000010 0.069965 0.929534 0.000010 0.000471
0.000010 0.000010 0.064782 0.927937 0.000010 0.007251
0.000010 0.000010 0.018864 0.975476 0.000010 0.005630
0.000010 0.000010 0.053253 0.933836 0.000010 0.012881
0.000010 0.000010 0.046909 0.946791 0.000010 0.006270
0.000010 0.000010 0.057091 0.941131 0.000010 0.001748
0.000010 0.000010 0.032152 0.967808 0.000010 0.000010
0.000010 0.000010 0.057268 0.936413 0.000010 0.006289
0.000010 0.000010 0.055224 0.933244 0.000010 0.011502
0.000010 0.000010 0.043966 0.952147 0.000010 0.003858
0.000010 0.000010 0.049283 0.934858 0.000010 0.015829
0.000010 0.000010 0.047730 0.947157 0.000010 0.005083
0.000010 0.000010 0.064682 0.912090 0.000010 0.023198
0.000010 0.000010 0.039327 0.960633 0.000010 0.000010
0.000010 0.000010 0.070303 0.923950 0.000010 0.005717
0.000010 0.000010 0.049191 0.937524 0.000010 0.013256
0.000010 0.000010 0.040384 0.945293 0.000010 0.014293
0.000010 0.000010 0.061762 0.922437 0.000010 0.015771
0.000010 0.000010 0.046715 0.939422 0.000010 0.013833
0.000010 0.000010 0.054000 0.932696 0.000010 0.013274
0.000010 0.000010 0.061663 0.926002 0.000010 0.012305
0.000010 0.000010 0.058482 0.928205 0.000010 0.013283
0.000010 0.000010 0.053452 0.930642 0.000010 0.015876
0.000010 0.000010 0.046262 0.943533 0.000010 0.010175
0.000010 0.000010 0.064536 0.916003 0.000010 0.019431
0.000010 0.000010 0.053636 0.933882 0.000010 0.012452
0.000010 0.000010 0.032994 0.960534 0.000010 0.006442
0.000010 0.000010 0.056564 0.940796 0.000010 0.002610
0.000010 0.000010 0.035420 0.953705 0.000010 0.010845
0.000010 0.000010 0.028478 0.971482 0.000010 0.000010
0.000010 0.000010 0.045738 0.949470 0.000010 0.004763
0.000010 0.000010 0.052944 0.924744 0.000010 0.022282
0.000010 0.000010 0.063012 0.924153 0.000010 0.012806
0.000010 0.000010 0.055337 0.939982 0.000010 0.004651
0.000010 0.000010 0.383268 0.000010 0.616692 0.000010
0.000010 0.000010 0.425230 0.000010 0.574730 0.000010
0.000010 0.000010 0.352454 0.000010 0.647506 0.000010
0.000010 0.000010 0.356690 0.000010 0.643270 0.000010
0.000010 0.000010 0.371404 0.000010 0.628556 0.000010
0.000011 0.000019 0.356253 0.000010 0.643697 0.000010
0.000010 0.000010 0.353213 0.000010 0.646747 0.000010
0.000010 0.000010 0.427188 0.000010 0.572772 0.000010
0.000010 0.000010 0.363008 0.000010 0.636952 0.000010
0.000010 0.000010 0.374438 0.000010 0.625522 0.000010
0.000010 0.000010 0.367654 0.000010 0.632306 0.000010
0.000010 0.000010 0.378482 0.000010 0.621478 0.000010
0.000010 0.000017 0.362230 0.000010 0.637723 0.000010
0.000010 0.000010 0.394211 0.000010 0.605749 0.000010
0.000010 0.000010 0.379504 0.000010 0.620456 0.000010
0.000016 0.000010 0.386606 0.000010 0.613348 0.000010
0.000010 0.000010 0.382901 0.000010 0.617059 0.000010
0.000013 0.000010 0.382183 0.000014 0.617771 0.000010
0.000010 0.000010 0.421456 0.000010 0.578504 0.000010
0.000010 0.000010 0.363873 0.000010 0.636087 0.000010
0.000010 0.000010 0.356105 0.000010 0.643855 0.000010
0.000012 0.000010 0.377054 0.000010 0.622904 0.000010
0.000010 0.000010 0.361593 0.000010 0.638367 0.000010
0.000010 0.000010 0.394871 0.000010 0.605089 0.000010
0.000010 0.000013 0.353738 0.000020 0.646210 0.000010
0.000010 0.000010 0.358846 0.000010 0.641114 0.000010
0.000013 0.000014 0.387386 0.000010 0.612567 0.000010
0.000010 0.000010 0.376696 0.000010 0.623264 0.000010
0.000010 0.000010 0.362030 0.000010 0.637930 0.000010
0.000010 0.000010 0.360584 0.000010 0.639376 0.000010
0.000010 0.000010 0.442339 0.000010 0.557621 0.000010
0.000014 0.000010 0.342202 0.000010 0.657754 0.000010
0.000010 0.000010 0.426160 0.000010 0.573800 0.000010
0.000010 0.000010 0.386856 0.000010 0.613104 0.000010
0.000010 0.000010 0.323366 0.000013 0.676590 0.000010
0.000010 0.000010 0.362909 0.000016 0.637045 0.000010
0.000010 0.000010 0.366774 0.000010 0.633186 0.000010
0.000010 0.000010 0.340162 0.000010 0.659798 0.000010
0.000010 0.000010 0.384916 0.000010 0.615044 0.000010
0.000010 0.000010 0.382511 0.000010 0.617449 0.000010
0.000010 0.000010 0.342538 0.000010 0.657422 0.000010
0.080213 0.000010 0.000010 0.750786 0.000010 0.168971
0.176083 0.007084 0.000010 0.605416 0.000010 0.211397
0.075781 0.012726 0.000010 0.793911 0.000010 0.117562
0.000010 0.000010 0.439134 0.000010 0.560826 0.000010
0.000010 0.000010 0.433928 0.000010 0.566032 0.000010
0.000010 0.000018 0.512720 0.000010 0.487232 0.000010
0.000010 0.000010 0.386022 0.000010 0.613938 0.000010
0.000010 0.000010 0.423595 0.000010 0.576365 0.000010
0.000010 0.000010 0.421400 0.000010 0.578560 0.000010
0.000010 0.000010 0.450409 0.000010 0.549551 0.000010
0.000010 0.000010 0.278876 0.000010 0.721084 0.000010
0.000010 0.000010 0.419317 0.000010 0.580643 0.000010
0.000010 0.000010 0.319742 0.000010 0.680218 0.000010
0.000010 0.000010 0.643385 0.001648 0.343991 0.010956
0.000010 0.000010 0.454871 0.000010 0.545089 0.000010
0.000013 0.000010 0.436788 0.000010 0.563169 0.000010
0.000010 0.000010 0.464379 0.000010 0.535581 0.000010
0.000010 0.000010 0.384903 0.000010 0.615057 0.000010
0.000010 0.000010 0.518858 0.000010 0.481102 0.000010
0.000010 0.000010 0.384480 0.000010 0.615480 0.000010
0.000010 0.000020 0.456439 0.000010 0.543512 0.000010
0.000010 0.000010 0.445977 0.000010 0.553983 0.000010
0.000011 0.000010 0.431900 0.000010 0.568059 0.000010
0.000010 0.000015 0.385454 0.000010 0.614501 0.000010
0.000010 0.000010 0.421011 0.000010 0.578949 0.000010
0.000010 0.000010 0.379818 0.000010 0.620142 0.000010
0.000010 0.000015 0.386235 0.000010 0.613719 0.000010
0.031226 0.000010 0.398997 0.019997 0.549760 0.000010
0.000010 0.000010 0.434666 0.000010 0.565294 0.000010
0.000010 0.000010 0.316590 0.000010 0.683370 0.000010
0.000010 0.000010 0.434324 0.000010 0.565636 0.000010
0.000010 0.000010 0.365869 0.000010 0.634091 0.000010
0.000013 0.000010 0.413724 0.000010 0.586233 0.000010
0.000010 0.000010 0.388565 0.000010 0.611395 0.000010
0.000010 0.000010 0.372881 0.000010 0.627079 0.000010
0.000010 0.000010 0.389791 0.000010 0.610169 0.000010
0.152369 0.000010 0.000010 0.710481 0.000010 0.137120
0.167031 0.008394 0.000010 0.665264 0.000010 0.159292
0.070992 0.010374 0.000010 0.789535 0.000010 0.129079
0.078202 0.013259 0.000010 0.735646 0.000010 0.172873
0.000010 0.000010 0.215249 0.000010 0.784711 0.000010
0.000019 0.000011 0.259314 0.000010 0.740635 0.000010
0.000010 0.000010 0.248679 0.000010 0.751281 0.000010
0.000011 0.000010 0.285403 0.000010 0.714556 0.000010
0.000010 0.000010 0.270614 0.000010 0.729346 0.000010
0.000010 0.000010 0.235688 0.000010 0.764272 0.000010
0.000010 0.000010 0.260085 0.000010 0.739875 0.000010
0.000010 0.000010 0.256257 0.000010 0.743703 0.000010
0.000018 0.000010 0.251997 0.000010 0.747955 0.000010
0.000010 0.000010 0.262435 0.000010 0.737525 0.000010
0.000010 0.000010 0.269008 0.000010 0.730952 0.000010
0.000010 0.000010 0.268629 0.000010 0.731331 0.000010
0.000010 0.000010 0.274801 0.000010 0.725159 0.000010
0.000010 0.000010 0.232440 0.000010 0.767520 0.000010
0.000010 0.000015 0.244390 0.000010 0.755565 0.000010
0.000011 0.000010 0.278136 0.000010 0.721823 0.000010
0.000010 0.000019 0.234911 0.000010 0.765041 0.000010
0.000010 0.000010 0.306857 0.000010 0.693103 0.000010
0.000014 0.000010 0.296994 0.000010 0.702962 0.000010
0.000010 0.000010 0.245638 0.000010 0.754322 0.000010
0.000010 0.000010 0.276535 0.000010 0.723425 0.000010
0.000010 0.000010 0.242687 0.000014 0.757270 0.000010
0.000010 0.000010 0.269242 0.000010 0.730718 0.000010
0.000010 0.000010 0.245961 0.000010 0.753999 0.000010
0.000010 0.000010 0.238268 0.000010 0.761692 0.000010
0.000010 0.000010 0.252348 0.000010 0.747612 0.000010
0.019379 0.003084 0.000010 0.896327 0.000010 0.081190
0.048856 0.011850 0.001906 0.802414 0.000010 0.134965
0.104472 0.000010 0.000010 0.672903 0.000010 0.222595
0.055810 0.000010 0.000010 0.833282 0.000010 0.110878
0.075089 0.000010 0.000010 0.808719 0.000010 0.116162
0.050107 0.000010 0.000010 0.894554 0.000010 0.055309
0.118240 0.000010 0.000010 0.719021 0.000010 0.162709
0.053172 0.006070 0.000010 0.880650 0.000010 0.060089
0.090259 0.000010 0.000010 0.669580 0.000010 0.240130
0.000010 0.000010 0.000010 0.000010 0.999950 0.000010
0.000010 0.000010 0.000010 0.000010 0.999950 0.000010
0.000010 0.000010 0.000010 0.000010 0.999950 0.000010
0.000010 0.000010 0.000010 0.000010 0.999950 0.000010
0.000010 0.000010 0.000010 0.000010 0.999950 0.000010
0.000010 0.000010 0.000010 0.000010 0.999950 0.000010
0.000010 0.000010 0.000010 0.000010 0.999950 0.000010
0.000010 0.000010 0.000010 0.000010 0.999950 0.000010
0.000010 0.000010 0.016754 0.000010 0.983206 0.000010
0.000010 0.000010 0.000010 0.000010 0.999950 0.000010
0.000010 0.000010 0.000010 0.000010 0.999950 0.000010
0.000010 0.000010 0.000010 0.000010 0.999950 0.000010
0.000010 0.000010 0.000010 0.000010 0.999950 0.000010
0.000010 0.000010 0.000010 0.000010 0.999950 0.000010
0.082265 0.000010 0.000010 0.818826 0.000010 0.098879
0.113188 0.000010 0.000010 0.732160 0.000010 0.154622
0.228894 0.000010 0.000010 0.627746 0.000010 0.143330
0.210181 0.000010 0.000010 0.583638 0.000010 0.206151
0.219924 0.011647 0.000010 0.584446 0.000010 0.183964
0.056705 0.000010 0.000010 0.759774 0.000010 0.183491
0.124048 0.000012 0.000010 0.761130 0.000010 0.114791
0.130190 0.007844 0.000010 0.699969 0.000010 0.161976
0.090800 0.000010 0.000010 0.785993 0.000010 0.123177
0.068602 0.000010 0.000010 0.783827 0.000010 0.147540
0.346871 0.022179 0.000010 0.491922 0.000010 0.139007
0.175251 0.000010 0.000010 0.701398 0.000010 0.123321
0.066445 0.000010 0.000010 0.789911 0.000010 0.143614
0.079426 0.006045 0.000010 0.755795 0.000010 0.158715
0.079690 0.000010 0.000010 0.745551 0.000010 0.174729
0.048234 0.000010 0.000010 0.781394 0.000010 0.170342
0.076748 0.000010 0.000010 0.769126 0.000010 0.154096
0.074057 0.000010 0.000010 0.756336 0.000010 0.169577
0.089207 0.001594 0.000010 0.853010 0.000010 0.056169
0.195786 0.007259 0.000010 0.603743 0.000010 0.193192
0.159206 0.007058 0.000010 0.697381 0.000010 0.136335
0.085963 0.000010 0.000010 0.687731 0.000010 0.226275
0.202606 0.000010 0.000010 0.619124 0.000010 0.178240
0.091719 0.000010 0.000010 0.735023 0.000010 0.173228
0.125641 0.006473 0.000010 0.742773 0.000010 0.125093
0.127825 0.000210 0.000010 0.673275 0.000010 0.198669
0.175136 0.007265 0.000010 0.696234 0.001756 0.119599
0.145252 0.007595 0.000010 0.688736 0.000010 0.158398
0.255277 0.010097 0.000010 0.601709 0.000010 0.132897
0.132072 0.000010 0.000010 0.732834 0.000010 0.135064
0.112008 0.000010 0.000010 0.746435 0.000010 0.141527
0.089254 0.000010 0.000010 0.738470 0.000010 0.172245
0.093191 0.000010 0.000010 0.760322 0.000010 0.146456
0.146195 0.000010 0.000010 0.673648 0.000010 0.180127
0.166077 0.000010 0.000010 0.688012 0.000010 0.145881
0.076900 0.011721 0.000010 0.781298 0.004488 0.125583
0.076790 0.008970 0.000010 0.829453 0.000010 0.084767
0.226817 0.000010 0.000010 0.639649 0.000010 0.133504
0.644739 0.000010 0.000010 0.279859 0.000010 0.075372
0.128396 0.006229 0.000010 0.713391 0.000010 0.151963
0.112724 0.000010 0.000010 0.720609 0.000010 0.166637
0.009636 0.000010 0.000010 0.912812 0.000010 0.077522
0.000010 0.003592 0.000010 0.686963 0.001175 0.308250
0.054261 0.000010 0.015612 0.811873 0.002807 0.115437
0.039512 0.026810 0.000010 0.614511 0.000010 0.319147
0.065142 0.000010 0.000010 0.690803 0.000010 0.244025
0.133817 0.000010 0.000010 0.554567 0.000010 0.311586
0.089965 0.027776 0.000010 0.601631 0.000010 0.280608
0.053627 0.002899 0.000010 0.679376 0.000010 0.264078
0.052559 0.003723 0.000010 0.660307 0.000010 0.283391
0.018332 0.012280 0.000010 0.799667 0.000010 0.169701
0.115736 0.005634 0.000010 0.635954 0.000010 0.242655
0.089607 0.000499 0.000010 0.616898 0.000010 0.292977
0.015561 0.006830 0.000010 0.594165 0.000010 0.383424
0.170775 0.000010 0.000010 0.506504 0.000010 0.322691
0.034547 0.004489 0.000010 0.656067 0.000010 0.304877
0.182769 0.016725 0.000010 0.414811 0.000010 0.385675
0.051574 0.000010 0.000010 0.675983 0.000010 0.272413
0.095261 0.010316 0.000010 0.423661 0.000010 0.470742
0.182035 0.000010 0.000010 0.634661 0.000010 0.183274
0.095287 0.016875 0.000010 0.715582 0.000010 0.172236
0.091346 0.000010 0.000010 0.781681 0.000010 0.126943
0.225197 0.000010 0.000010 0.619945 0.000010 0.154828
0.027693 0.042668 0.000010 0.862469 0.000010 0.067151
0.117459 0.002838 0.000010 0.710219 0.000010 0.169463
0.181160 0.000010 0.000010 0.662760 0.000010 0.156049
0.061171 0.000011 0.000010 0.881079 0.000010 0.057719
0.058408 0.000010 0.000010 0.819843 0.000010 0.121719
0.085797 0.000010 0.000010 0.743342 0.000010 0.170831
0.069778 0.002983 0.000010 0.711881 0.000010 0.215338
0.134136 0.000010 0.000010 0.701059 0.000010 0.164775
0.116500 0.000010 0.000010 0.708789 0.000010 0.174681
0.178316 0.000010 0.000010 0.554224 0.000010 0.267430
0.200500 0.006321 0.000010 0.557024 0.000010 0.236136
0.150573 0.000010 0.000010 0.613853 0.000010 0.235544
0.087885 0.000010 0.000010 0.690982 0.000010 0.221104
0.061856 0.000010 0.000010 0.778638 0.000010 0.159475
0.182077 0.000010 0.000010 0.653998 0.000010 0.163894
0.042823 0.011880 0.000010 0.846717 0.000010 0.098560
0.095589 0.022157 0.000010 0.737911 0.000010 0.144323
0.114548 0.000010 0.000010 0.757783 0.000010 0.127640
0.683525 0.000010 0.000010 0.234458 0.000010 0.081987
0.495667 0.025606 0.000010 0.411819 0.000010 0.066889
0.193771 0.000010 0.000010 0.622869 0.000010 0.183329
0.115467 0.011341 0.000010 0.760673 0.000010 0.112499
0.074953 0.004973 0.000010 0.589589 0.000010 0.330464
0.015384 0.001224 0.000010 0.692741 0.001200 0.289442
0.046224 0.000010 0.000010 0.712529 0.000010 0.241216
0.167181 0.007674 0.000010 0.526747 0.000010 0.298379
0.000010 0.003816 0.000010 0.802082 0.000010 0.194072
0.000914 0.000010 0.000010 0.680776 0.000010 0.318280
0.023383 0.000010 0.000010 0.832376 0.000553 0.143668
0.138270 0.002312 0.000010 0.531518 0.000010 0.327879
0.070472 0.000010 0.000010 0.651612 0.000010 0.277886
0.071010 0.009821 0.000010 0.655742 0.000010 0.263408
0.175543 0.019140 0.000010 0.481705 0.000010 0.323592
0.004955 0.000010 0.000010 0.954165 0.000010 0.040850
0.000010 0.008105 0.000010 0.605413 0.000010 0.386453
0.009445 0.000010 0.000010 0.700444 0.000010 0.290081
0.021988 0.001984 0.000010 0.704424 0.000010 0.271585
0.061705 0.000010 0.000010 0.700720 0.000010 0.237546
0.242940 0.000010 0.000010 0.611819 0.000010 0.145211
0.106180 0.012717 0.000010 0.680220 0.000010 0.200864
0.104171 0.022031 0.000010 0.680466 0.000010 0.193312
0.149175 0.010485 0.000010 0.645456 0.000010 0.194864
0.230594 0.000010 0.000010 0.600469 0.000010 0.168907
0.087946 0.003695 0.000010 0.814545 0.005206 0.088598
0.128372 0.000010 0.000010 0.735712 0.000010 0.135886
0.112049 0.008827 0.000010 0.708286 0.000010 0.170818
0.126375 0.001267 0.000010 0.777123 0.000010 0.095215
0.103736 0.003825 0.000358 0.690901 0.000283 0.200896
0.000010 0.000010 0.000010 0.999945 0.000015 0.000010
0.000010 0.021513 0.000010 0.362752 0.000010 0.615705
0.351030 0.000193 0.000010 0.412727 0.000010 0.236029
0.022078 0.000010 0.000010 0.545105 0.000010 0.432787
0.053259 0.000010 0.000010 0.703032 0.000010 0.243679
0.034999 0.017634 0.000010 0.537194 0.000010 0.410153
0.072301 0.000010 0.000010 0.508761 0.000010 0.418908
0.000697 0.000010 0.000010 0.687257 0.000010 0.312016
0.025033 0.000010 0.000010 0.768962 0.000010 0.205974
0.014405 0.003937 0.000010 0.799337 0.000010 0.182301
0.054453 0.002917 0.000010 0.619234 0.000010 0.323376
0.010479 0.000010 0.000010 0.675517 0.000010 0.313974
0.041503 0.001203 0.000010 0.693093 0.000010 0.264181
0.054988 0.011008 0.000010 0.678550 0.000010 0.255434
0.123274 0.013821 0.000010 0.612006 0.000010 0.250879
0.174681 0.001353 0.000010 0.491678 0.000010 0.332267
0.144960 0.010996 0.000010 0.551742 0.000010 0.292282
0.109913 0.000010 0.000010 0.617004 0.007007 0.266055
0.122697 0.000010 0.000010 0.336286 0.000010 0.540988
0.034562 0.000010 0.000010 0.629690 0.000010 0.335717
0.005086 0.000010 0.000010 0.712634 0.000010 0.282250
0.135988 0.000010 0.000010 0.543933 0.000010 0.320049
0.100028 0.000010 0.000010 0.574147 0.000010 0.325795
0.032309 0.000010 0.000010 0.560460 0.000010 0.407201
0.025235 0.000010 0.000010 0.716927 0.000010 0.257808
0.060092 0.000010 0.000010 0.694847 0.000010 0.245031
0.047546 0.011438 0.000010 0.794627 0.000010 0.146369
0.280689 0.002481 0.000010 0.405972 0.000010 0.310839
0.163563 0.000010 0.000010 0.632807 0.000010 0.203600
0.211679 0.009734 0.000010 0.625059 0.000010 0.153508
0.077185 0.000010 0.000010 0.776173 0.000010 0.146612
0.170181 0.008362 0.000010 0.607502 0.000010 0.213934
0.164993 0.000010 0.000010 0.658607 0.000010 0.176371
0.167554 0.012838 0.003211 0.624642 0.000010 0.191746
0.172422 0.017658 0.000010 0.636831 0.000010 0.173069
0.092452 0.018374 0.000010 0.771859 0.000010 0.117295
0.082752 0.000010 0.000010 0.676415 0.000010 0.240803
0.135711 0.022244 0.000010 0.643343 0.000010 0.198682
0.136421 0.012430 0.000010 0.665833 0.000010 0.185296
0.112684 0.004670 0.000010 0.599825 0.000010 0.282801
0.026521 0.013108 0.000010 0.703478 0.000010 0.256872
0.036037 0.014141 0.000010 0.411758 0.000010 0.538045
0.007562 0.000011 0.000010 0.866933 0.000010 0.125473
0.010283 0.001170 0.000010 0.940541 0.000010 0.047986
0.000010 0.032323 0.000010 0.533343 0.000010 0.434304
0.043893 0.014548 0.000010 0.337129 0.000010 0.604409
0.087172 0.004158 0.000010 0.595109 0.000010 0.313540
0.060651 0.026439 0.000010 0.654947 0.000010 0.257943
0.024841 0.000010 0.000010 0.550722 0.000010 0.424407
0.042525 0.006049 0.000010 0.535701 0.000010 0.415704
0.030088 0.000010 0.000010 0.536111 0.000010 0.433771
0.177961 0.007163 0.000010 0.422406 0.000010 0.392450
0.289602 0.001994 0.001253 0.386565 0.000010 0.320577
0.183007 0.000010 0.000010 0.470403 0.000010 0.346560
0.007005 0.000010 0.000010 0.780279 0.000010 0.212686
0.015021 0.000010 0.000010 0.779852 0.000010 0.205098
0.034834 0.000010 0.000010 0.808685 0.000010 0.156451
0.025669 0.000010 0.000010 0.832318 0.000010 0.141983
0.357643 0.000413 0.000010 0.366329 0.000010 0.275594
0.026343 0.013658 0.000010 0.577947 0.000010 0.382032
0.148510 0.000010 0.000010 0.696558 0.000010 0.154902
0.015515 0.015670 0.000010 0.843127 0.000010 0.125668
0.005428 0.000010 0.000010 0.817206 0.000010 0.177336
0.021865 0.000010 0.000010 0.760929 0.000010 0.217176
0.092759 0.002554 0.000010 0.467630 0.000010 0.437037
0.115361 0.003749 0.000010 0.474935 0.000010 0.405935
0.033404 0.000010 0.000010 0.573610 0.000010 0.392955
0.039845 0.000010 0.000010 0.586900 0.000010 0.373225
0.021009 0.013112 0.000010 0.965849 0.000010 0.000010
0.022049 0.000010 0.000010 0.977911 0.000010 0.000010
0.008788 0.000010 0.000010 0.991172 0.000010 0.000010
0.010292 0.000010 0.000010 0.984778 0.000010 0.004900
0.012944 0.001439 0.000010 0.985585 0.000013 0.000010
0.010896 0.000010 0.000010 0.989064 0.000010 0.000010
0.011766 0.000010 0.000010 0.988194 0.000010 0.000010
0.005884 0.000010 0.000010 0.994076 0.000010 0.000010
0.000011 0.000010 0.000010 0.999949 0.000010 0.000010
0.006177 0.000010 0.000010 0.993783 0.000010 0.000010
0.000010 0.000010 0.000010 0.999950 0.000010 0.000010
0.000010 0.000010 0.000010 0.999950 0.000010 0.000010
0.000010 0.000010 0.000010 0.999950 0.000010 0.000010
0.000010 0.000010 0.000010 0.999950 0.000010 0.000010
0.000010 0.000010 0.000010 0.999950 0.000010 0.000010
0.000010 0.000010 0.000010 0.999950 0.000010 0.000010
0.009951 0.000010 0.000010 0.990009 0.000010 0.000010
0.014739 0.000010 0.000010 0.985221 0.000010 0.000010
0.028971 0.003536 0.000010 0.967463 0.000010 0.000010
0.017914 0.000010 0.000010 0.982046 0.000010 0.000010
0.019761 0.000010 0.000010 0.980199 0.000010 0.000010
0.013736 0.000010 0.000010 0.986224 0.000010 0.000010
0.007688 0.000010 0.000010 0.992272 0.000010 0.000010
0.000010 0.000010 0.000010 0.999950 0.000010 0.000010
0.061901 0.000010 0.000010 0.696176 0.000010 0.241893
0.385083 0.000010 0.000010 0.364929 0.000010 0.249957
0.232434 0.029366 0.000010 0.385255 0.000010 0.352925
0.000010 0.001865 0.000010 0.267033 0.000010 0.731071
0.000010 0.023558 0.000010 0.477520 0.000010 0.498893
0.000010 0.000010 0.000010 0.288829 0.000010 0.711131
0.000010 0.000010 0.000010 0.000010 0.000010 0.999950
0.057777 0.002814 0.000010 0.471140 0.000010 0.468249
0.000010 0.000010 0.000010 0.348346 0.000010 0.651614
0.000010 0.799504 0.000010 0.198668 0.000010 0.001799
0.000010 0.775462 0.000010 0.218921 0.000010 0.005587
0.000010 0.770583 0.000010 0.226819 0.000010 0.002568
0.000010 0.719847 0.000010 0.280113 0.000010 0.000010
0.000010 0.000010 0.068094 0.000010 0.931866 0.000010
0.000010 0.026435 0.021204 0.000010 0.952332 0.000010
0.000010 0.004232 0.018215 0.000010 0.973955 0.003579
0.000010 0.012796 0.028208 0.000010 0.958966 0.000010
0.000010 0.020085 0.048194 0.000010 0.931691 0.000010
0.000010 0.000010 0.063082 0.000010 0.936878 0.000010
0.013477 0.001502 0.000010 0.981975 0.000010 0.003026
0.014882 0.000010 0.000010 0.985078 0.000010 0.000010
0.005384 0.000010 0.000010 0.994576 0.000010 0.000010
0.008928 0.000010 0.000010 0.991032 0.000010 0.000010
0.007074 0.008849 0.000010 0.984047 0.000010 0.000010
0.013623 0.000010 0.000010 0.986337 0.000010 0.000010
0.011138 0.000010 0.000010 0.988822 0.000010 0.000010
0.017990 0.000010 0.000010 0.981970 0.000010 0.000010
0.000815 0.011907 0.000010 0.987247 0.000010 0.000010
0.000013 0.009797 0.000018 0.990153 0.000010 0.000010
0.008419 0.000010 0.000010 0.991541 0.000010 0.000010
0.008247 0.004343 0.000010 0.972932 0.000010 0.014458
0.006644 0.006512 0.000010 0.986814 0.000010 0.000010
0.018113 0.000010 0.000010 0.981847 0.000010 0.000010
0.011049 0.000010 0.000010 0.988911 0.000010 0.000010
0.019859 0.001107 0.000010 0.974936 0.004078 0.000010
0.003476 0.001553 0.000010 0.993514 0.000010 0.001436
0.014164 0.019046 0.000010 0.965204 0.001565 0.000010
0.051893 0.012689 0.000010 0.932318 0.003080 0.000010
0.033115 0.015916 0.000010 0.950939 0.000010 0.000010
0.000010 0.000010 0.000010 0.999950 0.000010 0.000010
0.000010 0.000010 0.000010 0.998362 0.001598 0.000010
0.022810 0.007858 0.000010 0.969303 0.000010 0.000010
0.040322 0.000010 0.000010 0.959638 0.000010 0.000010
0.005462 0.007687 0.000010 0.986821 0.000010 0.000010
0.000010 0.000010 0.000010 0.996937 0.000010 0.003023
0.000010 0.000010 0.000010 0.999950 0.000010 0.000010
0.000010 0.000010 0.000010 0.999950 0.000010 0.000010
0.000010 0.000010 0.000010 0.999950 0.000010 0.000010
0.000010 0.000010 0.000010 0.999950 0.000010 0.000010
0.005414 0.000010 0.000010 0.994546 0.000010 0.000010
0.006552 0.000010 0.000010 0.993408 0.000010 0.000010
0.000010 0.000010 0.000010 0.999950 0.000010 0.000010
0.000010 0.000010 0.000010 0.999950 0.000010 0.000010
0.018231 0.000010 0.000010 0.981729 0.000010 0.000010
0.012493 0.001072 0.000010 0.986406 0.000010 0.000010
0.045241 0.000010 0.000010 0.954719 0.000010 0.000010
0.044894 0.003774 0.000010 0.951301 0.000010 0.000010
0.025519 0.007779 0.000010 0.966672 0.000010 0.000010
0.018360 0.000010 0.000010 0.981600 0.000010 0.000010
0.000010 0.000010 0.000010 0.999950 0.000010 0.000010
0.000010 0.000010 0.000010 0.999950 0.000010 0.000010
0.021629 0.010949 0.000010 0.967392 0.000010 0.000010
0.017839 0.000010 0.000010 0.982121 0.000010 0.000010
0.007307 0.008051 0.000010 0.984612 0.000010 0.000010
0.014247 0.003345 0.000010 0.982378 0.000010 0.000010
0.020234 0.000010 0.000010 0.979726 0.000010 0.000010
0.016397 0.013547 0.000010 0.970027 0.000010 0.000010
0.004875 0.000010 0.000010 0.995085 0.000010 0.000010
0.005615 0.000010 0.000013 0.994342 0.000010 0.000010
0.011410 0.002130 0.000010 0.981944 0.004497 0.000010
0.019820 0.000010 0.000010 0.980140 0.000010 0.000010
0.000587 0.005826 0.000010 0.993556 0.000010 0.000010
0.001928 0.000010 0.000010 0.998032 0.000010 0.000010
0.015779 0.004663 0.000010 0.979528 0.000010 0.000010
0.034950 0.023012 0.000010 0.942009 0.000010 0.000010
0.015646 0.011432 0.000010 0.972892 0.000010 0.000010
0.019702 0.007578 0.000010 0.972690 0.000010 0.000010
0.013199 0.000010 0.000010 0.986761 0.000010 0.000010
0.000010 0.000010 0.000010 0.999950 0.000010 0.000010
0.000010 0.009346 0.000010 0.990614 0.000010 0.000010
0.000010 0.000010 0.000010 0.999950 0.000010 0.000010
0.000010 0.000010 0.000010 0.999950 0.000010 0.000010
0.000010 0.000010 0.000010 0.999950 0.000010 0.000010
0.000010 0.000010 0.000010 0.999950 0.000010 0.000010
0.000010 0.000016 0.000010 0.999944 0.000010 0.000010
0.015250 0.000010 0.000010 0.984710 0.000010 0.000010
0.011978 0.000010 0.000010 0.987982 0.000010 0.000010
0.000010 0.005745 0.000010 0.994215 0.000010 0.000010
0.000010 0.000086 0.000010 0.999874 0.000010 0.000010
0.000010 0.000010 0.000010 0.999950 0.000010 0.000010
0.000010 0.001745 0.000010 0.998215 0.000010 0.000010
0.000010 0.000010 0.000010 0.999950 0.000010 0.000010
0.000010 0.000010 0.000010 0.000010 0.999950 0.000010
0.000010 0.000010 0.000010 0.000010 0.999950 0.000010
0.000010 0.000010 0.000010 0.000010 0.999950 0.000010
0.000010 0.000010 0.000010 0.000010 0.999950 0.000010
0.000010 0.000010 0.321287 0.000010 0.678673 0.000010
0.000010 0.000010 0.000010 0.000010 0.999950 0.000010
0.000010 0.000010 0.000010 0.000010 0.999950 0.000010
0.000010 0.000010 0.000010 0.000010 0.999950 0.000010
0.000010 0.000010 0.017079 0.000010 0.982881 0.000010
0.000010 0.000010 0.000010 0.000010 0.999950 0.000010
0.000010 0.000010 0.000010 0.000010 0.999950 0.000010
0.000010 0.000010 0.000010 0.000010 0.999950 0.000010
0.000010 0.000010 0.000010 0.000010 0.999950 0.000010
0.000010 0.000010 0.000010 0.000010 0.999950 0.000010
0.000010 0.000010 0.000010 0.000010 0.999950 0.000010
0.000010 0.000010 0.000010 0.000010 0.999950 0.000010
0.000010 0.000010 0.000010 0.000010 0.999950 0.000010
0.000010 0.000010 0.000010 0.000010 0.999950 0.000010
0.000010 0.000010 0.001157 0.000010 0.998803 0.000010
0.000010 0.000010 0.000010 0.000010 0.999950 0.000010
0.000010 0.000010 0.000010 0.000010 0.999950 0.000010
0.000010 0.000010 0.000010 0.000010 0.999950 0.000010
0.000010 0.004835 0.074177 0.000010 0.920958 0.000010
0.000010 0.000011 0.008978 0.000010 0.990982 0.000010
0.000010 0.007383 0.033904 0.000010 0.958683 0.000010
0.000010 0.000011 0.019175 0.000010 0.980785 0.000010
0.000010 0.015598 0.062342 0.000010 0.922029 0.000010
0.000010 0.017688 0.038343 0.000010 0.943939 0.000010
0.000010 0.030101 0.030267 0.000010 0.939602 0.000010
0.000010 0.019024 0.000010 0.000010 0.980936 0.000010
0.000010 0.012978 0.060585 0.000010 0.926408 0.000010
0.000010 0.024610 0.000010 0.000010 0.975350 0.000010
0.000010 0.008210 0.086388 0.000017 0.905364 0.000010
0.000010 0.001534 0.018818 0.000010 0.979618 0.000010
0.000010 0.003693 0.029079 0.000010 0.962459 0.004749
0.000010 0.004738 0.000010 0.000010 0.991773 0.003460
0.000010 0.020605 0.072015 0.000010 0.907350 0.000010
0.000010 0.007946 0.041902 0.000010 0.950122 0.000010
0.000010 0.000010 0.044534 0.000010 0.955426 0.000010
0.000010 0.000010 0.054936 0.000010 0.945024 0.000010
0.000010 0.000010 0.000010 0.000010 0.999950 0.000010
0.000010 0.013882 0.069955 0.000010 0.916133 0.000010
0.000010 0.012489 0.093204 0.000010 0.894277 0.000010
0.000010 0.000010 0.046182 0.000010 0.953778 0.000010
0.000010 0.009974 0.085197 0.000010 0.904799 0.000010
0.000010 0.000010 0.051673 0.000010 0.948287 0.000010
0.000010 0.023746 0.000010 0.000010 0.976214 0.000010
0.000010 0.015950 0.045778 0.000010 0.938242 0.000010
0.000010 0.005160 0.000010 0.000010 0.994800 0.000010
0.000010 0.000011 0.008318 0.000010 0.991641 0.000010
0.000010 0.000437 0.012361 0.000010 0.987172 0.000010
0.000010 0.025474 0.021181 0.000010 0.953315 0.000010
0.000010 0.012003 0.088790 0.000010 0.899178 0.000010
0.000010 0.004872 0.047604 0.000010 0.947495 0.000010
0.000010 0.011493 0.068910 0.000010 0.919567 0.000010
0.000010 0.019723 0.042953 0.000010 0.937294 0.000010
0.839377 0.000010 0.000010 0.156669 0.003924 0.000010
0.543952 0.339774 0.000010 0.058197 0.053992 0.004075
0.960728 0.000010 0.000010 0.039232 0.000010 0.000010
0.854288 0.002305 0.000010 0.143377 0.000010 0.000010
0.946336 0.000010 0.000010 0.053624 0.000010 0.000010
0.887912 0.001973 0.000010 0.110085 0.000010 0.000010
0.973271 0.000010 0.000010 0.026689 0.000010 0.000010
0.878342 0.005569 0.000010 0.114699 0.000010 0.001370
0.047168 0.000010 0.000010 0.162921 0.000010 0.789881
0.121723 0.000010 0.000010 0.268471 0.000010 0.609776
0.914319 0.000010 0.000010 0.085641 0.000010 0.000010
0.976005 0.003663 0.000010 0.017170 0.000010 0.003141
0.906583 0.002859 0.000010 0.090526 0.000011 0.000010
0.851394 0.000010 0.000010 0.141739 0.000010 0.006837
0.927624 0.015882 0.000010 0.056464 0.000010 0.000010
0.000010 0.000010 0.000010 0.061745 0.000010 0.938215
0.000010 0.000010 0.000010 0.172023 0.000010 0.827937
0.000010 0.000010 0.000010 0.000010 0.000010 0.999950
0.000010 0.000010 0.000010 0.174045 0.000010 0.825915
0.000010 0.000010 0.000010 0.000010 0.000010 0.999950
0.104802 0.000010 0.000010 0.107526 0.060919 0.726733
0.000010 0.000010 0.000010 0.000010 0.000010 0.999950
0.000010 0.000010 0.000010 0.000010 0.000010 0.999950
0.000010 0.000010 0.000010 0.132948 0.000010 0.867012
0.090294 0.000013 0.000010 0.183545 0.046639 0.679499
0.000010 0.000010 0.000010 0.208803 0.000010 0.791157
0.000010 0.000010 0.000010 0.000010 0.000010 0.999950
0.000010 0.000010 0.000010 0.158683 0.000010 0.841277
0.048787 0.000010 0.000010 0.069719 0.000010 0.881464
0.000010 0.000010 0.000010 0.087739 0.000010 0.912221
0.000010 0.000010 0.145033 0.066355 0.244251 0.544340
0.000010 0.000010 0.000010 0.161674 0.000010 0.838286
0.012387 0.022645 0.000010 0.300895 0.000010 0.664053
0.159743 0.022124 0.000010 0.062324 0.053395 0.702405
0.037194 0.015460 0.000010 0.035494 0.000010 0.911833
0.000010 0.000010 0.000010 0.000010 0.000010 0.999950
0.000010 0.000010 0.000010 0.031801 0.000010 0.968159
0.000010 0.000010 0.000010 0.000873 0.000010 0.999087
0.931671 0.000010 0.000010 0.068289 0.000010 0.000010
0.860423 0.000010 0.000010 0.136306 0.000010 0.003241
0.000010 0.000010 0.000010 0.000010 0.000010 0.999950
0.078957 0.017819 0.000010 0.265824 0.000010 0.637380
0.000010 0.000010 0.000010 0.313698 0.000010 0.686262
0.000010 0.000010 0.000010 0.000010 0.000010 0.999950
0.000010 0.000010 0.000010 0.293475 0.000010 0.706485
0.148822 0.000010 0.000010 0.237692 0.000010 0.613456
0.001712 0.006088 0.000010 0.113520 0.000010 0.878660
0.000010 0.000010 0.000010 0.000010 0.000010 0.999950
0.000010 0.008813 0.000010 0.261993 0.000010 0.729164
0.000010 0.000010 0.000010 0.144677 0.000010 0.855283
0.000010 0.007219 0.000010 0.235613 0.000010 0.757139
0.000010 0.029270 0.000010 0.180770 0.000010 0.789930
0.000010 0.000010 0.000010 0.160185 0.000010 0.839775
0.924421 0.001109 0.000010 0.074441 0.000010 0.000010
0.871567 0.000010 0.000010 0.128393 0.000010 0.000010
0.556676 0.000010 0.000010 0.443284 0.000010 0.000010
0.855034 0.006995 0.000010 0.137941 0.000010 0.000010
0.921864 0.000010 0.000010 0.071456 0.006650 0.000010
0.000010 0.011923 0.000010 0.193633 0.000010 0.794414
0.000010 0.009593 0.000010 0.009212 0.000010 0.981165
0.000010 0.000010 0.000010 0.042936 0.000010 0.957024
0.000010 0.005705 0.000010 0.155370 0.000010 0.838894
0.000010 0.000010 0.000010 0.114480 0.000010 0.885480
0.000010 0.000010 0.000010 0.092744 0.000010 0.907216
0.844014 0.000010 0.000010 0.155946 0.000010 0.000010
0.834935 0.000010 0.000010 0.165025 0.000010 0.000010
0.920969 0.000010 0.000010 0.078991 0.000010 0.000010
0.966807 0.005732 0.000010 0.026444 0.000010 0.000998
0.866947 0.000010 0.000010 0.133013 0.000010 0.000010
0.000010 0.099843 0.000010 0.000010 0.900117 0.000010
0.000010 0.029039 0.018745 0.000010 0.952185 0.000010
0.000010 0.006817 0.073901 0.000010 0.919252 0.000010
0.000010 0.016212 0.003918 0.000010 0.979840 0.000010
0.000010 0.000010 0.000010 0.000010 0.999950 0.000010
0.000010 0.000010 0.037527 0.000010 0.962433 0.000010
0.000010 0.000010 0.044568 0.000010 0.955392 0.000010
0.000010 0.008771 0.011675 0.000010 0.979524 0.000010
