0.997005 0.000010 0.000010 0.002975
0.984969 0.000010 0.000010 0.015011
0.996152 0.000010 0.000010 0.003828
0.999970 0.000010 0.000010 0.000010
0.999970 0.000010 0.000010 0.000010
0.999970 0.000010 0.000010 0.000010
0.999967 0.000013 0.000010 0.000010
0.999970 0.000010 0.000010 0.000010
0.982683 0.000010 0.000010 0.017297
0.993342 0.000010 0.000010 0.006638
0.996337 0.000010 0.000010 0.003643
0.999970 0.000010 0.000010 0.000010
0.987167 0.000010 0.000010 0.012813
0.984749 0.000010 0.000010 0.015231
0.990904 0.000010 0.000010 0.009076
0.999970 0.000010 0.000010 0.000010
0.991983 0.000012 0.000010 0.007995
0.999970 0.000010 0.000010 0.000010
0.999970 0.000010 0.000010 0.000010
0.999438 0.000010 0.000010 0.000542
0.995894 0.000010 0.000010 0.004086
0.999970 0.000010 0.000010 0.000010
0.991895 0.000010 0.000010 0.008085
0.999970 0.000010 0.000010 0.000010
0.991239 0.000010 0.000010 0.008741
0.996100 0.000010 0.000010 0.003880
0.999970 0.000010 0.000010 0.000010
0.999970 0.000010 0.000010 0.000010
0.986036 0.000010 0.000010 0.013944
0.988446 0.000010 0.000010 0.011534
0.980267 0.000010 0.000010 0.019713
0.999970 0.000010 0.000010 0.000010
0.999970 0.000010 0.000010 0.000010
0.996118 0.000010 0.000010 0.003862
0.999970 0.000010 0.000010 0.000010
0.999451 0.000010 0.000010 0.000529
0.999970 0.000010 0.000010 0.000010
0.999970 0.000010 0.000010 0.000010
0.986523 0.000010 0.000010 0.013457
0.989214 0.000010 0.000010 0.010766
0.996383 0.000010 0.000010 0.003597
0.993930 0.000010 0.000010 0.006050
0.992621 0.000010 0.000010 0.007359
0.991904 0.000010 0.000010 0.008076
0.999970 0.000010 0.000010 0.000010
0.990718 0.000010 0.000010 0.009262
0.988495 0.000010 0.000010 0.011485
0.999970 0.000010 0.000010 0.000010
0.999970 0.000010 0.000010 0.000010
0.997942 0.000010 0.000010 0.002038
0.999970 0.000010 0.000010 0.000010
0.999970 0.000010 0.000010 0.000010
0.934551 0.000010 0.065429 0.000010
0.946816 0.000010 0.053164 0.000010
0.958548 0.000010 0.041432 0.000010
0.935731 0.000010 0.064249 0.000010
0.926015 0.000010 0.071410 0.002565
0.936101 0.000010 0.058689 0.005200
0.938573 0.000010 0.061407 0.000010
0.936913 0.000010 0.063067 0.000010
0.925080 0.000010 0.036858 0.038051
0.935162 0.000010 0.061928 0.002900
0.941635 0.000010 0.049714 0.008641
0.930127 0.000010 0.065622 0.004242
0.945344 0.000010 0.054636 0.000010
0.927042 0.000010 0.072938 0.000010
0.949092 0.000010 0.050888 0.000010
0.947557 0.000010 0.052423 0.000010
0.934709 0.000010 0.044514 0.020767
0.999970 0.000010 0.000010 0.000010
0.999970 0.000010 0.000010 0.000010
0.993288 0.000010 0.000010 0.006692
0.995443 0.000010 0.000010 0.004537
0.999970 0.000010 0.000010 0.000010
0.999970 0.000010 0.000010 0.000010
0.996071 0.000010 0.000010 0.003909
0.994444 0.000010 0.000010 0.005536
0.999970 0.000010 0.000010 0.000010
0.992446 0.000010 0.000010 0.007534
0.993904 0.000010 0.000010 0.006076
0.994155 0.000010 0.000010 0.005825
0.998545 0.000010 0.000010 0.001435
0.993766 0.000010 0.000010 0.006214
0.995062 0.000010 0.000010 0.004918
0.994917 0.000010 0.000010 0.005063
0.999265 0.000010 0.000010 0.000715
0.999970 0.000010 0.000010 0.000010
0.999970 0.000010 0.000010 0.000010
0.992471 0.000010 0.000010 0.007509
0.994767 0.000010 0.000010 0.005213
0.999970 0.000010 0.000010 0.000010
0.999970 0.000010 0.000010 0.000010
0.999970 0.000010 0.000010 0.000010
0.999970 0.000010 0.000010 0.000010
0.999970 0.000010 0.000010 0.000010
0.999970 0.000010 0.000010 0.000010
0.999681 0.000010 0.000010 0.000299
0.991438 0.000010 0.000010 0.008542
0.999970 0.000010 0.000010 0.000010
0.999970 0.000010 0.000010 0.000010
0.938271 0.000010 0.051431 0.010288
0.927139 0.000010 0.063214 0.009637
0.962179 0.000010 0.037801 0.000010
0.931271 0.000010 0.056709 0.012009
0.916639 0.000010 0.070202 0.013149
0.906122 0.000010 0.080721 0.013146
0.951413 0.000010 0.048567 0.000010
0.960055 0.000010 0.038548 0.001387
0.958194 0.000010 0.039723 0.002073
0.943305 0.000010 0.056675 0.000010
0.969943 0.000010 0.030037 0.000010
0.937838 0.000010 0.055335 0.006817
0.945138 0.000010 0.054842 0.000010
0.936251 0.000010 0.059435 0.004303
0.934300 0.000010 0.062623 0.003066
0.944423 0.000010 0.055557 0.000010
0.931947 0.000010 0.068033 0.000010
0.924795 0.000010 0.044646 0.030549
0.919651 0.000010 0.057087 0.023251
0.931131 0.000010 0.045849 0.023011
0.959054 0.000010 0.034614 0.006322
0.929849 0.000010 0.070131 0.000010
0.947507 0.000010 0.052473 0.000010
0.959679 0.000010 0.040301 0.000010
0.970059 0.000010 0.029921 0.000010
0.940299 0.000010 0.059681 0.000010
0.941950 0.000010 0.058030 0.000010
0.957613 0.000010 0.042367 0.000010
0.940284 0.000010 0.052396 0.007310
0.947134 0.000010 0.052846 0.000010
0.933911 0.000010 0.066069 0.000010
0.925320 0.000010 0.071447 0.003224
0.943234 0.000010 0.056746 0.000010
0.936785 0.000010 0.063195 0.000010
0.941325 0.000010 0.058655 0.000010
0.940622 0.000010 0.059358 0.000010
0.957411 0.000010 0.042569 0.000010
0.953292 0.000010 0.044391 0.002307
0.949144 0.000010 0.050836 0.000010
0.944612 0.000010 0.055368 0.000010
0.936307 0.000010 0.053243 0.010440
0.964766 0.000010 0.035214 0.000010
0.952689 0.000010 0.047291 0.000010
0.930987 0.000010 0.068993 0.000010
0.964025 0.000010 0.035955 0.000010
0.943486 0.000010 0.042912 0.013592
0.942522 0.000010 0.048583 0.008885
0.913308 0.000010 0.029527 0.057155
0.934154 0.000010 0.065826 0.000010
0.934876 0.000010 0.065104 0.000010
0.980604 0.000010 0.019376 0.000010
0.941852 0.000010 0.058128 0.000010
0.953243 0.000010 0.046737 0.000010
0.940420 0.000010 0.052344 0.007227
0.958729 0.000010 0.022843 0.018418
0.942894 0.000010 0.057086 0.000010
0.940951 0.000010 0.059029 0.000010
0.958024 0.000010 0.041956 0.000010
0.944612 0.000010 0.055368 0.000010
0.956008 0.000010 0.043972 0.000010
0.924774 0.000010 0.075206 0.000010
0.960550 0.000010 0.036017 0.003424
0.931442 0.000010 0.068538 0.000010
0.939596 0.000010 0.049716 0.010678
0.954309 0.000010 0.045671 0.000010
0.933247 0.000010 0.066733 0.000010
0.938923 0.000010 0.045162 0.015905
0.942140 0.000010 0.057840 0.000010
0.935722 0.000010 0.064258 0.000010
0.936827 0.000010 0.063153 0.000010
0.940226 0.000010 0.059754 0.000010
0.953058 0.000010 0.046922 0.000010
0.928348 0.000010 0.071632 0.000010
0.940941 0.000010 0.059039 0.000010
0.967853 0.000010 0.032127 0.000010
0.944313 0.000010 0.055667 0.000010
0.959967 0.000010 0.038141 0.001882
0.973024 0.000010 0.026956 0.000010
0.953686 0.000010 0.046294 0.000010
0.939171 0.000010 0.060809 0.000010
0.933858 0.000010 0.066122 0.000010
0.946106 0.000010 0.053874 0.000010
0.000010 0.000010 0.999970 0.000010
0.000010 0.000010 0.999970 0.000010
0.000010 0.000010 0.999970 0.000010
0.000010 0.000010 0.999970 0.000010
0.000010 0.000010 0.999970 0.000010
0.000010 0.000010 0.999970 0.000010
0.000010 0.000010 0.999970 0.000010
0.000010 0.000010 0.999970 0.000010
0.000010 0.000010 0.999970 0.000010
0.000010 0.000010 0.999970 0.000010
0.000017 0.000010 0.999963 0.000010
0.000010 0.000010 0.999970 0.000010
0.000010 0.000010 0.999970 0.000010
0.000010 0.000010 0.999970 0.000010
0.000010 0.000010 0.999970 0.000010
0.000010 0.000010 0.999970 0.000010
0.000010 0.000010 0.999970 0.000010
0.000010 0.000010 0.999970 0.000010
0.000010 0.000010 0.999970 0.000010
0.000010 0.000010 0.999970 0.000010
0.000010 0.000010 0.999970 0.000010
0.000010 0.000010 0.999970 0.000010
0.000010 0.000010 0.999970 0.000010
0.000010 0.000010 0.999970 0.000010
0.000010 0.000010 0.999970 0.000010
0.000010 0.000010 0.999970 0.000010
0.000010 0.000010 0.999970 0.000010
0.000010 0.000010 0.999970 0.000010
0.000010 0.000010 0.999970 0.000010
0.000013 0.000010 0.999967 0.000010
0.000010 0.000010 0.999970 0.000010
0.000010 0.000010 0.999970 0.000010
0.000015 0.000010 0.999965 0.000010
0.000010 0.000010 0.999970 0.000010
0.000011 0.000010 0.999969 0.000010
0.000010 0.000010 0.999970 0.000010
0.000010 0.000010 0.999970 0.000010
0.000013 0.000010 0.999967 0.000010
0.000010 0.000010 0.999970 0.000010
0.000010 0.000010 0.999970 0.000010
0.000010 0.000010 0.999970 0.000010
0.819056 0.081275 0.099659 0.000010
0.699429 0.176979 0.123582 0.000010
0.845901 0.078081 0.053494 0.022524
0.000010 0.000010 0.999970 0.000010
0.000010 0.000010 0.999970 0.000010
0.000010 0.000010 0.999970 0.000010
0.000010 0.000010 0.999970 0.000010
0.000010 0.000010 0.999970 0.000010
0.000010 0.000010 0.999970 0.000010
0.000010 0.000010 0.999970 0.000010
0.000010 0.000010 0.999970 0.000010
0.000010 0.000010 0.999970 0.000010
0.000010 0.000010 0.999970 0.000010
0.011288 0.000010 0.988050 0.000652
0.000010 0.000010 0.999970 0.000010
0.000010 0.000010 0.999970 0.000010
0.000010 0.000010 0.999970 0.000010
0.000010 0.000010 0.999970 0.000010
0.000010 0.000010 0.999970 0.000010
0.000010 0.000010 0.999970 0.000010
0.000010 0.000010 0.999970 0.000010
0.000010 0.000010 0.999970 0.000010
0.000010 0.000010 0.999970 0.000010
0.000010 0.000010 0.999970 0.000010
0.000010 0.000010 0.999970 0.000010
0.000010 0.000010 0.999970 0.000010
0.000010 0.000010 0.999970 0.000010
0.020559 0.031519 0.947913 0.000010
0.000010 0.000010 0.999970 0.000010
0.000010 0.000010 0.999970 0.000010
0.000010 0.000010 0.999970 0.000010
0.000010 0.000010 0.999970 0.000010
0.000015 0.000010 0.999965 0.000010
0.000010 0.000010 0.999970 0.000010
0.000010 0.000010 0.999970 0.000010
0.000010 0.000010 0.999970 0.000010
0.770820 0.154241 0.072557 0.002381
0.737859 0.167967 0.089213 0.004962
0.844552 0.071618 0.072960 0.010870
0.813245 0.080521 0.095506 0.010727
0.000010 0.000010 0.999970 0.000010
0.000010 0.000010 0.999970 0.000010
0.000010 0.000010 0.999970 0.000010
0.000010 0.000010 0.999970 0.000010
0.000010 0.000010 0.999970 0.000010
0.000010 0.000010 0.999970 0.000010
0.000010 0.000010 0.999970 0.000010
0.000010 0.000010 0.999970 0.000010
0.000010 0.000010 0.999970 0.000010
0.000010 0.000010 0.999970 0.000010
0.000010 0.000010 0.999970 0.000010
0.000010 0.000010 0.999970 0.000010
0.000010 0.000010 0.999970 0.000010
0.000010 0.000010 0.999970 0.000010
0.000010 0.000010 0.999970 0.000010
0.000014 0.000010 0.999966 0.000010
0.000010 0.000010 0.999970 0.000010
0.000010 0.000010 0.999970 0.000010
0.000010 0.000010 0.999970 0.000010
0.000010 0.000010 0.999970 0.000010
0.000010 0.000010 0.999970 0.000010
0.000020 0.000010 0.999960 0.000010
0.000010 0.000010 0.999970 0.000010
0.000013 0.000010 0.999967 0.000010
0.000010 0.000010 0.999970 0.000010
0.000010 0.000010 0.999970 0.000010
0.928424 0.020114 0.044384 0.007078
0.856387 0.050599 0.084568 0.008446
0.767027 0.105774 0.127189 0.000010
0.880701 0.057514 0.061775 0.000010
0.861029 0.077056 0.061905 0.000010
0.914887 0.051256 0.019299 0.014557
0.791091 0.119961 0.088937 0.000010
0.900422 0.054093 0.019987 0.025498
0.766773 0.091719 0.141498 0.000010
0.000010 0.000010 0.999970 0.000010
0.000010 0.000010 0.999970 0.000010
0.000010 0.000010 0.999970 0.000010
0.000010 0.000010 0.999970 0.000010
0.000010 0.000010 0.986628 0.013352
0.000010 0.000010 0.999970 0.000010
0.000010 0.000010 0.999970 0.000010
0.000010 0.000010 0.999970 0.000010
0.000010 0.000010 0.999678 0.000302
0.000010 0.000010 0.999970 0.000010
0.000010 0.000010 0.999970 0.000010
0.000010 0.000010 0.999970 0.000010
0.000010 0.000010 0.999970 0.000010
0.000010 0.000010 0.999970 0.000010
0.864298 0.084336 0.051357 0.000010
0.808713 0.116709 0.074568 0.000010
0.698532 0.231656 0.069802 0.000010
0.669152 0.210022 0.120817 0.000010
0.662050 0.220090 0.117851 0.000010
0.846920 0.059475 0.093595 0.000010
0.809072 0.125532 0.065386 0.000010
0.769028 0.132015 0.089261 0.009696
0.833479 0.092014 0.074497 0.000010
0.844076 0.070371 0.085543 0.000010
0.557639 0.347607 0.077093 0.017661
0.754989 0.176623 0.068378 0.000010
0.853335 0.067584 0.079071 0.000010
0.825161 0.081506 0.086706 0.006627
0.818168 0.080933 0.100889 0.000010
0.859116 0.050605 0.090269 0.000010
0.842905 0.079145 0.077940 0.000010
0.831527 0.076822 0.091641 0.000010
0.869886 0.090326 0.018445 0.021342
0.691512 0.196881 0.111597 0.000010
0.755946 0.160816 0.077662 0.005576
0.786583 0.087962 0.125445 0.000010
0.694190 0.202450 0.103350 0.000010
0.810496 0.093766 0.095728 0.000010
0.791084 0.126240 0.077780 0.004895
0.754716 0.128988 0.116287 0.000010
0.749486 0.177012 0.067634 0.005868
0.760053 0.147131 0.083308 0.009509
0.661380 0.256397 0.078518 0.003705
0.792486 0.133734 0.073216 0.000564
0.807768 0.113272 0.078950 0.000010
0.816876 0.090585 0.092528 0.000010
0.827093 0.095428 0.077469 0.000010
0.754331 0.148410 0.097249 0.000010
0.756350 0.168339 0.075302 0.000010
0.828626 0.077956 0.085069 0.008348
0.859698 0.077471 0.046978 0.015853
0.704032 0.229297 0.066661 0.000010
0.316634 0.646523 0.036833 0.000010
0.781432 0.130416 0.085570 0.002581
0.791620 0.114168 0.094202 0.000010
0.949083 0.011020 0.035908 0.003988
0.800500 0.010323 0.189167 0.000010
0.867619 0.056164 0.076207 0.000010
0.760166 0.042631 0.197194 0.000010
0.805039 0.069439 0.120799 0.004722
0.679457 0.134486 0.186047 0.000010
0.726035 0.092500 0.173541 0.007924
0.796174 0.057980 0.145836 0.000010
0.782407 0.055744 0.161840 0.000010
0.875569 0.020388 0.097651 0.006393
0.738117 0.117045 0.144828 0.000010
0.734113 0.091044 0.174833 0.000010
0.748851 0.022836 0.228302 0.000010
0.640514 0.171670 0.187805 0.000010
0.786165 0.038640 0.175184 0.000010
0.580421 0.183173 0.236396 0.000010
0.798255 0.054591 0.147144 0.000010
0.611668 0.096848 0.291474 0.000010
0.709328 0.182321 0.108341 0.000010
0.792747 0.097131 0.096674 0.013449
0.835397 0.093176 0.064159 0.007268
0.685543 0.226570 0.087877 0.000010
0.884583 0.028525 0.031254 0.055638
0.785724 0.119029 0.095237 0.000010
0.732746 0.182919 0.084325 0.000010
0.897471 0.062141 0.027675 0.012712
0.872541 0.059733 0.067717 0.000010
0.818767 0.087348 0.093875 0.000010
0.796167 0.070037 0.133786 0.000010
0.774113 0.135746 0.090130 0.000010
0.790244 0.119021 0.090725 0.000010
0.664346 0.178437 0.157207 0.000010
0.659465 0.201517 0.139008 0.000010
0.708725 0.150425 0.140840 0.000010
0.783406 0.089478 0.127106 0.000010
0.856541 0.064767 0.078682 0.000010
0.728109 0.183524 0.088357 0.000010
0.886631 0.043630 0.047641 0.022097
0.797236 0.096710 0.084413 0.021641
0.817868 0.117289 0.064832 0.000010
0.269168 0.683602 0.047220 0.000010
0.437855 0.496457 0.034282 0.031406
0.695378 0.193394 0.111218 0.000010
0.807744 0.116732 0.054453 0.021070
0.722002 0.076440 0.201548 0.000010
0.809964 0.019334 0.170692 0.000010
0.815158 0.048424 0.136408 0.000010
0.648239 0.168125 0.183626 0.000010
0.885507 0.002288 0.112195 0.000010
0.809128 0.014177 0.176685 0.000010
0.887983 0.024876 0.087131 0.000010
0.664730 0.138732 0.196528 0.000010
0.769392 0.073583 0.157015 0.000010
0.770510 0.073126 0.156354 0.000010
0.618736 0.175049 0.206205 0.000010
0.967316 0.006092 0.010985 0.015607
0.757866 0.009274 0.232850 0.000010
0.824387 0.018022 0.157581 0.000010
0.815117 0.026394 0.158479 0.000010
0.801057 0.063225 0.135708 0.000010
0.676698 0.244982 0.078311 0.000010
0.771484 0.108813 0.112229 0.007474
0.764452 0.105984 0.122640 0.006924
0.735935 0.151237 0.110055 0.002773
0.676623 0.232106 0.091261 0.000010
0.845394 0.088823 0.054824 0.010959
0.795038 0.130417 0.069349 0.005197
0.784488 0.114311 0.089677 0.011524
0.815786 0.127899 0.041709 0.014606
0.773908 0.104367 0.121715 0.000010
0.999970 0.000010 0.000010 0.000010
0.597258 0.012429 0.390303 0.000010
0.506946 0.349183 0.143860 0.000010
0.712094 0.028644 0.259252 0.000010
0.801735 0.055879 0.142376 0.000010
0.702583 0.040246 0.257162 0.000010
0.673475 0.074228 0.252286 0.000010
0.813344 0.012520 0.174125 0.000010
0.853955 0.028122 0.117912 0.000010
0.880246 0.017030 0.102715 0.000010
0.759344 0.057101 0.183545 0.000010
0.795582 0.016353 0.188055 0.000010
0.800449 0.044079 0.155462 0.000010
0.788619 0.057377 0.153993 0.000010
0.723702 0.125276 0.151012 0.000010
0.617152 0.173939 0.208898 0.000010
0.679182 0.145900 0.174908 0.000010
0.721631 0.109930 0.168429 0.000010
0.539549 0.122098 0.338343 0.000010
0.767685 0.038265 0.194040 0.000010
0.828755 0.011696 0.159538 0.000010
0.669511 0.135740 0.194739 0.000010
0.703003 0.100662 0.196325 0.000010
0.718409 0.036042 0.245539 0.000010
0.832620 0.030208 0.137162 0.000010
0.799141 0.062590 0.138259 0.000010
0.856269 0.049098 0.077532 0.017101
0.535445 0.280321 0.184223 0.000010
0.723943 0.165180 0.110868 0.000010
0.695302 0.213246 0.091442 0.000010
0.842147 0.079350 0.078493 0.000010
0.707209 0.172518 0.118906 0.001366
0.739976 0.166227 0.092052 0.001746
0.711571 0.169689 0.118730 0.000010
0.715811 0.174131 0.096468 0.013590
0.820338 0.093917 0.064607 0.021138
0.785084 0.085584 0.129322 0.000010
0.730900 0.137281 0.122030 0.009789
0.748632 0.138538 0.105207 0.007623
0.720578 0.114802 0.164610 0.000010
0.812949 0.028329 0.158712 0.000010
0.623051 0.044278 0.332661 0.000010
0.924315 0.008727 0.066948 0.000010
0.952141 0.011137 0.011105 0.025617
0.709915 0.014926 0.275149 0.000010
0.583008 0.051446 0.365536 0.000010
0.716863 0.088110 0.195017 0.000010
0.768673 0.063024 0.168293 0.000010
0.716776 0.032346 0.250868 0.000010
0.700221 0.045120 0.254648 0.000010
0.713278 0.035705 0.251007 0.000010
0.578611 0.177293 0.244087 0.000010
0.505611 0.285872 0.208507 0.000010
0.614471 0.184071 0.201448 0.000010
0.867865 0.012837 0.119288 0.000010
0.869564 0.019511 0.110915 0.000010
0.878589 0.037384 0.080022 0.004005
0.900245 0.027959 0.071786 0.000010
0.482897 0.356522 0.160572 0.000010
0.734290 0.033752 0.231948 0.000010
0.761886 0.149190 0.088914 0.000010
0.897130 0.016660 0.064123 0.022087
0.896806 0.010090 0.093094 0.000010
0.849865 0.024080 0.126045 0.000010
0.638133 0.094643 0.267214 0.000010
0.633812 0.114207 0.251971 0.000010
0.736283 0.040106 0.223601 0.000010
0.736529 0.043403 0.220058 0.000010
0.948863 0.020404 0.000010 0.030723
0.965247 0.021513 0.000010 0.013230
0.976552 0.008327 0.000010 0.015111
0.984018 0.010859 0.000010 0.005113
0.975509 0.011600 0.000010 0.012881
0.979492 0.010189 0.000010 0.010308
0.988182 0.011798 0.000010 0.000010
0.981142 0.005327 0.000010 0.013521
0.994086 0.000956 0.000010 0.004948
0.993931 0.006049 0.000010 0.000010
0.999970 0.000010 0.000010 0.000010
0.999970 0.000010 0.000010 0.000010
0.999970 0.000010 0.000010 0.000010
0.999970 0.000010 0.000010 0.000010
0.999970 0.000010 0.000010 0.000010
0.999970 0.000010 0.000010 0.000010
0.983152 0.009597 0.000010 0.007240
0.981739 0.014983 0.000010 0.003269
0.953174 0.028403 0.000010 0.018414
0.981661 0.018319 0.000010 0.000010
0.967829 0.019643 0.000010 0.012518
0.974134 0.014084 0.000010 0.011771
0.994064 0.005916 0.000010 0.000010
0.996827 0.000010 0.000010 0.003153
0.797389 0.062931 0.139669 0.000010
0.466387 0.381841 0.151762 0.000010
0.542501 0.234278 0.223212 0.000010
0.541274 0.001655 0.457061 0.000010
0.676028 0.012025 0.311937 0.000010
0.563134 0.000010 0.436846 0.000010
0.368475 0.000011 0.631505 0.000010
0.662310 0.060404 0.277276 0.000010
0.596604 0.008797 0.394589 0.000010
0.194484 0.000010 0.000010 0.805496
0.215375 0.000010 0.000010 0.784605
0.224080 0.000010 0.000010 0.775900
0.271566 0.000010 0.000010 0.728414
0.000010 0.000010 0.984652 0.015328
0.000010 0.000010 0.962124 0.037856
0.000010 0.000010 0.980106 0.019874
0.000010 0.000010 0.973527 0.026453
0.000010 0.000010 0.970980 0.029000
0.000010 0.000010 0.986559 0.013421
0.972341 0.012965 0.000010 0.014684
0.972452 0.015306 0.000010 0.012232
0.980572 0.004204 0.000010 0.015214
0.989809 0.010171 0.000010 0.000010
0.973517 0.006360 0.000010 0.020113
0.985521 0.014185 0.000010 0.000285
0.988386 0.011594 0.000010 0.000010
0.975967 0.018519 0.000010 0.005503
0.974760 0.001174 0.000010 0.024056
0.974832 0.000996 0.000010 0.024162
0.975517 0.008212 0.000010 0.016260
0.968976 0.007508 0.000010 0.023507
0.972535 0.006426 0.000010 0.021029
0.981561 0.018419 0.000010 0.000010
0.983288 0.011181 0.000010 0.005521
0.962192 0.020372 0.000010 0.017426
0.978862 0.002002 0.000010 0.019126
0.947213 0.013675 0.000010 0.039101
0.917252 0.051864 0.000010 0.030875
0.937291 0.032677 0.000010 0.030022
0.999789 0.000010 0.000010 0.000191
0.986464 0.000010 0.000010 0.013516
0.950979 0.022306 0.000010 0.026705
0.949366 0.040105 0.000010 0.010519
0.973235 0.004127 0.000010 0.022628
0.993099 0.000010 0.000010 0.006881
0.999970 0.000010 0.000010 0.000010
0.997710 0.000010 0.000010 0.002270
0.999970 0.000010 0.000010 0.000010
0.999970 0.000010 0.000010 0.000010
0.994578 0.005402 0.000010 0.000010
0.989969 0.006183 0.000010 0.003838
0.999970 0.000010 0.000010 0.000010
0.995808 0.000010 0.000010 0.004172
0.972081 0.017964 0.000010 0.009945
0.973945 0.011568 0.000010 0.014477
0.949793 0.045595 0.000010 0.004602
0.938506 0.045103 0.000010 0.016381
0.952762 0.025368 0.000010 0.021860
0.964311 0.017383 0.000010 0.018296
0.999970 0.000010 0.000010 0.000010
0.999970 0.000010 0.000010 0.000010
0.950896 0.021043 0.000010 0.028051
0.965796 0.018010 0.000010 0.016184
0.973934 0.006933 0.000010 0.019123
0.966572 0.014308 0.000010 0.019111
0.978970 0.021010 0.000010 0.000010
0.952943 0.015950 0.000010 0.031097
0.993817 0.006163 0.000010 0.000010
0.993783 0.006197 0.000010 0.000010
0.967058 0.010910 0.000010 0.022022
0.969628 0.019951 0.000010 0.010411
0.981193 0.000015 0.000010 0.018782
0.983392 0.001977 0.000010 0.014621
0.967958 0.015532 0.000010 0.016500
0.930395 0.034620 0.000010 0.034975
0.961504 0.015231 0.000010 0.023254
0.959869 0.019179 0.000010 0.020941
0.986941 0.013039 0.000010 0.000010
0.999970 0.000010 0.000010 0.000010
0.977770 0.000010 0.000010 0.022210
0.992519 0.000010 0.000010 0.007461
0.987964 0.000010 0.000010 0.012016
0.982297 0.000010 0.000010 0.017683
0.995189 0.000010 0.000010 0.004791
0.983625 0.001236 0.000010 0.015129
0.970193 0.014984 0.000010 0.014813
0.984191 0.012267 0.000010 0.003532
0.979485 0.000010 0.000010 0.020495
0.989813 0.000010 0.000010 0.010167
0.999970 0.000010 0.000010 0.000010
0.985089 0.000010 0.000010 0.014891
0.989288 0.000010 0.000010 0.010692
0.000010 0.000010 0.999970 0.000010
0.000010 0.000010 0.999168 0.000812
0.000010 0.000010 0.999970 0.000010
0.000010 0.000010 0.999970 0.000010
0.000010 0.000010 0.999970 0.000010
0.000010 0.000010 0.999970 0.000010
0.000010 0.000010 0.999970 0.000010
0.000010 0.000010 0.999970 0.000010
0.000010 0.000010 0.999970 0.000010
0.000010 0.000010 0.999970 0.000010
0.000010 0.000010 0.999970 0.000010
0.000010 0.000010 0.999970 0.000010
0.000010 0.000010 0.993691 0.006289
0.000010 0.000010 0.999970 0.000010
0.000010 0.000010 0.999970 0.000010
0.000010 0.000010 0.999970 0.000010
0.000010 0.000010 0.999970 0.000010
0.000010 0.000010 0.999970 0.000010
0.000010 0.000010 0.999970 0.000010
0.000010 0.000010 0.990991 0.008989
0.000010 0.000010 0.999970 0.000010
0.000010 0.000010 0.999970 0.000010
0.000010 0.000010 0.980234 0.019746
0.000010 0.000010 0.980435 0.019545
0.000010 0.000010 0.977561 0.022419
0.000010 0.000010 0.987705 0.012275
0.000010 0.000010 0.972449 0.027531
0.000010 0.000010 0.971496 0.028484
0.000010 0.000010 0.959643 0.040337
0.000010 0.000010 0.969540 0.030440
0.000010 0.000010 0.974520 0.025460
0.000010 0.000010 0.962590 0.037390
0.000010 0.000010 0.978977 0.021003
0.000010 0.000010 0.986055 0.013925
0.000010 0.000010 0.976672 0.023308
0.000010 0.000010 0.976747 0.023233
0.000010 0.000010 0.969448 0.030532
0.000010 0.000010 0.978587 0.021393
0.000010 0.000010 0.989470 0.010510
0.000010 0.000010 0.990768 0.009212
0.000010 0.000010 0.988121 0.011859
0.000010 0.000010 0.974451 0.025529
0.000010 0.000010 0.979534 0.020446
0.000010 0.000010 0.989912 0.010068
0.000010 0.000010 0.979131 0.020849
0.000010 0.000010 0.994764 0.005216
0.000010 0.000010 0.965747 0.034233
0.000010 0.000010 0.971319 0.028661
0.000010 0.000010 0.975503 0.024477
0.000010 0.000010 0.986144 0.013836
0.000010 0.000010 0.983743 0.016237
0.000010 0.000010 0.966011 0.033969
0.000010 0.000010 0.976137 0.023843
0.000010 0.000010 0.977603 0.022377
0.000010 0.000010 0.974839 0.025141
0.000010 0.000010 0.968697 0.031283
0.155416 0.840094 0.001010 0.003481
0.057891 0.544107 0.054314 0.343688
0.038777 0.961203 0.000010 0.000010
0.137664 0.854017 0.000010 0.008308
0.053090 0.946890 0.000010 0.000010
0.106453 0.887830 0.000010 0.005707
0.026396 0.973584 0.000010 0.000010
0.113568 0.878481 0.000010 0.007941
0.462932 0.051942 0.485116 0.000010
0.506094 0.121671 0.372225 0.000010
0.082591 0.914599 0.000010 0.002800
0.018648 0.976298 0.000010 0.005043
0.087652 0.906420 0.000010 0.005918
0.146892 0.853088 0.000010 0.000010
0.055443 0.927958 0.000010 0.016589
0.426133 0.008256 0.565600 0.000010
0.494791 0.003238 0.501961 0.000010
0.345386 0.000010 0.654594 0.000010
0.479416 0.000011 0.520563 0.000010
0.367375 0.000010 0.632605 0.000010
0.380419 0.105524 0.514047 0.000010
0.329018 0.000012 0.670960 0.000010
0.369825 0.000010 0.630155 0.000010
0.476242 0.000010 0.523738 0.000010
0.432280 0.093705 0.474005 0.000010
0.513715 0.000010 0.486265 0.000010
0.322225 0.000011 0.677754 0.000010
0.485476 0.009262 0.505252 0.000010
0.388954 0.057493 0.553544 0.000010
0.435497 0.005144 0.559349 0.000010
0.262304 0.006631 0.731055 0.000010
0.472516 0.005931 0.521543 0.000010
0.553636 0.027081 0.419273 0.000010
0.336748 0.158764 0.504479 0.000010
0.378564 0.047057 0.574369 0.000010
0.337268 0.016731 0.645990 0.000010
0.392522 0.011913 0.595556 0.000010
0.387360 0.000010 0.612620 0.000010
0.068087 0.931893 0.000010 0.000010
0.135197 0.861036 0.000010 0.003757
0.324794 0.000010 0.675186 0.000010
0.520600 0.082296 0.397094 0.000010
0.571411 0.007323 0.421256 0.000010
0.346923 0.003895 0.649172 0.000010
0.561833 0.000010 0.438147 0.000010
0.468511 0.147036 0.384443 0.000010
0.434305 0.026100 0.539584 0.000010
0.351407 0.000010 0.648573 0.000010
0.538394 0.008736 0.452860 0.000010
0.472914 0.001618 0.525459 0.000010
0.526639 0.007615 0.465736 0.000010
0.487482 0.021765 0.490743 0.000010
0.469855 0.003926 0.526208 0.000010
0.071673 0.924524 0.000010 0.003793
0.127576 0.872404 0.000010 0.000010
0.440693 0.557818 0.000010 0.001479
0.135659 0.855339 0.000010 0.008993
0.071944 0.922575 0.005471 0.000010
0.488953 0.014779 0.496258 0.000010
0.385339 0.000010 0.614641 0.000010
0.414776 0.000010 0.585204 0.000010
0.476490 0.002426 0.521074 0.000010
0.448921 0.003104 0.547965 0.000010
0.428145 0.007492 0.564353 0.000010
0.155159 0.844821 0.000010 0.000010
0.164381 0.835599 0.000010 0.000010
0.078224 0.921756 0.000010 0.000010
0.026563 0.966943 0.000010 0.006483
0.132099 0.867881 0.000010 0.000010
0.000010 0.000010 0.892480 0.107500
0.000010 0.000010 0.961394 0.038586
0.000010 0.000010 0.977584 0.022396
0.000010 0.000010 0.970357 0.029623
0.000010 0.000010 0.987731 0.012249
0.000010 0.000010 0.986104 0.013876
0.000010 0.000010 0.999970 0.000010
0.000010 0.000010 0.977386 0.022594
0.000010 0.000010 0.999970 0.000010
0.000010 0.000010 0.999970 0.000010
0.000010 0.000010 0.990972 0.009008
0.000010 0.000010 0.972332 0.027648
0.000010 0.000010 0.971487 0.028493
0.000010 0.000010 0.975671 0.024309
0.000010 0.000010 0.970896 0.029084
0.000010 0.000010 0.971921 0.028059
0.000010 0.000010 0.986469 0.013511
0.022953 0.975353 0.000010 0.001684
0.027757 0.972223 0.000010 0.000010
0.058595 0.936856 0.000010 0.004539
0.129300 0.870680 0.000010 0.000010
0.000010 0.000010 0.977052 0.022928
0.000010 0.000010 0.944115 0.055865
0.000010 0.000010 0.986128 0.013852
0.000010 0.000010 0.974026 0.025954
0.000010 0.000010 0.983775 0.016205
0.000010 0.000010 0.954432 0.045548
0.000010 0.000010 0.976475 0.023505
0.000010 0.000010 0.961774 0.038206
0.000010 0.000010 0.984556 0.015424
0.000010 0.000010 0.963101 0.036879
0.000010 0.000010 0.986923 0.013057
0.000010 0.000010 0.992814 0.007166
0.000010 0.000010 0.977793 0.022187
0.000010 0.000010 0.976253 0.023727
0.000010 0.000010 0.988088 0.011892
0.000010 0.000010 0.975382 0.024598
0.000010 0.000010 0.978802 0.021178
0.000010 0.000010 0.965896 0.034084
0.000010 0.000010 0.973556 0.026424
0.000010 0.000010 0.987063 0.012917
0.544435 0.010897 0.444657 0.000010
0.516338 0.114326 0.369326 0.000010
0.056643 0.935615 0.000010 0.007732
0.392362 0.000010 0.607618 0.000010
0.361945 0.000010 0.638035 0.000010
0.035788 0.964192 0.000010 0.000010
0.154938 0.832070 0.003139 0.009854
0.073473 0.926507 0.000010 0.000010
0.000010 0.000010 0.975454 0.024526
0.000010 0.000010 0.967425 0.032555
0.000010 0.000010 0.975601 0.024379
0.000010 0.000010 0.991122 0.008858
0.000010 0.000010 0.993137 0.006843
0.000010 0.000010 0.969696 0.030284
0.000010 0.000010 0.973334 0.026646
0.000010 0.000010 0.902623 0.097357
0.000010 0.000010 0.974674 0.025306
0.000010 0.000010 0.985763 0.014217
0.000010 0.000010 0.965427 0.034553
0.000010 0.000010 0.985392 0.014588
0.000010 0.000010 0.974351 0.025629
0.000010 0.000010 0.981763 0.018217
0.000010 0.000010 0.975089 0.024891
0.000010 0.000010 0.978199 0.021781
0.072559 0.000010 0.890495 0.036936
0.174988 0.817684 0.000010 0.007317
0.064159 0.933248 0.000010 0.002582
0.413888 0.000010 0.586092 0.000010
0.381380 0.000010 0.618600 0.000010
0.000010 0.000010 0.998010 0.001970
0.000010 0.000010 0.997609 0.002371
0.000010 0.000010 0.995368 0.004612
0.000010 0.000010 0.999970 0.000010
0.000010 0.000010 0.999970 0.000010
0.000010 0.000010 0.999514 0.000466
0.000010 0.000010 0.995192 0.004788
0.000010 0.000010 0.984322 0.015658
0.000010 0.000010 0.999970 0.000010
0.000010 0.000010 0.999970 0.000010
0.000010 0.000010 0.999884 0.000096
0.000010 0.000010 0.999970 0.000010
0.000010 0.000010 0.999970 0.000010
0.000010 0.000010 0.999970 0.000010
0.000010 0.000010 0.999970 0.000010
0.000010 0.000010 0.999970 0.000010
0.000010 0.000010 0.999970 0.000010
0.000010 0.000010 0.993803 0.006177
0.000010 0.000010 0.999970 0.000010
0.000010 0.000010 0.999970 0.000010
0.999970 0.000010 0.000010 0.000010
0.999838 0.000010 0.000010 0.000142
0.967056 0.000017 0.000010 0.032917
0.981443 0.002165 0.000010 0.016382
0.970891 0.000010 0.000010 0.029089
0.986128 0.000010 0.000010 0.013852
0.984549 0.000010 0.000010 0.015431
0.981461 0.000010 0.000010 0.018519
0.985413 0.014567 0.000010 0.000010
0.980195 0.016539 0.000010 0.003256
0.974606 0.007248 0.000010 0.018136
0.973623 0.011999 0.000010 0.014368
0.972614 0.015704 0.000010 0.011671
0.912403 0.009390 0.000010 0.078198
0.544899 0.015068 0.440023 0.000010
0.633875 0.008033 0.358082 0.000010
0.063300 0.929037 0.000010 0.007652
0.215941 0.773980 0.010069 0.000010
0.337395 0.000010 0.662585 0.000010
0.437302 0.004091 0.558597 0.000010
0.375254 0.000011 0.624725 0.000010
0.357165 0.004625 0.638200 0.000010
0.332881 0.004704 0.662406 0.000010
0.313878 0.000010 0.686102 0.000010
0.348444 0.251696 0.399850 0.000010
0.355593 0.000010 0.644387 0.000010
0.540004 0.000010 0.459976 0.000010
0.382185 0.007178 0.610627 0.000010
0.038065 0.961915 0.000010 0.000010
0.206348 0.788120 0.000010 0.005522
0.199173 0.792593 0.000010 0.008224
0.150118 0.844144 0.000010 0.005728
0.454395 0.012746 0.532849 0.000010
0.496099 0.007560 0.496330 0.000010
0.347518 0.000015 0.652457 0.000010
0.420652 0.000010 0.579328 0.000010
0.417264 0.000010 0.582716 0.000010
0.456550 0.004431 0.539010 0.000010
0.047982 0.940117 0.000010 0.011891
0.112312 0.887668 0.000010 0.000010
0.088269 0.904371 0.000010 0.007350
0.063551 0.933866 0.002573 0.000010
0.120794 0.879186 0.000010 0.000010
0.049435 0.949736 0.000010 0.000819
0.039688 0.943238 0.000010 0.017064
0.108283 0.879993 0.000010 0.011714
0.069154 0.929943 0.000010 0.000893
0.012040 0.974372 0.005722 0.007866
0.095658 0.893075 0.000010 0.011258
0.087912 0.912068 0.000010 0.000010
0.224449 0.762348 0.000010 0.013194
0.120124 0.875774 0.000010 0.004092
0.019679 0.980301 0.000010 0.000010
0.219457 0.779839 0.000010 0.000694
0.530084 0.071043 0.398864 0.000010
0.437465 0.005542 0.556982 0.000010
0.000010 0.000010 0.989100 0.010880
0.000010 0.000010 0.999970 0.000010
0.000010 0.000010 0.995310 0.004670
0.000010 0.000010 0.999970 0.000010
0.000010 0.000010 0.999970 0.000010
0.000010 0.000010 0.999970 0.000010
0.000010 0.000010 0.999970 0.000010
0.000010 0.000010 0.998782 0.001198
0.000010 0.000010 0.999970 0.000010
0.000010 0.000010 0.999970 0.000010
0.000010 0.000010 0.999970 0.000010
0.000014 0.000010 0.999966 0.000010
0.000010 0.000010 0.999970 0.000010
0.000010 0.000010 0.999970 0.000010
0.000010 0.000010 0.999970 0.000010
0.000010 0.000010 0.990015 0.009965
0.000010 0.000010 0.999539 0.000441
0.000010 0.000010 0.999970 0.000010
0.000010 0.000010 0.999970 0.000010
0.000010 0.000010 0.999970 0.000010
0.000010 0.000010 0.999970 0.000010
0.000010 0.000010 0.999970 0.000010
0.000010 0.000010 0.994372 0.005608
0.000010 0.000010 0.998214 0.001766
0.000010 0.000010 0.999970 0.000010
0.000010 0.000010 0.999970 0.000010
0.000010 0.000010 0.999970 0.000010
0.000010 0.000010 0.995695 0.004285
0.000010 0.000010 0.999970 0.000010
0.000010 0.000010 0.999970 0.000010
0.000012 0.000010 0.999968 0.000010
0.057053 0.924604 0.000143 0.018199
0.415644 0.583409 0.000010 0.000936
0.554095 0.059866 0.386029 0.000010
0.077799 0.915945 0.000010 0.006246
0.089676 0.909354 0.000010 0.000961
0.103463 0.879223 0.000010 0.017304
0.043229 0.948071 0.000010 0.008690
0.004898 0.983389 0.002560 0.009153
0.160285 0.833802 0.000010 0.005903
0.054570 0.945410 0.000010 0.000010
0.072985 0.926995 0.000010 0.000010
0.125667 0.851808 0.000010 0.022515
0.000010 0.991040 0.000010 0.008940
0.030649 0.952649 0.000010 0.016692
0.000010 0.999970 0.000010 0.000010
0.000010 0.999970 0.000010 0.000010
0.054394 0.932680 0.000010 0.012915
0.069975 0.930005 0.000010 0.000010
0.143676 0.846582 0.000010 0.009732
0.128880 0.871100 0.000010 0.000010
0.093769 0.906211 0.000010 0.000010
0.077522 0.906475 0.008242 0.007761
0.100140 0.899840 0.000010 0.000010
0.258939 0.741041 0.000010 0.000010
0.118664 0.881316 0.000010 0.000010
0.248828 0.000010 0.000010 0.751152
0.178524 0.000010 0.000010 0.821456
0.219428 0.000010 0.000010 0.780552
0.284969 0.000010 0.007925 0.707096
0.073513 0.926467 0.000010 0.000010
0.045647 0.948866 0.000010 0.005477
0.216069 0.782714 0.000010 0.001207
0.166607 0.823477 0.000010 0.009906
0.094995 0.900679 0.000010 0.004316
0.068886 0.922694 0.000010 0.008411
0.061506 0.938474 0.000010 0.000010
0.000010 0.000010 0.976786 0.023194
0.000010 0.000010 0.999970 0.000010
0.000010 0.000010 0.970396 0.029584
0.000010 0.000010 0.965199 0.034781
0.173839 0.822881 0.000010 0.003271
0.032938 0.960849 0.000010 0.006203
0.166149 0.813269 0.000010 0.020572
0.087063 0.910117 0.000010 0.002810
0.064605 0.925468 0.000010 0.009917
0.028893 0.968636 0.000010 0.002461
0.111114 0.888866 0.000010 0.000010
0.095542 0.889249 0.000010 0.015199
0.042618 0.936809 0.000010 0.020563
0.081064 0.900798 0.000010 0.018128
0.010345 0.967466 0.000010 0.022179
0.000010 0.994493 0.000010 0.005487
0.026465 0.971472 0.000010 0.002053
0.000010 0.987317 0.000010 0.012663
0.000010 0.990860 0.000010 0.009120
0.018058 0.979580 0.000010 0.002353
0.037157 0.958763 0.000010 0.004070
0.195293 0.804687 0.000010 0.000010
0.141584 0.858396 0.000010 0.000010
0.004212 0.984848 0.000010 0.010930
0.000010 0.989897 0.000010 0.010083
0.004770 0.990118 0.000010 0.005102
0.000010 0.983722 0.000010 0.016258
0.010223 0.984568 0.000010 0.005200
0.000010 0.980523 0.000010 0.019457
0.019118 0.966295 0.007718 0.006869
0.003976 0.984013 0.000010 0.012002
0.246017 0.000010 0.000010 0.753963
0.107815 0.000010 0.011567 0.880608
0.124797 0.000010 0.000010 0.875183
0.185245 0.000010 0.000010 0.814735
0.238231 0.000010 0.000010 0.761749
0.000010 0.982647 0.000010 0.017333
0.000010 0.991415 0.000010 0.008565
0.042739 0.957241 0.000010 0.000010
0.047230 0.952750 0.000010 0.000010
0.023537 0.976443 0.000010 0.000010
0.000010 0.990534 0.000010 0.009446
0.000010 0.999970 0.000010 0.000010
0.000010 0.992914 0.000010 0.007066
0.000010 0.996826 0.000010 0.003154
0.001620 0.988024 0.000010 0.010347
0.020871 0.979109 0.000010 0.000010
0.013860 0.986120 0.000010 0.000010
0.013987 0.984466 0.000010 0.001537
0.008502 0.984405 0.000010 0.007083
0.000010 0.985766 0.000010 0.014214
0.000010 0.992157 0.000010 0.007823
0.281872 0.014352 0.016297 0.687480
0.303629 0.000010 0.000010 0.696351
0.197711 0.000010 0.000010 0.802269
0.220131 0.000010 0.000010 0.779849
0.287066 0.000010 0.000010 0.712914
0.286458 0.000010 0.000010 0.713522
0.170396 0.000010 0.000010 0.829584
0.164109 0.000010 0.006868 0.829012
0.199111 0.000010 0.000010 0.800869
0.201183 0.000010 0.000010 0.798797
0.007691 0.984997 0.000010 0.007302
0.016378 0.978960 0.004652 0.000010
0.006750 0.993230 0.000010 0.000010
0.032204 0.967776 0.000010 0.000010
0.019358 0.975772 0.000010 0.004860
0.000010 0.989736 0.000010 0.010244
0.249225 0.000010 0.000010 0.750755
0.272223 0.000010 0.000010 0.727757
0.066876 0.000010 0.000010 0.933104
0.052393 0.000010 0.000010 0.947587
0.008581 0.000010 0.000010 0.991399
0.036928 0.000010 0.010908 0.952154
0.285704 0.000010 0.000010 0.714276
0.274007 0.000010 0.000010 0.725973
0.274641 0.007633 0.000010 0.717716
0.172481 0.000010 0.002330 0.825179
0.235829 0.000010 0.000010 0.764151
0.251904 0.000010 0.000010 0.748076
0.241662 0.000010 0.000010 0.758318
0.019908 0.962314 0.000010 0.017768
0.000010 0.992141 0.000377 0.007472
0.003029 0.990786 0.000496 0.005689
0.000010 0.999970 0.000010 0.000010
0.010655 0.980375 0.000010 0.008960
0.007658 0.991974 0.000010 0.000358
0.044969 0.000010 0.011009 0.944012
0.038023 0.000010 0.002865 0.959103
0.027428 0.000010 0.000010 0.972552
0.011040 0.000010 0.018082 0.970869
0.149318 0.000010 0.000010 0.850662
0.205001 0.000010 0.000010 0.794979
0.254913 0.000010 0.000037 0.745040
0.240935 0.000010 0.000771 0.758284
0.256797 0.000010 0.000010 0.743183
0.000010 0.996775 0.000010 0.003205
0.001245 0.987418 0.000010 0.011328
0.000010 0.982718 0.000010 0.017262
0.021817 0.978163 0.000010 0.000010
0.012914 0.987066 0.000010 0.000010
0.000010 0.995833 0.000010 0.004147
0.003063 0.984973 0.000010 0.011955
0.000010 0.996725 0.000010 0.003255
0.000010 0.997991 0.000010 0.001989
0.111584 0.000010 0.000010 0.888396
0.044425 0.000010 0.006299 0.949266
0.038614 0.000010 0.002089 0.959287
0.056243 0.000010 0.000010 0.943737
0.026591 0.000010 0.000601 0.972798
0.038423 0.000010 0.000010 0.961557
0.000010 0.000010 0.000010 0.999970
0.032122 0.000010 0.005223 0.962645
0.038522 0.000010 0.009543 0.951925
0.031370 0.000010 0.005807 0.962813
0.000010 0.000010 0.000010 0.999970
0.000010 0.000010 0.000010 0.999970
0.000010 0.991409 0.000010 0.008571
0.000543 0.986630 0.000010 0.012817
0.000010 0.999970 0.000010 0.000010
0.000010 0.999970 0.000010 0.000010
0.026291 0.973689 0.000010 0.000010
0.015491 0.979847 0.000010 0.004652
0.075520 0.924460 0.000010 0.000010
0.011558 0.985090 0.003342 0.000010
0.000010 0.987375 0.000010 0.012605
0.004914 0.991819 0.000010 0.003257
0.018536 0.979305 0.000010 0.002149
0.007801 0.974574 0.000010 0.017615
0.000010 0.999970 0.000010 0.000010
0.000010 0.994230 0.003230 0.002530
0.002501 0.982186 0.000010 0.015303
0.000516 0.988276 0.000010 0.011198
0.008915 0.983704 0.000010 0.007372
0.031853 0.957514 0.010623 0.000010
0.019392 0.980588 0.000010 0.000010
0.016986 0.976965 0.000010 0.006039
0.000010 0.994943 0.000010 0.005037
0.006441 0.985629 0.000010 0.007920
0.000010 0.983008 0.000010 0.016972
0.000010 0.986526 0.000010 0.013454
0.001081 0.986645 0.000010 0.012264
0.000010 0.987634 0.000010 0.012346
0.005800 0.989180 0.000010 0.005010
0.000010 0.997057 0.000010 0.002923
0.012220 0.984156 0.000010 0.003614
0.000423 0.979615 0.000010 0.019952
0.000010 0.978790 0.000010 0.021190
0.000010 0.992757 0.000010 0.007223
0.005830 0.982034 0.000010 0.012126
0.000196 0.984889 0.000010 0.014905
0.013535 0.980877 0.000010 0.005579
0.000010 0.988700 0.000010 0.011280
0.000010 0.990225 0.000010 0.009755
0.000010 0.999970 0.000010 0.000010
0.000010 0.999970 0.000010 0.000010
0.000010 0.999970 0.000010 0.000010
0.000010 0.999970 0.000010 0.000010
0.000010 0.999970 0.000010 0.000010
0.000010 0.999970 0.000010 0.000010
0.000010 0.999970 0.000010 0.000010
0.000010 0.999970 0.000010 0.000010
0.000010 0.999970 0.000010 0.000010
0.000010 0.999970 0.000010 0.000010
0.000010 0.999970 0.000010 0.000010
0.000010 0.999970 0.000010 0.000010
