0.619174 0.000010 0.000010 0.000010 0.380756 0.000010 0.000010 0.000010 0.000010
0.637725 0.000010 0.000010 0.000010 0.362205 0.000010 0.000010 0.000010 0.000010
0.579392 0.000010 0.000014 0.000010 0.420534 0.000010 0.000010 0.000010 0.000010
0.629791 0.000010 0.000010 0.000010 0.370139 0.000010 0.000010 0.000010 0.000010
0.581690 0.000010 0.000010 0.000010 0.418240 0.000010 0.000010 0.000010 0.000010
0.587941 0.000010 0.000010 0.000010 0.411989 0.000010 0.000010 0.000010 0.000010
0.642403 0.000010 0.000010 0.000010 0.357527 0.000010 0.000010 0.000010 0.000010
0.624522 0.000014 0.000010 0.000010 0.375403 0.000010 0.000010 0.000010 0.000010
0.641540 0.000010 0.000010 0.000010 0.358390 0.000010 0.000010 0.000010 0.000010
0.591189 0.000010 0.000010 0.000010 0.408741 0.000010 0.000010 0.000010 0.000010
0.610244 0.000010 0.000010 0.000010 0.389686 0.000010 0.000010 0.000010 0.000010
0.651948 0.000010 0.000010 0.000010 0.347982 0.000010 0.000010 0.000010 0.000010
0.579152 0.000010 0.000010 0.000010 0.420778 0.000010 0.000010 0.000010 0.000010
0.569043 0.000010 0.000010 0.000010 0.430887 0.000010 0.000010 0.000010 0.000010
0.599656 0.000010 0.000010 0.000010 0.400274 0.000010 0.000010 0.000010 0.000010
0.612626 0.000010 0.000010 0.000010 0.387304 0.000010 0.000010 0.000010 0.000010
0.605455 0.000010 0.000010 0.000010 0.394475 0.000010 0.000010 0.000010 0.000010
0.632160 0.000010 0.000010 0.000010 0.367770 0.000010 0.000010 0.000010 0.000010
0.588267 0.000010 0.000010 0.000010 0.411663 0.000010 0.000010 0.000010 0.000010
0.613070 0.000012 0.000010 0.000010 0.386858 0.000010 0.000010 0.000010 0.000010
0.593381 0.000010 0.000010 0.000010 0.406549 0.000010 0.000010 0.000010 0.000010
0.605316 0.000010 0.000010 0.000010 0.394606 0.000018 0.000010 0.000010 0.000010
0.603375 0.000010 0.000010 0.000010 0.396555 0.000010 0.000010 0.000010 0.000010
0.612203 0.000010 0.000010 0.000010 0.387727 0.000010 0.000010 0.000010 0.000010
0.582151 0.000010 0.000010 0.000010 0.417779 0.000010 0.000010 0.000010 0.000010
0.585748 0.000015 0.000010 0.000010 0.414178 0.000010 0.000010 0.000010 0.000010
0.643388 0.000010 0.000010 0.000010 0.356542 0.000010 0.000010 0.000010 0.000010
0.665731 0.000010 0.000010 0.000010 0.334199 0.000010 0.000010 0.000010 0.000010
0.627248 0.000010 0.000010 0.000010 0.372682 0.000010 0.000010 0.000010 0.000010
0.608064 0.000010 0.000013 0.000010 0.391864 0.000010 0.000010 0.000010 0.000010
0.667107 0.000010 0.000010 0.000010 0.332823 0.000010 0.000010 0.000010 0.000010
0.627889 0.000010 0.000010 0.000010 0.372041 0.000010 0.000010 0.000010 0.000010
0.677361 0.000011 0.000010 0.000010 0.322569 0.000010 0.000010 0.000010 0.000010
0.651329 0.000010 0.000010 0.000010 0.348601 0.000010 0.000010 0.000010 0.000010
0.582186 0.000010 0.000010 0.000010 0.417744 0.000010 0.000010 0.000010 0.000010
0.641568 0.000010 0.000010 0.000010 0.358362 0.000010 0.000010 0.000010 0.000010
0.648061 0.000010 0.000010 0.000010 0.351869 0.000010 0.000010 0.000010 0.000010
0.625053 0.000010 0.000010 0.000010 0.374877 0.000010 0.000010 0.000010 0.000010
0.610074 0.000010 0.000010 0.000010 0.389856 0.000010 0.000010 0.000010 0.000010
0.590557 0.000010 0.000010 0.000010 0.409373 0.000010 0.000010 0.000010 0.000010
0.659021 0.000010 0.000010 0.000010 0.340909 0.000010 0.000010 0.000010 0.000010
0.636710 0.000010 0.000010 0.000010 0.363220 0.000010 0.000010 0.000010 0.000010
0.656083 0.000010 0.000010 0.000010 0.343847 0.000010 0.000010 0.000010 0.000010
0.634165 0.000010 0.000010 0.000010 0.365765 0.000010 0.000010 0.000010 0.000010
0.594554 0.000010 0.000010 0.000010 0.405376 0.000010 0.000010 0.000010 0.000010
0.631793 0.000010 0.000010 0.000010 0.368137 0.000010 0.000010 0.000010 0.000010
0.629643 0.000010 0.000010 0.000010 0.370287 0.000010 0.000010 0.000010 0.000010
0.659291 0.000010 0.000010 0.000010 0.340639 0.000010 0.000010 0.000010 0.000010
0.613086 0.000010 0.000010 0.000010 0.386844 0.000010 0.000010 0.000010 0.000010
0.628599 0.000010 0.000010 0.000010 0.371331 0.000010 0.000010 0.000010 0.000010
0.658371 0.000010 0.000010 0.000010 0.341559 0.000010 0.000010 0.000010 0.000010
0.611363 0.000010 0.000010 0.000010 0.388567 0.000010 0.000010 0.000010 0.000010
0.000010 0.000010 0.000010 0.000010 0.993916 0.001256 0.000010 0.004768 0.000010
0.000010 0.000010 0.000010 0.000010 0.995634 0.000010 0.000010 0.004296 0.000010
0.107124 0.000010 0.000010 0.000010 0.892806 0.000010 0.000010 0.000010 0.000010
0.000010 0.000010 0.000010 0.000010 0.997232 0.002698 0.000010 0.000010 0.000010
0.000010 0.000010 0.000010 0.000010 0.989328 0.004236 0.000010 0.004594 0.001793
0.000010 0.000010 0.000010 0.000010 0.988745 0.011185 0.000010 0.000010 0.000010
0.000010 0.000010 0.000010 0.000010 0.996325 0.003605 0.000010 0.000010 0.000010
0.000010 0.000010 0.000010 0.000010 0.990221 0.004280 0.000010 0.005439 0.000010
0.209479 0.000010 0.000010 0.000010 0.759721 0.000010 0.000010 0.000010 0.030740
0.000010 0.000010 0.000010 0.000010 0.991306 0.005879 0.000010 0.002755 0.000010
0.000010 0.000010 0.000010 0.000010 0.999920 0.000010 0.000010 0.000010 0.000010
0.000010 0.000010 0.000010 0.000010 0.994170 0.005760 0.000010 0.000010 0.000010
0.000010 0.000010 0.000010 0.000010 0.999920 0.000010 0.000010 0.000010 0.000010
0.000010 0.000016 0.000010 0.000010 0.995952 0.003972 0.000010 0.000010 0.000010
0.000010 0.000010 0.000010 0.000010 0.999920 0.000010 0.000010 0.000010 0.000010
0.038612 0.002246 0.000010 0.000010 0.956946 0.000010 0.000010 0.002146 0.000010
0.099124 0.002491 0.000010 0.000010 0.882175 0.000010 0.000010 0.000010 0.016160
0.667159 0.000010 0.000010 0.000010 0.332771 0.000010 0.000010 0.000010 0.000010
0.673648 0.000010 0.000010 0.000010 0.326282 0.000010 0.000010 0.000010 0.000010
0.657617 0.000010 0.000010 0.000010 0.342313 0.000010 0.000010 0.000010 0.000010
0.622285 0.000010 0.000010 0.000010 0.377645 0.000010 0.000010 0.000010 0.000010
0.662700 0.000010 0.000010 0.000010 0.337230 0.000010 0.000010 0.000010 0.000010
0.663194 0.000018 0.000010 0.000010 0.336729 0.000010 0.000010 0.000010 0.000010
0.640170 0.000010 0.000010 0.000010 0.359760 0.000010 0.000010 0.000010 0.000010
0.645345 0.000010 0.000010 0.000010 0.354585 0.000010 0.000010 0.000010 0.000010
0.626250 0.000010 0.000010 0.000010 0.373680 0.000010 0.000010 0.000010 0.000010
0.668967 0.000010 0.000010 0.000010 0.330963 0.000010 0.000010 0.000010 0.000010
0.627241 0.000010 0.000010 0.000010 0.372689 0.000010 0.000010 0.000010 0.000010
0.639254 0.000010 0.000010 0.000010 0.360676 0.000010 0.000010 0.000010 0.000010
0.675739 0.000010 0.000010 0.000010 0.324191 0.000010 0.000010 0.000010 0.000010
0.642757 0.000010 0.000010 0.000010 0.357168 0.000015 0.000010 0.000010 0.000010
0.679896 0.000010 0.000010 0.000010 0.320034 0.000010 0.000010 0.000010 0.000010
0.654086 0.000010 0.000010 0.000010 0.345844 0.000010 0.000010 0.000010 0.000010
0.712695 0.000010 0.000010 0.000010 0.287235 0.000010 0.000010 0.000010 0.000010
0.624915 0.000010 0.000010 0.000010 0.375015 0.000010 0.000010 0.000010 0.000010
0.640591 0.000010 0.000010 0.000010 0.359339 0.000010 0.000010 0.000010 0.000010
0.696830 0.000010 0.000010 0.000010 0.303100 0.000010 0.000010 0.000010 0.000010
0.643917 0.000010 0.000010 0.000010 0.356013 0.000010 0.000010 0.000010 0.000010
0.645314 0.000010 0.000010 0.000010 0.354616 0.000010 0.000010 0.000010 0.000010
0.656678 0.000010 0.000010 0.000010 0.343252 0.000010 0.000010 0.000010 0.000010
0.655210 0.000018 0.000010 0.000010 0.344712 0.000010 0.000010 0.000010 0.000010
0.661914 0.000010 0.000010 0.000010 0.338016 0.000010 0.000010 0.000010 0.000010
0.624892 0.000010 0.000010 0.000010 0.375038 0.000010 0.000010 0.000010 0.000010
0.660244 0.000010 0.000010 0.000010 0.339686 0.000010 0.000010 0.000010 0.000010
0.639201 0.000010 0.000010 0.000010 0.360729 0.000010 0.000010 0.000010 0.000010
0.690063 0.000010 0.000010 0.000010 0.309867 0.000010 0.000010 0.000010 0.000010
0.633365 0.000016 0.000010 0.000010 0.366558 0.000010 0.000011 0.000010 0.000010
0.619015 0.000010 0.000010 0.000010 0.380915 0.000010 0.000010 0.000010 0.000010
0.000010 0.000010 0.000010 0.000010 0.999920 0.000010 0.000010 0.000010 0.000010
0.000010 0.000010 0.000010 0.000010 0.999920 0.000010 0.000010 0.000010 0.000010
0.042292 0.000010 0.000010 0.000010 0.957638 0.000010 0.000010 0.000010 0.000010
0.000010 0.000010 0.000010 0.000010 0.999920 0.000010 0.000010 0.000010 0.000010
0.000010 0.003991 0.000010 0.000010 0.995939 0.000010 0.000010 0.000010 0.000010
0.000010 0.010141 0.000010 0.000010 0.974204 0.015595 0.000010 0.000010 0.000010
0.037509 0.000010 0.000010 0.000010 0.962421 0.000010 0.000010 0.000010 0.000010
0.000010 0.000010 0.000010 0.000010 0.999920 0.000010 0.000010 0.000010 0.000010
0.045375 0.000010 0.000010 0.000010 0.954547 0.000010 0.000010 0.000018 0.000010
0.000010 0.000010 0.000010 0.000010 0.999920 0.000010 0.000010 0.000010 0.000010
0.169477 0.000010 0.000010 0.000010 0.830453 0.000010 0.000010 0.000010 0.000010
0.000010 0.000010 0.000010 0.000010 0.999920 0.000010 0.000010 0.000010 0.000010
0.000010 0.000010 0.000010 0.000010 0.999920 0.000010 0.000010 0.000010 0.000010
0.000010 0.001971 0.000010 0.000010 0.997959 0.000010 0.000010 0.000010 0.000010
0.000010 0.000010 0.000010 0.000010 0.999920 0.000010 0.000010 0.000010 0.000010
0.000012 0.000013 0.000010 0.000010 0.999915 0.000010 0.000010 0.000010 0.000010
0.000010 0.000010 0.000010 0.000010 0.999920 0.000010 0.000010 0.000010 0.000010
0.000010 0.000010 0.000010 0.000010 0.987813 0.000010 0.000010 0.000010 0.012117
0.000010 0.000010 0.000010 0.000010 0.998439 0.000010 0.000010 0.000010 0.001491
0.000014 0.000010 0.000010 0.000010 0.999579 0.000010 0.000010 0.000010 0.000347
0.077845 0.000010 0.000010 0.000010 0.922085 0.000010 0.000010 0.000010 0.000010
0.000010 0.000010 0.000010 0.000010 0.988926 0.011004 0.000010 0.000010 0.000010
0.000010 0.000010 0.000010 0.000010 0.999920 0.000010 0.000010 0.000010 0.000010
0.008258 0.000015 0.000010 0.000010 0.991664 0.000010 0.000010 0.000013 0.000010
0.166676 0.000010 0.000010 0.000010 0.833254 0.000010 0.000010 0.000010 0.000010
0.000015 0.000010 0.000010 0.000010 0.998042 0.001883 0.000010 0.000010 0.000010
0.000010 0.000010 0.000010 0.000010 0.999139 0.000010 0.000010 0.000791 0.000010
0.000010 0.000010 0.000010 0.000010 0.999920 0.000010 0.000010 0.000010 0.000010
0.000010 0.000010 0.000010 0.000010 0.999920 0.000010 0.000010 0.000010 0.000010
0.041726 0.004460 0.000010 0.000010 0.953753 0.000010 0.000010 0.000010 0.000010
0.000010 0.008961 0.000010 0.000010 0.990969 0.000010 0.000010 0.000010 0.000010
0.000010 0.005345 0.000010 0.000010 0.994585 0.000010 0.000010 0.000010 0.000010
0.000015 0.000010 0.000010 0.000010 0.999915 0.000010 0.000010 0.000010 0.000010
0.000010 0.000010 0.000010 0.000010 0.999918 0.000012 0.000010 0.000010 0.000010
0.000010 0.000010 0.000010 0.000010 0.999920 0.000010 0.000010 0.000010 0.000010
0.000010 0.000010 0.000010 0.000010 0.999920 0.000010 0.000010 0.000010 0.000010
0.000010 0.000010 0.000010 0.000010 0.999920 0.000010 0.000010 0.000010 0.000010
0.049634 0.000010 0.000010 0.000010 0.950296 0.000010 0.000010 0.000010 0.000010
0.025341 0.000010 0.000010 0.000010 0.974589 0.000010 0.000010 0.000010 0.000010
0.000010 0.000010 0.000010 0.000010 0.998977 0.000953 0.000010 0.000010 0.000010
0.001972 0.000010 0.000010 0.000010 0.987072 0.001231 0.000010 0.000010 0.009675
0.058613 0.000010 0.000010 0.000010 0.941317 0.000010 0.000010 0.000010 0.000010
0.000010 0.000010 0.000010 0.000010 0.999911 0.000010 0.000010 0.000019 0.000010
0.000010 0.000010 0.000010 0.000010 0.982713 0.017217 0.000010 0.000010 0.000010
0.095583 0.000010 0.000010 0.000010 0.904347 0.000010 0.000010 0.000010 0.000010
0.000010 0.000010 0.000010 0.000010 0.999920 0.000010 0.000010 0.000010 0.000010
0.040888 0.000010 0.000010 0.000010 0.947044 0.000010 0.000010 0.000010 0.012008
0.178241 0.000010 0.000010 0.000010 0.772545 0.000010 0.000010 0.000010 0.049155
0.000010 0.000010 0.000010 0.000010 0.996848 0.003082 0.000010 0.000010 0.000010
0.000010 0.001323 0.000010 0.000010 0.998607 0.000010 0.000010 0.000010 0.000010
0.271472 0.000010 0.000010 0.000010 0.728458 0.000010 0.000010 0.000010 0.000010
0.000010 0.000010 0.000010 0.000010 0.999920 0.000010 0.000010 0.000010 0.000010
0.025561 0.000010 0.000010 0.000010 0.974369 0.000010 0.000010 0.000010 0.000010
0.000010 0.000010 0.000010 0.000010 0.999920 0.000010 0.000010 0.000010 0.000010
0.223544 0.000010 0.000010 0.000010 0.775738 0.000010 0.000010 0.000010 0.000659
0.000010 0.000010 0.000010 0.000010 0.999920 0.000010 0.000010 0.000010 0.000010
0.000010 0.000010 0.000010 0.000010 0.999920 0.000010 0.000010 0.000010 0.000010
0.079329 0.000010 0.000010 0.000010 0.920601 0.000010 0.000010 0.000010 0.000010
0.000010 0.004508 0.000010 0.000010 0.995422 0.000010 0.000010 0.000010 0.000010
0.007580 0.000010 0.000010 0.000010 0.992350 0.000010 0.000010 0.000010 0.000010
0.000010 0.000010 0.000010 0.000010 0.998270 0.000010 0.000010 0.001660 0.000010
0.000010 0.000010 0.000010 0.000010 0.999917 0.000013 0.000010 0.000010 0.000010
0.000010 0.000010 0.000010 0.000010 0.999917 0.000010 0.000010 0.000013 0.000010
0.000010 0.000010 0.000010 0.000010 0.992362 0.000013 0.000010 0.000010 0.007565
0.000010 0.000010 0.000010 0.000010 0.999920 0.000010 0.000010 0.000010 0.000010
0.000010 0.000013 0.000010 0.000010 0.996877 0.003049 0.000010 0.000010 0.000010
0.000010 0.000010 0.000010 0.000010 0.999920 0.000010 0.000010 0.000010 0.000010
0.009339 0.000010 0.000010 0.000010 0.989905 0.000696 0.000010 0.000010 0.000010
0.000010 0.000010 0.000010 0.000010 0.999920 0.000010 0.000010 0.000010 0.000010
0.000010 0.000010 0.000010 0.000010 0.999920 0.000010 0.000010 0.000010 0.000010
0.000010 0.000010 0.000010 0.000010 0.995565 0.000010 0.000010 0.004365 0.000010
0.000010 0.000010 0.000010 0.000010 0.999916 0.000010 0.000010 0.000014 0.000010
0.000010 0.000010 0.000010 0.000010 0.990212 0.009718 0.000010 0.000010 0.000010
0.000010 0.000010 0.000010 0.000010 0.999919 0.000011 0.000010 0.000010 0.000010
0.025426 0.000010 0.000010 0.000010 0.974504 0.000010 0.000010 0.000010 0.000010
0.000010 0.000010 0.000010 0.000010 0.999920 0.000010 0.000010 0.000010 0.000010
0.000010 0.000010 0.000010 0.000010 0.999920 0.000010 0.000010 0.000010 0.000010
0.183976 0.000010 0.000010 0.000010 0.815954 0.000010 0.000010 0.000010 0.000010
0.000010 0.000010 0.000010 0.000010 0.999920 0.000010 0.000010 0.000010 0.000010
0.000010 0.000010 0.000010 0.000010 0.999920 0.000010 0.000010 0.000010 0.000010
0.000010 0.000010 0.000010 0.000010 0.999920 0.000010 0.000010 0.000010 0.000010
0.000010 0.000010 0.000010 0.000010 0.999920 0.000010 0.000010 0.000010 0.000010
0.000010 0.616552 0.000010 0.000010 0.000010 0.383378 0.000010 0.000010 0.000010
0.000010 0.574241 0.000010 0.000010 0.000010 0.425688 0.000010 0.000010 0.000010
0.000010 0.647213 0.000010 0.000010 0.000010 0.352717 0.000010 0.000010 0.000010
0.000010 0.641673 0.000010 0.000010 0.000010 0.358257 0.000010 0.000010 0.000010
0.000010 0.627362 0.000010 0.000010 0.000010 0.372568 0.000010 0.000010 0.000010
0.000010 0.642622 0.000010 0.000010 0.000010 0.357308 0.000010 0.000010 0.000010
0.000010 0.645502 0.000010 0.000010 0.000010 0.354428 0.000010 0.000010 0.000010
0.000019 0.572569 0.000010 0.000010 0.000010 0.427352 0.000010 0.000010 0.000010
0.000010 0.636384 0.000010 0.000010 0.000010 0.363546 0.000010 0.000010 0.000010
0.000010 0.623902 0.000010 0.000010 0.000010 0.376028 0.000010 0.000010 0.000010
0.000010 0.632253 0.000010 0.000010 0.000010 0.367676 0.000011 0.000010 0.000010
0.000010 0.616907 0.000010 0.000010 0.000010 0.383023 0.000010 0.000010 0.000010
0.000010 0.636937 0.000010 0.000010 0.000010 0.362993 0.000010 0.000010 0.000010
0.000010 0.604321 0.000010 0.000010 0.000010 0.395609 0.000010 0.000010 0.000010
0.000010 0.619811 0.000010 0.000010 0.000010 0.380119 0.000010 0.000010 0.000010
0.000015 0.613450 0.000010 0.000010 0.000010 0.386474 0.000010 0.000010 0.000010
0.000010 0.616220 0.000010 0.000010 0.000010 0.383710 0.000010 0.000010 0.000010
0.000011 0.617188 0.000010 0.000010 0.000019 0.382732 0.000010 0.000010 0.000010
0.000011 0.575808 0.000010 0.000010 0.000010 0.424122 0.000010 0.000010 0.000010
0.000010 0.635355 0.000010 0.000010 0.000010 0.364575 0.000010 0.000010 0.000010
0.000010 0.642025 0.000010 0.000010 0.000010 0.357905 0.000010 0.000010 0.000010
0.000010 0.622497 0.000010 0.000010 0.000010 0.377433 0.000010 0.000010 0.000010
0.000010 0.639037 0.000010 0.000010 0.000010 0.360893 0.000010 0.000010 0.000010
0.000010 0.604422 0.000010 0.000010 0.000010 0.395508 0.000010 0.000010 0.000010
0.000010 0.645236 0.000010 0.000010 0.000010 0.354694 0.000010 0.000010 0.000010
0.000010 0.641011 0.000010 0.000010 0.000010 0.358919 0.000010 0.000010 0.000010
0.000010 0.609168 0.000010 0.000010 0.000016 0.390756 0.000010 0.000010 0.000010
0.000010 0.624859 0.000010 0.000010 0.000010 0.375071 0.000010 0.000010 0.000010
0.000010 0.637194 0.000010 0.000010 0.000014 0.362732 0.000010 0.000010 0.000010
0.000010 0.636715 0.000010 0.000010 0.000010 0.363215 0.000010 0.000010 0.000010
0.000010 0.556925 0.000010 0.000010 0.000010 0.443005 0.000010 0.000010 0.000010
0.000010 0.656755 0.000010 0.000010 0.000014 0.343172 0.000010 0.000010 0.000010
0.000010 0.573064 0.000010 0.000010 0.000010 0.426866 0.000010 0.000010 0.000010
0.000010 0.611783 0.000010 0.000010 0.000010 0.388147 0.000010 0.000010 0.000010
0.000010 0.676384 0.000010 0.000010 0.000010 0.323546 0.000010 0.000010 0.000010
0.000010 0.639011 0.000010 0.000010 0.000010 0.360919 0.000010 0.000010 0.000010
0.000010 0.632042 0.000010 0.000010 0.000010 0.367888 0.000010 0.000010 0.000010
0.000010 0.658617 0.000010 0.000010 0.000010 0.341313 0.000010 0.000010 0.000010
0.000010 0.614719 0.000010 0.000010 0.000010 0.385210 0.000010 0.000010 0.000010
0.000010 0.616019 0.000012 0.000010 0.000010 0.383909 0.000010 0.000010 0.000010
0.000010 0.656737 0.000010 0.000010 0.000010 0.343193 0.000010 0.000010 0.000010
0.757739 0.000010 0.061874 0.014031 0.000010 0.000010 0.000010 0.166305 0.000010
0.613115 0.000010 0.100608 0.032600 0.000010 0.000010 0.042401 0.211235 0.000010
0.795805 0.000010 0.030590 0.000010 0.000010 0.000010 0.043438 0.122721 0.007406
0.000010 0.557797 0.000010 0.000010 0.000010 0.442133 0.000010 0.000010 0.000010
0.000010 0.562659 0.000010 0.000010 0.000010 0.437269 0.000012 0.000010 0.000010
0.000010 0.484632 0.000010 0.000010 0.000010 0.515298 0.000010 0.000010 0.000010
0.000010 0.611973 0.000010 0.000010 0.000010 0.387957 0.000010 0.000010 0.000010
0.000010 0.574450 0.000010 0.000010 0.000010 0.425480 0.000010 0.000010 0.000010
0.000014 0.576677 0.000010 0.000010 0.000010 0.423249 0.000010 0.000010 0.000010
0.000010 0.547243 0.000010 0.000010 0.000010 0.452687 0.000010 0.000010 0.000010
0.000010 0.719141 0.000010 0.000010 0.000010 0.280789 0.000010 0.000010 0.000010
0.000010 0.580268 0.000010 0.000010 0.000014 0.419659 0.000010 0.000010 0.000010
0.000010 0.680019 0.000010 0.000013 0.000010 0.319908 0.000010 0.000010 0.000010
0.002033 0.341244 0.000010 0.000010 0.000010 0.645869 0.000010 0.010803 0.000010
0.000010 0.544240 0.000010 0.000010 0.000010 0.455690 0.000010 0.000010 0.000010
0.000010 0.559394 0.000010 0.000010 0.000010 0.440536 0.000010 0.000010 0.000010
0.000010 0.534973 0.000014 0.000010 0.000010 0.464953 0.000010 0.000010 0.000010
0.000010 0.613512 0.000010 0.000010 0.000010 0.386418 0.000010 0.000010 0.000010
0.000010 0.479840 0.000010 0.000010 0.000017 0.520083 0.000010 0.000010 0.000010
0.000010 0.584830 0.000010 0.000010 0.000010 0.415100 0.000010 0.000010 0.000010
0.000010 0.540251 0.000010 0.000010 0.000010 0.459679 0.000010 0.000010 0.000010
0.000010 0.551676 0.000010 0.000010 0.000010 0.448250 0.000010 0.000013 0.000010
0.000010 0.564188 0.000010 0.000010 0.000010 0.435742 0.000010 0.000010 0.000010
0.000010 0.612905 0.000010 0.000010 0.000017 0.387018 0.000010 0.000010 0.000010
0.000010 0.575656 0.000010 0.000010 0.000010 0.424274 0.000010 0.000010 0.000010
0.000010 0.617137 0.000010 0.000010 0.000010 0.382793 0.000010 0.000010 0.000010
0.000010 0.613112 0.000010 0.000010 0.000010 0.386818 0.000010 0.000010 0.000010
0.015239 0.548656 0.000010 0.030223 0.005247 0.400596 0.000010 0.000010 0.000010
0.000010 0.563752 0.000010 0.000010 0.000010 0.436178 0.000010 0.000010 0.000010
0.000010 0.682999 0.000010 0.000010 0.000010 0.316931 0.000010 0.000010 0.000010
0.000010 0.564769 0.000010 0.000010 0.000010 0.435161 0.000010 0.000010 0.000010
0.000010 0.632789 0.000010 0.000010 0.000010 0.367141 0.000010 0.000010 0.000010
0.000010 0.585726 0.000010 0.000010 0.000010 0.414204 0.000010 0.000010 0.000010
0.000010 0.610033 0.000010 0.000010 0.000010 0.389897 0.000010 0.000010 0.000010
0.000010 0.624475 0.000010 0.000010 0.000010 0.375455 0.000010 0.000010 0.000010
0.000010 0.590725 0.000010 0.000010 0.000010 0.409205 0.000010 0.000010 0.000010
0.712291 0.000010 0.106904 0.040843 0.000010 0.000010 0.000010 0.139911 0.000010
0.671024 0.000010 0.091792 0.052869 0.000010 0.000010 0.019011 0.158877 0.006398
0.797957 0.000010 0.039876 0.025997 0.000010 0.000010 0.000010 0.130531 0.005599
0.745276 0.000010 0.029581 0.042685 0.000010 0.000015 0.000010 0.171567 0.010845
0.000014 0.784631 0.000010 0.000010 0.000010 0.215295 0.000010 0.000010 0.000010
0.000018 0.739377 0.000010 0.000010 0.000014 0.260534 0.000010 0.000017 0.000010
0.000010 0.749624 0.000010 0.000010 0.000010 0.250306 0.000010 0.000010 0.000010
0.000010 0.714650 0.000010 0.000010 0.000010 0.285280 0.000010 0.000010 0.000010
0.000010 0.729044 0.000010 0.000010 0.000010 0.270886 0.000010 0.000010 0.000010
0.000010 0.763747 0.000013 0.000010 0.000010 0.236181 0.000010 0.000010 0.000010
0.000010 0.739343 0.000010 0.000010 0.000010 0.260587 0.000010 0.000010 0.000010
0.000010 0.742147 0.000010 0.000010 0.000010 0.257783 0.000010 0.000010 0.000010
0.000010 0.748818 0.000010 0.000010 0.000013 0.251107 0.000010 0.000012 0.000010
0.000010 0.735864 0.000010 0.000010 0.000010 0.264066 0.000010 0.000010 0.000010
0.000010 0.729462 0.000010 0.000010 0.000014 0.270464 0.000010 0.000010 0.000010
0.000010 0.730728 0.000010 0.000010 0.000010 0.269200 0.000010 0.000011 0.000010
0.000018 0.723192 0.000010 0.000010 0.000010 0.276730 0.000010 0.000010 0.000010
0.000010 0.765915 0.000010 0.000010 0.000010 0.234015 0.000010 0.000010 0.000010
0.000010 0.756256 0.000010 0.000010 0.000010 0.243674 0.000010 0.000010 0.000010
0.000010 0.722467 0.000010 0.000010 0.000010 0.277463 0.000010 0.000010 0.000010
0.000010 0.764732 0.000010 0.000010 0.000010 0.235198 0.000010 0.000010 0.000010
0.000010 0.692425 0.000010 0.000010 0.000010 0.307505 0.000010 0.000010 0.000010
0.000010 0.701494 0.000010 0.000010 0.000010 0.298436 0.000010 0.000010 0.000010
0.000010 0.753702 0.000010 0.000010 0.000010 0.246228 0.000011 0.000010 0.000010
0.000010 0.722835 0.000010 0.000010 0.000010 0.277095 0.000010 0.000010 0.000010
0.000010 0.756557 0.000010 0.000010 0.000010 0.243373 0.000010 0.000010 0.000010
0.000010 0.729355 0.000010 0.000010 0.000010 0.270575 0.000010 0.000010 0.000010
0.000010 0.752198 0.000010 0.000010 0.000010 0.247732 0.000010 0.000010 0.000010
0.000010 0.760211 0.000010 0.000010 0.000010 0.239719 0.000010 0.000010 0.000010
0.000010 0.746700 0.000010 0.000010 0.000010 0.253230 0.000010 0.000010 0.000010
0.897561 0.000010 0.011746 0.000010 0.000010 0.000010 0.002125 0.088518 0.000010
0.812240 0.000010 0.038016 0.000010 0.000010 0.006788 0.007145 0.135727 0.000054
0.677284 0.000010 0.055642 0.040059 0.000010 0.000010 0.004031 0.222944 0.000010
0.833342 0.000010 0.028664 0.018269 0.000010 0.000010 0.003987 0.115697 0.000010
0.807661 0.000010 0.051107 0.019608 0.000010 0.000010 0.000010 0.121575 0.000010
0.779023 0.000010 0.019011 0.026869 0.117102 0.000010 0.000010 0.057955 0.000010
0.726743 0.000588 0.058346 0.037125 0.000010 0.000010 0.018500 0.158669 0.000010
0.885321 0.000010 0.045245 0.003837 0.000012 0.000010 0.000010 0.065143 0.000412
0.674569 0.000010 0.027694 0.056607 0.000010 0.000010 0.000010 0.241080 0.000010
0.000010 0.999920 0.000010 0.000010 0.000010 0.000010 0.000010 0.000010 0.000010
0.000010 0.999920 0.000010 0.000010 0.000010 0.000010 0.000010 0.000010 0.000010
0.000010 0.999910 0.000010 0.000010 0.000010 0.000020 0.000010 0.000010 0.000010
0.000010 0.999920 0.000010 0.000010 0.000010 0.000010 0.000010 0.000010 0.000010
0.000010 0.999920 0.000010 0.000010 0.000010 0.000010 0.000010 0.000010 0.000010
0.000010 0.999920 0.000010 0.000010 0.000010 0.000010 0.000010 0.000010 0.000010
0.000010 0.999920 0.000010 0.000010 0.000010 0.000010 0.000010 0.000010 0.000010
0.000010 0.999920 0.000010 0.000010 0.000010 0.000010 0.000010 0.000010 0.000010
0.000010 0.982903 0.000010 0.000010 0.000010 0.017027 0.000010 0.000010 0.000010
0.000010 0.999920 0.000010 0.000010 0.000010 0.000010 0.000010 0.000010 0.000010
0.000010 0.999920 0.000010 0.000010 0.000010 0.000010 0.000010 0.000010 0.000010
0.000010 0.999920 0.000010 0.000010 0.000010 0.000010 0.000010 0.000010 0.000010
0.000010 0.999920 0.000010 0.000010 0.000010 0.000010 0.000010 0.000010 0.000010
0.000010 0.999920 0.000010 0.000010 0.000010 0.000010 0.000010 0.000010 0.000010
0.819776 0.000010 0.027610 0.048038 0.000010 0.000010 0.000010 0.104527 0.000010
0.736936 0.000010 0.063221 0.027781 0.000010 0.000010 0.019231 0.152791 0.000010
0.634512 0.000010 0.058988 0.106652 0.000010 0.000010 0.060794 0.139014 0.000010
0.582894 0.000010 0.094694 0.055435 0.000010 0.000010 0.059548 0.207389 0.000010
0.586868 0.000010 0.058224 0.122710 0.000010 0.000010 0.035585 0.187717 0.008865
0.765404 0.000010 0.035320 0.005109 0.000010 0.000010 0.012455 0.181672 0.000010
0.762122 0.000010 0.059123 0.041420 0.000010 0.000010 0.019831 0.117464 0.000010
0.708446 0.000010 0.056004 0.069210 0.000010 0.000010 0.000010 0.163183 0.003117
0.788188 0.000010 0.055518 0.012396 0.000010 0.000010 0.019529 0.124328 0.000010
0.784816 0.000010 0.063770 0.000010 0.000010 0.000016 0.000010 0.151348 0.000010
0.496535 0.000010 0.091664 0.208118 0.000010 0.000010 0.044056 0.140602 0.018995
0.705240 0.000010 0.076642 0.070874 0.000010 0.000010 0.023232 0.123972 0.000010
0.787494 0.000010 0.036908 0.002435 0.000010 0.000010 0.023950 0.149173 0.000010
0.764019 0.000010 0.062155 0.000010 0.000010 0.000010 0.014563 0.158452 0.000772
0.752058 0.000010 0.060065 0.006799 0.000010 0.000010 0.008951 0.172087 0.000010
0.789662 0.000010 0.043626 0.000010 0.000010 0.000010 0.000010 0.166652 0.000010
0.774297 0.000010 0.055568 0.000818 0.000010 0.000010 0.016959 0.152318 0.000010
0.762498 0.000010 0.018823 0.020999 0.000010 0.000010 0.030477 0.167163 0.000010
0.854248 0.000010 0.034194 0.034342 0.000010 0.000010 0.015809 0.061368 0.000010
0.607398 0.000010 0.093778 0.057661 0.000010 0.000010 0.043513 0.195372 0.002248
0.700855 0.000010 0.093939 0.036187 0.000010 0.000010 0.026867 0.139677 0.002444
0.691270 0.000010 0.011709 0.055647 0.000010 0.000010 0.013571 0.227763 0.000010
0.622200 0.000010 0.064641 0.112800 0.000010 0.000010 0.020569 0.179750 0.000010
0.739536 0.000010 0.053643 0.030222 0.000010 0.000010 0.003129 0.173429 0.000010
0.740067 0.000010 0.079825 0.029773 0.000010 0.000010 0.012354 0.130559 0.007392
0.675912 0.000010 0.031846 0.048285 0.000010 0.000010 0.044989 0.198927 0.000010
0.697078 0.003396 0.076283 0.051147 0.000010 0.000010 0.046221 0.124255 0.001601
0.697482 0.000010 0.026774 0.067335 0.000010 0.000010 0.047988 0.157163 0.003228
0.610279 0.000571 0.111695 0.093674 0.000010 0.000010 0.048984 0.130609 0.004169
0.736060 0.000010 0.068262 0.057676 0.000010 0.000010 0.000010 0.137952 0.000010
0.750566 0.000010 0.033616 0.047581 0.000010 0.000010 0.026168 0.142029 0.000010
0.743025 0.000010 0.071893 0.000010 0.000010 0.000010 0.014219 0.170812 0.000010
0.764159 0.000010 0.065550 0.017499 0.000010 0.000010 0.004884 0.147868 0.000010
0.681136 0.000010 0.051734 0.069638 0.000010 0.000010 0.019454 0.177998 0.000010
0.693136 0.000010 0.107829 0.038445 0.000010 0.000010 0.016913 0.143637 0.000010
0.785716 0.009037 0.049709 0.021927 0.000010 0.000010 0.000010 0.128615 0.004966
0.818584 0.000010 0.056236 0.005298 0.009406 0.004983 0.011060 0.088322 0.006101
0.647387 0.000010 0.066179 0.108447 0.000010 0.000010 0.048478 0.129469 0.000010
0.279573 0.000010 0.271607 0.333458 0.000010 0.000010 0.040246 0.075077 0.000010
0.717490 0.000010 0.080041 0.000080 0.000010 0.000010 0.047487 0.150908 0.003963
0.726058 0.000010 0.059364 0.048888 0.000010 0.000010 0.000010 0.165640 0.000010
0.914292 0.000010 0.003151 0.000010 0.000010 0.000010 0.000010 0.082497 0.000010
0.687481 0.000010 0.000010 0.000010 0.000010 0.002857 0.000010 0.309602 0.000010
0.811217 0.003911 0.000010 0.048441 0.000010 0.016804 0.000010 0.119588 0.000010
0.616204 0.000010 0.027109 0.000010 0.000010 0.000010 0.010790 0.324115 0.021742
0.690276 0.000010 0.009008 0.039358 0.000010 0.000010 0.011706 0.249612 0.000010
0.553059 0.000010 0.081250 0.048013 0.000010 0.000010 0.001120 0.316519 0.000010
0.606242 0.000010 0.049329 0.000608 0.000010 0.000010 0.039790 0.285069 0.018932
0.681563 0.000010 0.011712 0.036849 0.000010 0.000010 0.000010 0.269827 0.000010
0.659629 0.000010 0.031766 0.017049 0.000010 0.000010 0.000010 0.287054 0.004462
0.801142 0.000017 0.011306 0.000010 0.000010 0.000010 0.002777 0.174019 0.010709
0.634941 0.000010 0.106436 0.006813 0.000010 0.000010 0.000010 0.247432 0.004338
0.613923 0.000010 0.053994 0.017462 0.000010 0.000010 0.016167 0.298414 0.000010
0.599676 0.000010 0.012866 0.000010 0.000010 0.000010 0.000010 0.387398 0.000010
0.508088 0.000010 0.069665 0.082824 0.000010 0.000010 0.014779 0.324605 0.000010
0.658897 0.000010 0.027903 0.000010 0.000010 0.000010 0.004355 0.308795 0.000010
0.422513 0.000010 0.088109 0.092182 0.000010 0.000010 0.000010 0.387650 0.009507
0.674135 0.000010 0.042524 0.000010 0.000010 0.000010 0.005611 0.277680 0.000010
0.427737 0.000010 0.004813 0.055879 0.000010 0.000010 0.032570 0.472519 0.006452
0.637081 0.000010 0.056462 0.057769 0.000010 0.000010 0.065978 0.182670 0.000010
0.724147 0.000010 0.057395 0.000010 0.000010 0.000010 0.036308 0.170712 0.011397
0.781305 0.000010 0.061177 0.000010 0.000010 0.000010 0.027103 0.130365 0.000010
0.621497 0.000010 0.094381 0.054211 0.000010 0.000010 0.076829 0.153042 0.000010
0.867300 0.000010 0.022836 0.000010 0.000010 0.000010 0.000010 0.072395 0.037418
0.717083 0.000010 0.075120 0.022929 0.000010 0.000010 0.016141 0.168686 0.000010
0.667315 0.000010 0.043389 0.098267 0.000010 0.000010 0.035533 0.155456 0.000010
0.879901 0.000010 0.028429 0.003832 0.000010 0.000010 0.024821 0.062978 0.000010
0.819730 0.000010 0.022427 0.030601 0.000010 0.000010 0.000010 0.127192 0.000010
0.749546 0.000010 0.039843 0.039774 0.000010 0.000010 0.001139 0.169658 0.000010
0.716481 0.001474 0.045833 0.013567 0.000010 0.000010 0.006397 0.216217 0.000010
0.702759 0.000010 0.108954 0.021771 0.000010 0.000010 0.000010 0.166466 0.000010
0.712245 0.000010 0.056793 0.029936 0.000010 0.000010 0.026354 0.174632 0.000010
0.556987 0.000010 0.067350 0.087094 0.000010 0.000010 0.020310 0.268219 0.000010
0.560148 0.000010 0.114159 0.035328 0.000010 0.000010 0.051625 0.238700 0.000010
0.615348 0.000010 0.054538 0.057665 0.000010 0.000010 0.035770 0.236640 0.000010
0.691265 0.000010 0.073162 0.011539 0.000010 0.000010 0.000010 0.223985 0.000010
0.782143 0.000010 0.041787 0.006957 0.000010 0.000010 0.009349 0.159724 0.000010
0.660665 0.000010 0.076600 0.068710 0.000010 0.000010 0.033323 0.160662 0.000010
0.853216 0.000010 0.037800 0.000010 0.000010 0.000010 0.000010 0.104345 0.004588
0.745819 0.000010 0.044515 0.044599 0.000010 0.000010 0.001401 0.147102 0.016534
0.758369 0.000010 0.074799 0.026731 0.000010 0.000010 0.009228 0.130833 0.000010
0.227007 0.000010 0.126937 0.342551 0.000010 0.000010 0.222599 0.080866 0.000010
0.411668 0.000010 0.142996 0.226138 0.000010 0.000010 0.130072 0.066672 0.022424
0.624062 0.000010 0.068344 0.108510 0.000010 0.000010 0.011830 0.187213 0.000010
0.765332 0.000010 0.029842 0.027537 0.000010 0.000010 0.055846 0.115399 0.006014
0.592108 0.000010 0.038067 0.018288 0.000010 0.000010 0.016587 0.334802 0.000119
0.692678 0.005474 0.000010 0.009868 0.000010 0.000010 0.000010 0.291931 0.000010
0.714017 0.000010 0.008560 0.032231 0.000010 0.000010 0.000010 0.245142 0.000010
0.527827 0.000010 0.087849 0.057718 0.000010 0.000010 0.019636 0.301978 0.004963
0.807371 0.000010 0.000010 0.000010 0.000010 0.000010 0.000010 0.192559 0.000010
0.678516 0.000010 0.000010 0.000010 0.000010 0.000010 0.000010 0.321414 0.000010
0.830255 0.005119 0.006224 0.000010 0.000010 0.000010 0.012012 0.146349 0.000010
0.533385 0.000010 0.041859 0.055646 0.000010 0.000010 0.039068 0.330002 0.000010
0.651766 0.000010 0.052073 0.014725 0.000010 0.000010 0.000010 0.281387 0.000010
0.659167 0.000010 0.063934 0.000010 0.000010 0.000010 0.004983 0.268301 0.003574
0.484780 0.000010 0.049701 0.107022 0.000010 0.000010 0.015422 0.327550 0.015496
0.952261 0.000010 0.000010 0.000010 0.000010 0.000010 0.000010 0.047669 0.000010
0.608274 0.000010 0.000010 0.000010 0.000010 0.000010 0.000010 0.390122 0.001543
0.701369 0.000010 0.006046 0.000010 0.000010 0.000011 0.000010 0.292523 0.000010
0.705291 0.000010 0.019941 0.000010 0.000010 0.000010 0.000010 0.274708 0.000010
0.702467 0.000010 0.029211 0.024554 0.000010 0.000010 0.003320 0.240409 0.000010
0.616038 0.000010 0.060644 0.137442 0.000010 0.000010 0.040817 0.145020 0.000010
0.689428 0.000010 0.089656 0.007360 0.000010 0.000010 0.006096 0.202417 0.005013
0.683106 0.003561 0.064049 0.022366 0.000010 0.000010 0.015695 0.195141 0.016062
0.647040 0.000010 0.093729 0.031665 0.000010 0.000010 0.021626 0.198528 0.007381
0.602543 0.000010 0.088139 0.076218 0.000010 0.000010 0.065429 0.167630 0.000010
0.815967 0.007286 0.028748 0.051969 0.000010 0.000010 0.000896 0.094871 0.000243
0.737720 0.000010 0.068348 0.055101 0.000010 0.000010 0.000010 0.138781 0.000010
0.720444 0.000010 0.048192 0.058497 0.000010 0.000010 0.000010 0.169166 0.003660
0.779460 0.000010 0.068825 0.051653 0.000010 0.000010 0.000010 0.100012 0.000010
0.693236 0.000010 0.096001 0.000010 0.000010 0.004298 0.004051 0.202374 0.000010
0.651420 0.000010 0.000010 0.000010 0.348510 0.000010 0.000010 0.000010 0.000010
0.354234 0.000010 0.000010 0.000010 0.010026 0.000010 0.000010 0.616500 0.019189
0.405321 0.000010 0.099864 0.226687 0.007089 0.000010 0.021379 0.239630 0.000010
0.543900 0.000010 0.019542 0.000010 0.000010 0.000010 0.000010 0.436498 0.000010
0.701804 0.000010 0.050245 0.000010 0.000010 0.000010 0.000010 0.247891 0.000010
0.539619 0.000010 0.019816 0.000013 0.000010 0.000010 0.013345 0.414719 0.012458
0.509058 0.000010 0.035628 0.033335 0.000010 0.000010 0.000010 0.421930 0.000010
0.684310 0.000010 0.000010 0.000010 0.000010 0.000010 0.000010 0.315620 0.000010
0.770209 0.000010 0.013099 0.000010 0.000010 0.000010 0.008747 0.207895 0.000010
0.808178 0.000010 0.000010 0.000010 0.000010 0.000010 0.009770 0.181992 0.000010
0.620714 0.000010 0.035424 0.015864 0.000015 0.000010 0.000010 0.327943 0.000010
0.674621 0.000010 0.000010 0.000010 0.000010 0.000010 0.006505 0.318814 0.000010
0.692834 0.000010 0.025825 0.011889 0.000010 0.000010 0.000010 0.269402 0.000010
0.681763 0.000010 0.030103 0.020220 0.000010 0.000010 0.000570 0.261044 0.006269
0.615376 0.000010 0.040688 0.077638 0.000010 0.000010 0.000010 0.256196 0.010062
0.492917 0.000010 0.061514 0.093998 0.000010 0.000010 0.015936 0.335595 0.000010
0.543974 0.000010 0.038526 0.088380 0.006083 0.000010 0.014565 0.296871 0.011581
0.617793 0.007897 0.006781 0.096611 0.000010 0.000010 0.000010 0.270878 0.000010
0.338295 0.000010 0.073186 0.048016 0.000010 0.000010 0.000010 0.540453 0.000010
0.630573 0.000010 0.023260 0.007924 0.000010 0.000010 0.000010 0.338193 0.000010
0.713695 0.000010 0.000010 0.000010 0.000010 0.000010 0.000010 0.286235 0.000010
0.544265 0.000010 0.053237 0.078419 0.000010 0.000010 0.000010 0.324029 0.000010
0.570618 0.000010 0.099502 0.000010 0.000010 0.000010 0.000010 0.329820 0.000010
0.561159 0.000010 0.024977 0.003598 0.000010 0.000010 0.000010 0.410216 0.000010
0.716665 0.000010 0.018600 0.000010 0.000010 0.000010 0.002509 0.262176 0.000010
0.694984 0.000010 0.022610 0.025587 0.000010 0.000010 0.007576 0.249204 0.000010
0.797511 0.000010 0.014153 0.028470 0.000010 0.000010 0.000010 0.152449 0.007376
0.407467 0.000010 0.061316 0.160462 0.000010 0.000010 0.057743 0.312972 0.000010
0.634400 0.000010 0.100937 0.058548 0.000010 0.000010 0.000010 0.206064 0.000010
0.628831 0.000010 0.111111 0.077479 0.000010 0.000010 0.019993 0.154198 0.008357
0.778805 0.000010 0.048624 0.023373 0.000010 0.000010 0.000010 0.149148 0.000010
0.613239 0.000010 0.099986 0.049009 0.000010 0.000010 0.019603 0.216564 0.001569
0.663005 0.000010 0.108286 0.043831 0.000010 0.000010 0.009358 0.175480 0.000010
0.629714 0.000010 0.075262 0.062351 0.000010 0.005313 0.027419 0.193428 0.006494
0.645942 0.000010 0.088173 0.061014 0.000010 0.000010 0.020824 0.173108 0.010909
0.774207 0.000010 0.049380 0.012030 0.000010 0.000010 0.029132 0.121557 0.013663
0.679280 0.000010 0.069807 0.000010 0.000010 0.000010 0.009604 0.241258 0.000010
0.652372 0.000010 0.092850 0.024565 0.000010 0.000010 0.016721 0.200237 0.013224
0.668945 0.000010 0.069104 0.046792 0.000010 0.000010 0.017319 0.189616 0.008195
0.604084 0.000010 0.059926 0.049055 0.000010 0.000010 0.000010 0.286884 0.000010
0.705752 0.000010 0.023913 0.000010 0.000010 0.000013 0.000010 0.262718 0.007564
0.412707 0.000010 0.024927 0.000010 0.000010 0.000010 0.010275 0.541426 0.010624
0.869270 0.000010 0.000010 0.000010 0.000010 0.000010 0.000010 0.130660 0.000010
0.941430 0.000010 0.000010 0.000010 0.000010 0.000010 0.000010 0.054769 0.003741
0.535964 0.000010 0.000010 0.000010 0.000010 0.000010 0.000010 0.436854 0.027122
0.341784 0.000010 0.017214 0.024496 0.000010 0.000010 0.000010 0.605162 0.011304
0.597924 0.001243 0.046269 0.036960 0.000010 0.000010 0.000010 0.317565 0.000010
0.655627 0.000068 0.036007 0.021285 0.000010 0.000010 0.000010 0.263692 0.023291
0.550540 0.000010 0.021753 0.000010 0.000010 0.000010 0.000010 0.427647 0.000010
0.539576 0.000010 0.001658 0.032377 0.000010 0.000010 0.004682 0.419022 0.002655
0.534417 0.000010 0.024370 0.003670 0.000010 0.000010 0.000010 0.437493 0.000010
0.427200 0.000010 0.016638 0.104321 0.000010 0.000010 0.056432 0.394409 0.000971
0.386825 0.000010 0.102442 0.139503 0.000010 0.002469 0.046987 0.321743 0.000010
0.471065 0.000010 0.115622 0.065118 0.000010 0.000010 0.000010 0.348145 0.000010
0.783603 0.000010 0.000010 0.000010 0.000010 0.000010 0.000010 0.216327 0.000010
0.783627 0.000010 0.009495 0.000010 0.000010 0.000010 0.000010 0.206818 0.000010
0.806546 0.000010 0.021046 0.004400 0.000010 0.000013 0.004795 0.163170 0.000010
0.835408 0.000010 0.020751 0.000010 0.000010 0.000010 0.000010 0.143781 0.000010
0.366769 0.000010 0.166763 0.183082 0.000010 0.000010 0.005286 0.278061 0.000010
0.583727 0.000010 0.016513 0.000010 0.000010 0.000196 0.006878 0.385708 0.006947
0.699829 0.000010 0.077556 0.032925 0.000010 0.000010 0.035333 0.154317 0.000010
0.849480 0.000010 0.002857 0.007366 0.000010 0.000010 0.000010 0.131137 0.009120
0.823626 0.000010 0.000013 0.000010 0.000010 0.000010 0.000010 0.176301 0.000010
0.759745 0.000087 0.018199 0.000013 0.000010 0.000012 0.000010 0.221914 0.000010
0.468972 0.000010 0.036643 0.032276 0.000010 0.000010 0.022100 0.439970 0.000010
0.477158 0.000010 0.054489 0.035760 0.000010 0.000010 0.024047 0.408505 0.000010
0.574068 0.000010 0.025611 0.004694 0.000010 0.000010 0.000010 0.395577 0.000010
0.587494 0.000010 0.024164 0.000010 0.000010 0.000010 0.013822 0.374470 0.000010
0.967591 0.000010 0.010628 0.000010 0.000010 0.000010 0.004319 0.000010 0.017412
0.941467 0.000012 0.012811 0.000010 0.039409 0.000010 0.004759 0.000010 0.001513
